1 198 3.0 4.4137373
1 318 3.0 3.9699314
1 367 4.0 2.3398886
1 589 5.0 3.3751302
1 592 3.0 2.9475825
1 608 5.0 3.8831103
1 924 2.0 4.1200194
1 968 4.0 3.8737445
1 996 2.0 3.381883
1 1036 5.0 4.225843
1 1219 5.0 4.3603377
1 1234 5.0 4.1425858
1 1240 5.0 3.4236736
1 1242 3.0 3.1667433
1 1259 3.0 3.7254274
1 1262 4.0 4.3457546
1 1265 4.0 3.9880984
1 1287 3.0 3.9697468
1 1689 3.0 3.646976
1 1799 3.0 1.3818829
1 1892 3.0 3.5689998
1 1954 5.0 2.6407073
1 1982 4.0 5.0
1 2167 3.0 3.2374804
1 2267 3.0 3.5689998
1 2347 3.0 3.5689998
1 2580 3.0 4.398148
1 2692 2.0 3.8962195
1 2716 5.0 3.596671
1 2812 3.0 3.5689998
1 2968 2.0 4.02496
1 2987 3.0 2.5784702
1 3044 4.0 3.6352656
1 3104 4.0 3.5689998
1 3168 3.0 3.8333333
1 3272 1.0 3.1476111
1 3273 3.0 2.652533
1 3682 3.0 3.881883
1 3701 3.0 3.5689998
1 3793 2.0 3.1847992
1 3827 2.0 2.646976
1 3836 3.0 4.8818827
1 3917 4.0 4.1708593
1 3927 3.0 3.5689998
1 4085 4.0 3.6986506
1 4132 3.0 3.5689998
1 5060 5.0 3.9111302
2 50 4.0 4.8080454
2 1374 1.5 4.185266
2 1625 5.0 4.2003107
2 105 5.0 3.5689998
2 349 4.0 3.4504778
2 1101 3.0 2.8954601
2 1375 1.0 2.2384403
2 1377 4.0 3.9932876
2 1923 5.0 3.3564065
2 2384 4.0 3.8412478
2 2396 4.0 4.838495
2 3408 3.0 4.188388
2 3996 3.0 3.992871
3 367 2.0 3.295626
3 1073 5.0 3.068906
3 1721 3.0 3.4998145
3 17 4.0 4.7955217
3 356 5.0 5.0
3 440 4.0 4.2897434
3 588 5.0 4.1048894
3 597 4.0 2.208752
3 1029 5.0 3.5784655
3 1035 5.0 4.8709936
3 1059 1.0 4.2195745
3 1243 2.0 5.0
3 1307 5.0 4.635198
3 1380 5.0 4.4015713
3 2049 5.0 3.5689998
3 2081 4.0 4.7643
3 2096 4.0 4.0772004
4 318 5.0 4.3002815
4 780 4.0 2.5034862
4 1270 3.5 3.66412
4 1527 4.5 3.9396284
4 2804 4.5 3.6314654
4 2858 3.5 3.5378935
4 3147 4.5 3.0654225
4 1285 4.0 3.3411043
4 441 3.0 3.5689998
4 596 2.5 2.5665798
4 1246 5.0 3.365688
4 1644 2.0 1.5808516
4 2100 3.0 3.5727477
4 2395 3.5 3.7035713
4 2409 2.5 3.5689998
4 3328 5.0 2.7035713
4 4008 1.5 2.1384408
4 4703 4.5 3.5689998
4 4993 5.0 4.590489
4 6565 4.0 4.178826
4 6711 3.5 3.3918395
5 318 3.5 4.08496
5 858 4.5 3.542169
5 2858 1.5 3.6516767
5 1416 2.5 3.5689998
5 2775 4.5 3.5689998
5 3744 1.5 0.6574384
5 27744 5.0 3.5689998
6 364 4.0 2.7532926
6 4306 3.5 2.3970385
6 58559 4.0 3.7696657
6 63992 3.5 3.5689998
6 80549 3.5 3.5689998
6 81417 0.5 1.6813143
6 90249 3.0 3.5689998
6 92507 3.5 3.5689998
6 94323 3.5 3.5689998
6 95449 4.0 3.5689998
6 95543 3.5 3.5689998
6 95720 2.0 3.5689998
6 96655 3.5 3.5689998
6 98203 3.5 3.5689998
6 100390 3.0 3.5689998
6 102720 4.5 3.5689998
6 102903 4.0 1.6925926
6 103141 4.0 2.6925926
6 104841 3.0 3.1888475
6 105653 3.0 3.5689998
6 106487 3.5 3.3548818
6 106696 4.5 3.6925926
6 107436 4.0 0.6813144
6 110553 2.5 3.5689998
6 111249 3.5 3.5689998
6 111360 2.5 3.5689998
6 112091 4.0 3.5689998
6 112623 3.5 3.6813145
6 112852 3.5 4.3119016
6 113071 2.0 3.5689998
6 117851 2.5 3.5689998
6 118997 0.5 3.5689998
6 119948 2.5 3.5689998
7 110 5.0 4.3739276
7 593 4.0 4.641046
7 153 4.0 3.1201994
7 364 5.0 4.3544135
7 289 3.0 2.704374
7 440 4.0 3.9042432
7 316 4.0 3.3826365
7 11 5.0 3.9239993
7 21 3.0 3.2860618
7 27 5.0 3.5689998
7 227 3.0 3.5689998
7 231 4.0 3.7571764
7 293 4.0 4.235471
7 317 4.0 3.5441177
7 319 5.0 3.7714286
7 357 5.0 3.7671108
7 374 3.0 3.5689998
7 419 4.0 3.5689998
7 475 5.0 3.7930002
7 544 3.0 3.5689998
7 587 3.0 3.6008952
7 616 5.0 3.9503329
8 527 5.0 4.2183843
8 541 4.0 3.7618413
8 2858 4.0 3.8445902
8 2916 2.0 4.976644
8 2944 5.0 4.8500133
8 2947 4.0 4.5267096
8 2948 4.0 4.489629
8 3703 3.0 5.0
8 736 4.0 3.3773873
8 1246 5.0 4.1225553
8 2762 3.0 4.430803
8 10 4.0 3.9272208
8 1088 2.0 2.9560971
8 1090 4.0 4.3248434
8 1302 4.0 3.4214425
8 1393 4.0 3.5832663
8 1518 5.0 3.5689998
8 1674 5.0 3.746619
8 1682 4.0 4.0201006
8 2020 4.0 3.5689998
8 2352 4.0 3.7345948
8 2628 4.0 3.9318447
8 3198 4.0 5.0
8 3246 5.0 3.5689998
8 3252 3.0 3.9248576
9 22 3.0 3.4205582
9 318 5.0 3.9548638
9 592 3.0 2.9676127
9 780 4.0 3.2347662
9 417 4.0 3.5689998
9 440 3.0 3.233787
9 597 4.0 3.459532
9 62 5.0 4.171935
9 316 3.0 4.0010295
9 150 4.0 4.148431
9 230 3.0 2.7677267
9 249 4.0 3.3973658
9 454 5.0 3.1146958
9 485 3.0 2.4528475
9 1090 3.0 4.9740076
9 25 4.0 4.231181
9 132 3.0 5.0
9 151 5.0 3.638315
9 193 2.0 2.559473
9 246 3.0 4.584855
9 455 3.0 1.0432076
9 647 4.0 4.605769
9 1078 4.0 3.5689998
9 1124 5.0 3.023951
10 110 3.5 3.1695817
10 553 4.0 4.086081
10 592 4.0 3.6281383
10 858 4.5 4.2261305
10 1201 4.5 4.3838186
10 1240 3.5 3.9294577
10 1276 4.0 4.299717
10 1283 4.0 2.8746796
10 1291 4.0 3.924946
10 1500 5.0 4.7312393
10 2542 4.0 3.929141
10 2968 4.5 4.032698
10 3363 4.0 4.006975
10 3543 3.0 3.5689998
10 5060 3.5 3.4234335
10 2406 2.5 4.046649
10 3100 3.5 3.5689998
10 1032 3.0 3.5327053
10 1035 1.5 4.711072
10 1747 3.5 3.7681727
10 3897 4.0 4.2365074
10 1213 4.5 3.917617
10 3252 3.5 3.2800357
10 1125 3.0 3.5712874
10 1204 4.0 3.3796358
10 1224 3.5 4.2799435
10 1231 4.0 3.7482996
10 1673 4.0 2.9009185
10 1921 4.5 4.9009185
10 2289 4.5 5.0
10 2359 3.5 3.6809728
10 2502 3.0 5.0
10 2699 2.5 3.2994368
10 3052 4.5 4.2357926
10 3098 4.0 3.5689998
10 3108 3.5 3.943466
10 3129 4.0 3.5689998
10 3360 5.0 4.043209
10 3361 4.0 4.1743107
10 3504 4.0 3.5689998
10 3608 3.5 3.5689998
10 3671 4.0 3.5689998
10 4855 3.0 3.559718
10 5464 4.0 1.1809729
10 5673 5.0 5.0
10 5902 3.5 4.361814
10 5989 3.5 3.5761495
10 6003 3.5 5.0
10 6773 4.5 3.5689998
10 6790 2.5 3.5689998
10 7889 4.0 3.5689998
10 32587 4.5 4.5391145
11 1610 3.0 3.4724758
11 3 2.5 0.981746
11 4993 5.0 4.127734
12 5349 3.0 2.765174
12 1193 4.0 3.7741203
12 5415 1.0 3.5689998
12 5890 3.0 3.5689998
13 34 4.0 3.7210464
13 594 3.5 3.4139004
13 2080 3.5 3.4410746
13 2096 4.0 3.4248352
13 3481 4.0 4.3854685
13 6942 4.0 3.9261034
13 60069 4.5 4.7996774
13 319 3.5 3.39316
13 586 4.0 3.153594
13 616 4.5 3.6491554
13 2949 3.0 3.3130333
13 551 3.0 3.9365268
13 4027 3.5 4.358079
13 6539 4.5 3.9028149
13 8464 3.5 3.8863676
13 1784 3.5 3.9693482
13 313 3.5 1.0673404
13 919 3.5 4.732311
13 1005 3.0 3.5689998
13 1806 3.5 3.5689998
13 2082 3.5 2.553821
13 2152 3.0 3.5689998
13 2355 4.0 3.317387
13 3173 4.0 3.9584734
13 3483 3.5 3.817402
13 3969 4.0 1.0673404
13 3990 3.5 3.5689998
13 4238 3.5 3.5689998
13 4246 3.5 3.5689998
13 5048 3.5 3.5689998
13 5444 3.0 3.5689998
13 5452 3.5 3.5689998
13 6173 4.0 3.5689998
13 6266 3.0 3.6661339
13 6593 3.5 3.5689998
13 6624 4.0 3.5689998
13 7345 3.5 0.8758036
13 8221 4.0 3.5689998
13 8643 3.0 3.5689998
13 26662 4.0 3.5689998
13 31502 1.0 3.5689998
13 35836 4.0 3.6186237
13 38061 3.5 3.5689998
13 44022 3.5 3.5689998
13 44195 4.0 2.710563
13 45106 3.5 3.5689998
13 47516 0.5 3.5689998
13 47518 4.5 3.5689998
13 50442 4.0 3.5689998
13 58803 3.0 3.5689998
13 61024 1.0 4.1186237
13 62376 3.5 3.4584734
13 62999 3.5 3.5689998
13 67267 3.5 3.5689998
13 69122 5.0 4.609521
13 71670 3.0 3.5689998
14 457 4.0 3.5215588
14 527 5.0 4.5442944
14 590 4.0 3.5339851
14 592 3.0 3.179426
14 593 4.0 4.6141233
14 595 5.0 3.954301
14 62 4.0 3.107455
14 11 4.0 2.9478374
14 21 4.0 3.5438652
14 277 3.0 4.1259246
14 282 5.0 3.8673239
14 361 4.0 2.9751132
14 374 3.0 1.2066692
14 509 5.0 4.734576
14 539 4.0 3.4477048
14 529 4.0 4.000086
14 168 3.0 4.018833
14 314 4.0 3.493201
14 534 4.0 3.3801363
14 26 4.0 3.6390848
14 41 4.0 3.5689998
14 306 4.0 3.510796
14 452 4.0 2.960052
15 924 3.0 3.4065988
15 1073 4.0 3.8092728
15 1092 2.0 3.2183533
15 1130 3.0 3.5689998
15 1197 5.0 3.949584
15 1252 1.0 4.906868
15 1287 5.0 3.5689998
15 1374 5.0 3.3075325
15 2916 4.0 4.3167744
15 953 5.0 4.434026
15 1375 3.0 2.0108213
15 733 5.0 4.0263724
15 1674 3.0 4.3315206
15 2728 5.0 3.888914
15 1087 4.0 3.2142308
15 903 5.0 5.0
15 1193 4.0 4.2125993
15 253 3.0 4.5638986
15 671 5.0 2.8087218
15 910 5.0 3.5689998
15 930 4.0 3.5149152
15 946 3.0 3.5689998
15 957 5.0 3.5689998
15 1260 5.0 3.5689998
15 1344 4.0 4.3167744
15 1964 2.0 3.5689998
15 2010 5.0 4.0464153
15 2201 3.0 3.5689998
15 2203 4.0 4.3315206
15 2646 4.0 3.5689998
15 2648 5.0 4.5464153
15 2653 3.0 3.5689998
15 2848 4.0 3.5689998
15 3038 5.0 3.5689998
16 6 2.0 4.331956
16 17 3.0 4.2732153
16 782 1.0 3.5689998
16 1 5.0 4.449745
17 1378 1.0 2.6614094
17 1027 0.5 3.5689998
17 2501 5.0 3.5689998
18 593 5.0 5.0
18 1198 5.0 5.0
18 1208 3.0 5.0
18 1219 5.0 5.0
18 2858 5.0 5.0
18 2762 4.5 5.0
18 1193 5.0 5.0
18 111 3.0 4.7971025
18 761 2.0 4.952532
18 3146 3.0 3.5689998
18 3269 4.5 3.849624
18 3987 5.0 3.5689998
18 5995 5.0 5.0
18 8014 5.0 3.5689998
18 36529 5.0 3.5689998
19 50 4.5 4.8014927
19 608 3.5 4.401493
19 163 3.5 3.1535814
19 48385 5.0 4.403417
19 47 4.5 4.5522127
19 5902 4.0 3.9985256
19 3948 3.5 4.4220953
19 27700 3.0 3.5689998
19 34437 4.0 3.4985256
19 44191 2.0 5.0
20 527 4.5 4.7583847
20 608 5.0 3.6207743
20 1220 3.0 4.1790724
20 1258 5.0 5.0
20 1266 5.0 3.9443564
20 356 5.0 4.1496344
20 594 4.0 3.360566
20 1213 5.0 3.4637127
20 2174 3.5 3.8519604
20 1917 4.0 2.4699066
20 6787 5.0 3.5689998
21 260 5.0 4.071721
21 494 4.0 2.9374385
21 9 3.0 3.5689998
21 786 3.0 3.9162617
22 592 0.5 3.7037325
22 2699 2.5 3.5689998
22 19 4.5 3.7173996
22 1367 1.5 3.6736608
22 2023 0.5 3.5689998
22 39231 3.0 3.5689998
22 49932 0.5 3.5689998
22 54190 4.5 3.5689998
23 457 5.0 3.895873
23 480 5.0 4.0453973
23 1372 3.0 2.9132664
23 1407 4.0 2.5016913
23 1610 5.0 3.5648296
23 153 2.0 2.9836357
23 736 3.0 1.71067
23 1499 3.0 1.02309
23 442 3.0 2.5333912
23 485 4.0 2.3056884
23 1518 5.0 3.5689998
23 1320 4.0 3.7338958
23 1479 4.0 1.9906015
23 1970 4.0 3.5689998
23 1975 3.0 3.2527308
23 2792 4.0 3.5689998
23 2793 4.0 2.7527308
23 2902 3.0 4.252731
23 3107 3.0 1.9906015
24 1358 5.0 4.5413003
24 34 5.0 4.6913548
24 185 4.0 3.6141536
24 237 4.0 4.271513
24 1183 5.0 4.6870093
24 778 3.0 4.60695
24 1704 5.0 5.0
24 288 3.0 2.8008034
24 991 4.0 3.5689998
25 2716 4.0 4.1896334
25 3408 5.0 3.8624668
25 2699 3.0 3.0658855
25 1193 5.0 4.476398
25 2147 4.0 3.5689998
25 2739 4.0 4.234472
25 3016 4.0 3.5689998
25 3111 4.0 3.5689998
26 32 3.0 4.06717
26 457 4.0 3.883727
26 344 3.0 2.7253308
26 434 3.0 3.3884442
26 539 5.0 3.4462345
26 300 4.0 4.1786175
26 225 3.0 4.118025
27 2028 4.0 3.5068276
27 356 4.5 4.0141006
27 1035 3.0 4.908398
27 58559 5.0 4.0554595
27 3052 4.0 2.1493506
27 2004 2.5 4.161991
27 2382 1.5 3.5689998
27 2671 4.0 4.150281
27 3868 3.0 4.161991
27 3959 4.0 3.5689998
27 4754 5.0 2.8968978
27 6979 4.0 3.3968978
27 54995 4.5 3.5689998
27 63082 5.0 4.4594593
28 1376 2.0 1.2377949
28 1721 1.0 1.6226026
28 1923 5.0 2.372909
28 2770 3.0 3.2825317
28 1373 1.0 0.5
28 2490 5.0 3.0174384
29 750 5.0 4.836135
29 924 5.0 5.0
29 1214 5.0 4.3433867
29 1997 5.0 4.8137302
29 3362 4.0 4.6397257
29 3543 4.0 3.5689998
29 3699 4.0 3.5689998
29 412 3.0 4.8231206
29 3236 4.0 3.5689998
29 3420 4.0 3.5689998
30 110 5.0 3.3691752
30 296 5.0 3.7136934
30 589 5.0 3.024408
30 500 3.0 3.6117663
30 1 5.0 4.2797565
30 112 4.0 3.557241
30 150 5.0 3.8674548
30 370 2.0 3.2012205
30 410 4.0 4.8478575
30 415 3.0 2.8478577
30 466 2.0 3.6377554
30 586 2.0 3.2038953
30 587 4.0 2.8768578
30 733 4.0 3.9311657
30 300 3.0 3.8117595
30 455 1.0 3.5689998
30 524 5.0 3.5689998
30 585 3.0 3.0120733
30 147 3.0 3.5689998
31 32 4.0 3.465336
31 318 2.0 4.18664
31 457 3.0 3.5585735
31 480 2.0 3.129455
31 527 3.0 4.0328727
31 541 5.0 3.8758135
31 750 5.0 3.3171668
31 924 5.0 4.2153244
31 968 3.0 3.1142504
31 1073 4.0 2.8299682
31 1092 4.5 2.2497048
31 1127 2.0 2.7339487
31 1201 5.0 3.5420496
31 1210 3.0 3.7212226
31 1220 5.0 3.3931873
31 1227 5.0 3.1188638
31 1261 4.0 3.193209
31 1266 5.0 3.2016318
31 1270 4.0 2.7518017
31 1376 0.5 2.374866
31 1573 3.0 3.4952621
31 1689 0.5 3.2650933
31 1953 5.0 3.453906
31 2467 3.0 3.033751
31 2580 4.0 3.8219166
31 2916 5.0 4.200527
31 2947 2.0 3.4211466
31 2968 5.0 3.245301
31 3018 4.5 3.3160946
31 3104 2.0 3.5689998
31 3362 3.0 2.964406
31 3551 2.0 4.6181173
31 3702 3.5 3.0938816
31 3917 4.0 3.7889767
31 2291 3.0 2.64121
31 2712 5.0 1.8125473
31 3100 4.0 4.0149426
31 3996 3.5 3.5786774
31 356 0.5 3.2956362
31 377 4.0 2.3897293
31 1035 0.5 3.94901
31 2081 0.5 3.0497427
31 782 4.0 3.5689998
31 908 3.0 3.7819438
31 2302 2.0 2.0492492
31 2455 5.0 3.444843
31 3481 3.5 4.1192107
31 3897 3.0 3.611754
31 3949 4.0 2.4009802
31 4008 5.0 0.63517183
31 4643 1.0 1.2510471
31 4973 4.0 3.3894272
31 6250 3.0 1.2889767
31 6365 3.5 1.9299165
31 3513 5.0 1.3425616
31 8781 5.0 0.5
31 2762 0.5 3.5455055
31 4310 4.0 3.5689998
31 10 2.0 2.9022858
31 112 0.5 3.530023
31 172 3.5 3.2471015
31 353 2.0 2.058169
31 1459 3.0 3.0914078
31 2058 2.0 2.8769603
31 2728 3.0 3.471757
31 3246 5.0 3.5689998
31 3418 0.5 2.9206455
31 161 3.0 3.198322
31 193 5.0 2.0162654
31 1084 4.5 3.787161
31 778 4.0 3.5364761
31 1060 3.0 2.8628755
31 1203 2.0 3.462462
31 1231 4.5 2.995951
31 1274 4.0 3.2705119
31 1343 2.0 2.999141
31 1921 4.0 4.3038473
31 2599 4.5 4.4506025
31 2700 4.0 3.2924497
31 3504 4.5 3.391133
31 4009 3.5 2.3190272
31 6104 4.0 2.8190272
31 7156 5.0 3.8190272
31 7361 4.5 3.6012738
31 8665 5.0 3.2407994
31 32587 3.5 3.8383608
31 5506 3.0 1.8807434
31 145 2.0 3.3312283
31 2082 0.5 1.8727101
31 4896 0.5 2.9926224
31 253 3.0 2.7571976
31 1260 4.0 3.5689998
31 1340 3.0 3.5689998
31 1941 2.0 3.5689998
31 2010 4.0 3.2889767
31 2105 3.0 3.5653105
31 107 0.5 4.119343
31 1831 0.5 3.7967355
31 2094 2.0 3.8593392
31 2501 3.0 3.9825616
31 111 4.5 3.2501423
31 5878 5.0 3.803393
31 48516 4.0 3.3125615
31 2706 2.5 3.9342942
31 6787 4.0 4.741133
31 288 0.5 2.0675364
31 2770 2.5 3.6706898
31 3016 4.5 1.7889767
31 1010 0.5 2.1031022
31 4351 5.0 2.6031022
31 2072 3.0 1.9343565
31 216 3.0 2.5798373
31 555 4.0 3.7574768
31 159 4.5 2.7574768
31 332 4.0 3.7889767
31 365 1.5 3.5689998
31 394 4.0 3.5689998
31 599 5.0 3.253383
31 950 3.0 3.068026
31 1175 4.5 3.75585
31 1233 5.0 3.8628983
31 1327 0.5 3.2889767
31 1391 1.0 2.4021134
31 1603 3.0 2.5648491
31 1729 5.0 2.548575
31 1884 4.0 3.1491184
31 1949 3.0 2.3074596
31 1998 4.5 3.5689998
31 2031 0.5 3.5689998
31 2050 0.5 3.5689998
31 2051 0.5 3.5689998
31 2061 3.0 3.5689998
31 2090 2.0 3.2758029
31 2170 1.0 3.5689998
31 2176 4.0 3.5689998
31 2275 3.0 3.253383
31 2308 3.5 3.5689998
31 2377 3.0 3.7889767
31 2394 0.5 2.949127
31 2456 2.0 3.5689998
31 2459 5.0 4.7889767
31 2560 4.5 3.5689998
31 2694 0.5 2.5678914
31 2707 1.5 3.5689998
31 2745 3.0 3.253383
31 2844 2.0 3.5689998
31 2924 3.0 3.5689998
31 2926 4.0 0.5
31 2970 5.0 3.5689998
31 3020 1.0 2.0162654
31 3039 1.0 3.5689998
31 3067 4.0 3.5740824
31 3071 2.0 3.5689998
31 3093 4.5 3.5689998
31 3120 0.5 3.5689998
31 3143 4.0 3.5689998
31 3182 5.0 3.5689998
31 3292 4.0 3.5689998
31 3301 0.5 3.5689998
31 3355 1.0 3.5689998
31 3429 5.0 4.2533827
31 3430 1.5 3.5689998
31 3479 3.0 3.5689998
31 3519 1.0 3.5689998
31 3521 5.0 3.5689998
31 3536 0.5 2.2650933
31 3633 3.0 3.5689998
31 3652 5.0 4.2889767
31 3654 4.0 3.5689998
31 3683 3.5 4.2533827
31 3685 4.0 3.5689998
31 3731 3.0 3.5689998
31 3753 0.5 3.5689998
31 3783 4.0 3.5689998
31 3858 5.0 3.5689998
31 3873 5.0 3.5689998
31 3892 3.0 3.7889767
31 3896 5.0 3.5689998
31 4015 4.0 1.6013812
31 4020 3.0 3.5689998
31 4065 3.5 3.5689998
31 4113 0.5 3.5689998
31 4215 0.5 3.5689998
31 4228 1.0 1.7375616
31 4255 5.0 3.5689998
31 4262 5.0 3.5740824
31 4370 3.0 2.8135977
31 4406 5.0 3.5689998
31 4433 5.0 3.5689998
31 4533 4.0 3.7889767
31 4649 4.0 3.5689998
31 4683 0.5 3.2650933
31 4725 1.0 3.5689998
31 4735 4.5 3.7889767
31 4776 3.0 4.5593357
31 4852 2.0 2.2889767
31 4930 3.0 3.5689998
31 4954 3.0 3.5689998
31 4956 3.0 3.5689998
31 4958 0.5 3.5689998
31 4980 3.5 2.8228922
31 5105 0.5 3.7889767
31 5142 4.0 3.5689998
31 5170 1.0 3.5689998
31 5249 5.0 3.5689998
31 5254 4.0 2.7889767
31 5291 4.5 2.891133
31 5420 0.5 3.5689998
31 5478 3.0 3.2889767
31 5590 5.0 3.5689998
31 5609 0.5 3.7889767
31 5663 4.0 3.5689998
31 5678 3.0 3.5689998
31 5809 0.5 3.5689998
31 5853 4.0 3.7396622
31 5872 2.0 3.5689998
31 5941 4.0 3.5689998
31 5951 5.0 3.5689998
31 6047 3.5 3.5689998
31 6062 3.0 3.5689998
31 6132 5.0 3.5689998
31 6162 4.0 3.5689998
31 6170 5.0 3.5689998
31 6220 3.0 3.5689998
31 6242 5.0 4.5512834
31 6378 2.0 3.3329122
31 6395 5.0 3.5689998
31 6585 4.0 3.5689998
31 6630 0.5 3.5689998
31 6709 4.0 3.0512834
31 6741 3.0 2.7889767
31 6742 0.5 2.7889767
31 6844 0.5 3.5689998
31 6880 2.0 4.7889767
31 7070 5.0 3.5689998
31 7215 3.5 3.5689998
31 7236 5.0 2.2889767
31 7286 4.5 3.5689998
31 7325 3.5 3.5689998
31 7335 5.0 3.5689998
31 7387 5.0 4.7889767
31 7439 2.5 3.5689998
31 7474 4.0 3.5689998
31 7492 5.0 2.7889767
31 7817 4.0 3.5689998
31 7878 5.0 3.5689998
31 7895 5.0 3.5689998
31 7932 4.5 3.5689998
31 8011 4.0 3.5689998
31 8016 4.0 3.5689998
31 8095 4.0 3.5689998
31 8169 1.5 3.052957
31 8198 4.0 3.5689998
31 8340 4.5 3.5689998
31 8623 2.0 3.5689998
31 8661 1.0 3.5689998
31 8955 3.5 3.5689998
31 26547 4.0 3.5689998
31 26616 5.0 3.5689998
31 30846 5.0 3.5689998
31 31086 3.5 3.5689998
31 31364 4.0 3.5689998
31 33171 5.0 3.5689998
31 36401 4.0 3.5689998
31 41863 4.5 3.5689998
31 46430 3.0 3.5689998
31 47044 5.0 3.391133
31 50794 4.0 3.5689998
32 1210 5.0 4.2658615
32 2968 4.5 4.871062
32 2 3.5 4.3362055
32 153 4.0 3.9390907
32 1375 4.5 3.2369616
32 1584 3.5 4.0822854
32 2384 3.5 3.4143496
32 5299 3.5 3.7365592
32 7 3.0 3.6468155
32 920 2.0 4.785905
32 1307 4.0 3.8438458
32 596 2.5 3.046524
32 2683 3.0 4.302365
32 6863 4.0 4.416912
32 529 4.0 3.1915529
32 1225 5.0 4.286126
32 852 3.5 3.5689998
32 4979 2.5 3.5169096
32 5445 3.5 3.5006645
32 1784 3.0 3.8778675
32 2355 4.0 4.1385994
32 4246 3.5 3.2333333
32 6593 3.0 3.5689998
32 3034 4.0 4.057301
32 4019 4.0 4.1687794
32 2324 4.5 4.738585
32 3066 3.0 3.5689998
32 4321 3.5 4.049604
32 4447 4.0 2.9390907
33 1552 2.5 3.4969807
33 3418 4.0 3.5689998
33 253 3.0 4.3703704
33 3977 4.5 2.9881542
34 110 5.0 3.602129
34 592 3.0 2.7835329
34 593 4.0 4.3114142
34 368 3.0 3.5572119
35 597 2.5 3.317493
35 1028 4.5 3.5689998
35 8961 3.5 3.5832922
36 260 2.0 3.3874881
36 432 1.0 2.6178422
36 589 2.0 3.3194416
36 592 3.0 1.9611486
36 1196 3.5 2.80417
36 1214 2.0 3.2032843
36 1259 3.5 3.3010876
36 1265 2.0 3.5278115
36 1358 3.0 2.6373737
36 2407 3.0 4.637374
36 3471 1.5 3.1054156
36 3408 4.0 3.371024
36 2054 0.5 1.9263297
36 2762 5.0 3.9540687
36 282 4.0 3.7442195
36 370 1.5 2.8017857
36 1674 3.0 3.593339
36 161 2.5 2.8522944
36 5669 3.5 3.5689998
36 5782 2.0 3.5689998
36 6539 3.5 3.7922325
36 6870 2.5 3.0720143
36 8622 3.0 3.5689998
36 8665 4.5 3.3421488
36 5377 3.0 3.9
36 2355 2.5 3.5651636
36 3988 1.0 3.11805
36 8360 2.5 2.4138768
36 6893 4.5 4.38445
36 2953 0.5 3.5689998
36 5010 5.0 3.276836
36 4465 4.0 3.5689998
36 5064 2.5 3.5689998
36 7139 3.5 3.5689998
36 7160 3.5 3.5689998
36 8957 3.5 3.3082333
37 260 4.0 4.3483906
37 648 4.0 3.708329
37 1580 4.5 3.5917401
37 2692 4.5 3.8551311
37 5299 3.5 3.3044422
37 1380 3.0 2.2061543
37 4306 4.5 4.6500053
37 6365 3.0 3.11813
37 7361 5.0 4.465804
37 2042 4.0 3.474007
37 35836 4.5 4.9100404
37 2657 1.0 3.4566813
37 5995 4.0 3.795434
37 2706 4.0 3.9958057
37 2335 4.0 4.2736897
37 4387 4.0 2.6771078
37 7254 3.5 3.6406987
37 7143 4.0 4.344763
37 6373 4.0 3.5393357
37 8644 3.5 4.228391
37 48774 3.5 4.245147
37 48780 4.0 3.5689998
37 71535 5.0 4.07615
38 260 4.5 4.6806655
38 1261 4.0 4.3025575
38 1580 4.5 4.117799
38 2959 5.0 5.0
38 60069 4.5 5.0
38 59315 4.5 4.554647
38 72998 4.5 4.4299397
38 79132 5.0 4.994204
38 616 4.0 4.3404884
38 193 1.0 3.2037036
38 647 3.5 4.786232
38 5349 4.0 4.456394
38 5618 4.5 4.844933
38 2490 3.0 4.19425
38 8914 4.0 4.785009
38 48774 4.5 4.327582
38 27904 4.0 3.5689998
38 49278 4.0 3.5689998
38 62956 4.5 3.5689998
39 318 4.0 4.034887
39 1198 4.0 3.4749506
39 1210 3.5 2.4585268
39 3703 3.5 4.2919936
39 1275 3.5 2.6886315
39 2294 0.5 3.1276221
39 908 2.5 3.6895082
39 73321 3.5 3.5689998
39 1213 1.0 3.5088294
39 2502 3.5 4.0340395
39 50872 4.0 2.790207
39 76093 3.0 2.8817205
39 44191 4.5 3.8135812
39 6934 0.5 2.642051
39 48394 2.5 3.790207
39 78499 4.0 0.99147654
39 85414 3.0 3.8817205
39 88140 1.0 3.5689998
39 103228 0.5 3.5689998
40 1136 3.5 4.085249
40 1732 3.0 3.1515505
40 1876 3.0 2.4649818
40 2571 3.0 4.062408
40 1230 3.0 4.0142407
40 5952 5.0 3.6541235
40 7147 4.5 3.6406536
40 2959 3.0 4.6362643
40 51662 5.0 3.989969
40 4886 3.0 3.951162
40 106782 4.0 4.0408497
40 1 3.5 4.131729
40 353 5.0 3.472616
40 1682 4.0 3.4658918
40 1274 3.0 4.039483
40 2700 2.0 3.16985
40 4011 4.5 3.5490136
40 5349 4.0 3.5190828
40 7438 1.0 4.220935
40 8368 3.0 3.6367679
40 30810 5.0 4.2562833
40 4519 4.0 3.425651
40 5444 2.5 3.5689998
40 6502 4.0 3.9261208
40 57532 0.5 0.8813762
40 63131 5.0 3.8813763
40 66934 4.0 4.8813763
40 72226 5.0 3.2831774
40 107 3.5 4.6028466
40 4878 4.0 3.2368388
40 6016 4.0 4.1938553
40 3081 4.5 3.755316
40 31410 3.5 4.5014744
40 45728 4.0 4.472713
40 2706 2.5 3.9364433
40 2710 4.0 3.41124
40 1544 2.5 3.1693628
40 4754 2.5 2.4487166
40 4980 3.0 3.2716088
40 5010 4.0 3.1826308
40 7373 3.0 3.4487166
40 33679 3.0 4.5522346
40 53996 3.5 3.6514103
40 30812 5.0 2.7537718
40 6934 2.0 2.8573828
40 68358 5.0 3.9750981
40 5903 2.5 3.875901
40 7502 4.0 3.5689998
40 2193 3.5 3.4065158
40 2687 3.5 3.5689998
40 3033 2.5 3.9457781
40 3285 3.5 3.8775203
40 3581 3.0 2.8775203
40 4016 3.5 4.2073483
40 4366 3.5 3.7138097
40 4367 2.5 3.5589201
40 4446 4.0 3.8701587
40 6156 3.0 3.5689998
40 8019 4.5 4.7376933
40 9010 4.0 3.5689998
40 27660 3.5 4.1187935
40 34111 4.0 3.5689998
40 34314 2.0 3.5689998
40 40278 4.0 3.5689998
40 42213 4.0 3.5689998
40 46530 3.5 3.5689998
40 51939 3.0 3.5689998
40 52435 3.0 3.5689998
40 52722 3.0 3.5689998
40 52973 4.0 3.5689998
40 54259 2.0 3.5689998
40 56145 4.0 3.5689998
40 59995 4.5 3.5689998
40 60074 4.0 3.5689998
40 61132 3.0 3.5689998
40 61240 3.5 3.8398497
40 63072 2.5 2.8775203
40 65261 5.0 3.5689998
40 65868 4.0 3.5689998
40 68073 3.5 2.8775203
40 68952 4.5 2.8775203
40 71106 4.0 3.5689998
40 78209 4.5 3.5689998
40 79251 2.5 3.5689998
40 79702 5.0 3.5689998
40 81910 3.5 3.5689998
40 82095 3.0 3.5689998
40 84152 4.0 3.912924
40 86882 5.0 3.5689998
40 88744 4.0 3.0112782
40 93805 2.0 3.5689998
40 95088 4.5 3.5689998
40 95167 4.0 3.5689998
40 98809 4.0 3.0112782
40 99112 3.0 3.5689998
40 102880 3.5 3.5689998
40 103688 3.5 3.5689998
40 106642 4.0 3.5689998
40 106920 5.0 3.5689998
40 107057 4.0 3.5689998
41 527 5.0 5.0
41 914 4.0 4.888028
41 1282 5.0 3.9634342
41 2657 4.0 5.0
41 2746 5.0 3.5689998
41 73 5.0 4.15625
41 1397 5.0 3.5689998
41 3259 4.0 3.5689998
42 296 4.0 3.6218138
42 590 3.0 3.6359193
42 339 4.0 3.2748182
42 185 3.0 3.235362
42 218 3.0 2.4408212
43 457 4.0 3.5820594
43 590 3.0 3.464789
43 593 4.0 3.9286792
43 595 3.0 3.3421774
43 150 3.0 3.8609126
43 329 3.0 3.6245563
43 161 3.0 3.6021426
43 194 4.0 3.9715488
43 223 5.0 2.4080267
43 532 3.0 3.5689998
44 589 4.0 3.6792114
44 590 4.0 4.2294803
44 780 4.0 3.291691
44 1197 4.0 4.3414016
44 2001 3.5 3.9630744
44 2985 3.5 3.9360847
44 552 3.5 3.0911431
44 1653 3.0 4.2847586
44 1777 3.0 3.9530659
44 60684 5.0 2.776082
44 81564 4.0 4.3074074
44 105504 4.5 4.3074074
44 196 3.0 4.1875
44 380 4.0 3.922131
44 1090 4.0 3.7611675
44 2763 4.0 3.8698044
44 223 4.0 4.473139
44 1704 4.0 4.2460427
44 5418 3.0 4.5062103
44 5618 4.5 4.815128
44 6539 4.0 4.551335
44 1784 3.0 4.156094
44 69644 3.5 3.2939398
44 48516 5.0 3.366242
44 44191 4.5 4.6051464
44 77561 3.5 4.988722
44 91542 4.0 2.1182795
44 96610 3.5 4.657157
44 103228 3.0 3.5689998
44 3033 5.0 3.5689998
44 61240 4.5 3.5689998
44 76251 5.0 4.25708
44 91500 3.0 4.488722
44 106489 3.5 4.488722
44 44665 4.0 4.4144263
44 64614 4.0 4.366242
44 92259 4.5 3.5689998
45 32 4.0 3.940768
45 1097 4.0 4.581358
45 1129 4.0 4.5646496
45 1197 5.0 4.1351624
45 1199 5.0 4.259829
45 1206 5.0 4.520806
45 1214 5.0 4.5713215
45 1234 4.0 3.8865216
45 1258 5.0 3.9612193
45 1356 4.0 2.9398735
45 1573 3.0 3.8291764
45 1617 4.0 4.2402945
45 1965 4.0 3.9897664
45 2001 4.0 4.190585
45 2012 1.0 3.4934535
45 2391 3.0 3.855536
45 2529 4.0 3.830688
45 2916 5.0 4.6494083
45 2985 3.0 4.0117397
45 1653 4.0 4.003829
45 2067 4.0 4.5226088
45 265 4.0 4.375018
45 356 4.0 3.8110197
45 497 4.0 4.755155
45 2683 4.0 4.5523405
45 2997 5.0 3.9175482
45 2762 4.0 4.307343
45 3176 4.0 2.1919186
45 3198 5.0 4.918935
45 3418 4.0 3.6988692
45 151 3.0 3.9063606
45 223 4.0 3.9182105
45 551 4.0 3.7196417
45 1079 5.0 3.871288
45 1080 5.0 3.6187181
45 1103 4.0 4.268685
45 1120 4.0 3.5328352
45 1673 4.0 3.7583532
45 1704 4.0 4.4119096
45 2231 4.0 4.0953336
45 2993 4.0 3.256814
45 4102 3.0 4.0656443
45 903 5.0 4.581171
45 661 4.0 3.8948328
45 2142 5.0 2.0444148
45 3988 3.0 4.179277
45 1256 4.0 3.9141366
45 1345 4.0 4.2801905
45 1590 2.0 4.096331
45 1882 2.0 2.3297129
45 1041 4.0 4.556721
45 1513 3.0 3.6300726
45 678 5.0 4.6809735
45 337 5.0 4.587583
45 555 4.0 4.3625207
45 1202 4.0 5.0
45 1729 4.0 2.533955
45 2033 3.0 1.3880726
45 2048 4.0 2.746617
45 2301 4.0 3.820649
45 2413 3.0 4.466538
45 2598 1.0 2.246617
45 1962 3.0 4.322587
45 2137 3.0 5.0
45 2324 1.0 4.3665075
45 1271 3.0 3.5689998
45 307 5.0 4.532753
45 627 5.0 3.5689998
45 720 5.0 3.2406232
45 1382 3.0 3.5689998
45 2134 2.0 4.762882
45 2179 4.0 3.5689998
45 2232 3.0 4.8398476
45 2243 3.0 3.5689998
45 2410 2.0 3.5689998
45 2966 5.0 3.5689998
45 3060 5.0 3.5689998
45 3163 5.0 3.5689998
45 3320 5.0 3.5689998
45 4084 3.0 3.5689998
46 1645 5.0 3.1419096
46 2617 4.0 3.104273
46 3623 4.0 4.4415016
46 2762 5.0 4.0845823
46 3317 4.0 3.5689998
46 273 4.0 3.4423056
46 70 2.0 4.2655587
46 3555 5.0 3.5689998
46 3753 4.0 3.5689998
46 3510 4.0 3.848732
46 3185 4.0 4.003321
46 742 3.0 3.5689998
46 2891 3.0 3.5689998
47 296 3.0 4.192295
47 480 4.0 4.255653
47 356 4.0 3.8630989
47 47 4.0 3.6386464
47 165 3.0 2.484632
47 185 3.0 2.6867895
47 208 3.0 3.5253808
47 380 4.0 3.9159155
48 589 5.0 3.8357794
48 592 5.0 3.6825833
48 1197 5.0 3.3949552
48 2571 5.0 4.4788837
48 2916 5.0 5.0
48 2987 4.0 3.3116088
48 1777 3.0 2.7974348
48 2406 3.0 4.4291277
48 48 3.0 3.0998843
48 597 3.0 3.459264
48 1028 3.0 4.129981
48 1307 3.0 3.5685723
48 2017 3.0 3.5689998
48 2054 4.0 2.509981
48 2081 3.0 3.8640053
48 2087 3.0 3.5787184
48 785 4.0 3.350291
48 2100 3.0 4.0609093
48 2124 3.0 3.5158346
48 2709 4.0 3.5689998
48 158 4.0 4.047924
48 160 4.0 3.5689998
48 173 5.0 2.1550534
48 196 5.0 3.5689998
48 231 5.0 2.7163079
48 374 3.0 1.2349068
48 434 5.0 4.5196905
48 442 5.0 3.5689998
48 3098 3.0 3.5689998
48 435 3.0 1.5950428
48 1005 2.0 3.5689998
48 1588 3.0 3.4380577
48 4519 2.0 3.708904
48 1690 5.0 3.9543173
48 2094 4.0 4.3930035
48 2501 4.0 3.6538906
48 2717 4.0 3.488608
48 2671 3.0 2.5956526
48 1779 4.0 3.4199555
48 1713 4.0 3.6143684
48 2301 4.0 3.8928761
48 2431 5.0 1.2349068
48 2720 3.0 1.9909134
48 3697 4.0 3.2424421
48 3809 4.0 4.007423
48 4149 4.0 3.7349067
48 2193 4.0 3.224241
48 4016 5.0 4.8337
48 2471 4.0 3.5689998
48 3755 2.0 3.5689998
48 8 3.0 3.5689998
48 60 3.0 3.5689998
48 252 4.0 3.5689998
48 577 3.0 3.5689998
48 1021 3.0 3.5689998
48 1409 3.0 3.1117542
48 1495 2.0 3.5689998
48 1792 5.0 3.5689998
48 1911 4.0 2.7974684
48 2296 3.0 3.5689998
48 2423 5.0 3.5689998
48 2498 3.0 3.5689998
48 2555 2.0 3.5689998
48 3439 5.0 3.5689998
48 3638 4.0 3.5689998
48 3821 2.0 3.5689998
48 4090 4.0 3.5689998
48 4477 5.0 3.5689998
49 785 4.0 3.1462002
49 2719 2.0 3.5220025
49 223 4.0 3.7392066
49 2599 4.0 4.141081
49 2706 4.0 3.8630078
49 2702 3.0 2.8783727
49 2881 3.0 4.009479
49 3016 3.0 2.1110306
49 3752 4.0 3.9726346
49 3863 3.0 3.5103827
49 3453 2.0 3.5689998
50 648 4.0 4.742042
50 2407 3.0 4.597249
50 2384 4.5 3.529361
50 345 4.5 2.8532658
50 4022 3.5 3.5978403
50 4643 4.5 3.088768
50 2628 4.5 3.816156
50 2359 4.0 3.5689998
50 3751 5.0 3.9830096
50 5481 4.0 3.3338661
50 2424 3.5 3.8338661
50 5444 4.5 3.5689998
50 6377 4.5 4.0212483
50 3987 2.5 3.5689998
50 4370 3.0 4.1663
50 4728 3.0 3.4524899
50 3977 5.0 3.6118178
50 5064 4.0 3.5689998
50 4270 4.0 3.302495
50 5072 4.5 5.0
50 3986 3.5 5.0
50 3534 3.5 3.5689998
50 4242 3.5 3.5689998
50 4975 3.0 4.8932314
51 296 5.0 4.11926
51 1036 5.0 3.7769961
51 1073 3.0 3.0244694
51 1214 5.0 3.8229952
51 1258 4.0 4.4037366
51 1407 3.0 2.9342725
51 1610 1.0 3.3890994
51 1754 3.0 3.5689998
51 2571 4.0 4.4378448
51 2580 4.0 4.1689305
51 953 1.0 3.2915595
51 1249 5.0 2.7196493
51 2396 5.0 3.8750918
51 265 4.0 3.7405946
51 595 4.0 3.3982613
51 1022 3.0 3.0637784
51 1059 4.0 2.6054962
51 2081 3.0 2.9798105
51 2959 4.0 3.6480308
51 47 5.0 3.3505454
51 468 1.0 3.9087803
51 2628 1.0 3.1712592
51 215 4.0 3.7596912
51 5225 5.0 4.3219976
51 4963 5.0 3.8477013
51 724 3.0 2.6907258
51 2746 2.0 2.9444308
51 288 5.0 3.7208333
51 3005 3.0 3.8994784
51 2671 2.0 2.2518227
51 4239 3.0 3.6518614
51 1388 2.0 1.2296408
51 3581 5.0 2.8694677
51 866 5.0 0.69404703
51 3526 4.0 2.694047
51 2572 3.0 3.4569294
51 213 5.0 4.198141
51 1991 2.0 3.729641
51 2107 1.0 2.729641
51 3908 1.0 2.729641
51 3980 2.0 3.5689998
52 366 2.0 2.1567104
52 541 4.5 3.5857923
52 750 5.0 3.2859719
52 968 3.5 3.0193048
52 1127 2.5 2.4537873
52 1130 3.5 2.3291404
52 1196 3.5 3.3961952
52 1240 4.0 2.4912248
52 1387 4.0 2.636857
52 1407 2.0 1.0506073
52 1994 3.5 4.043486
52 1997 5.0 3.5413465
52 2003 3.0 2.6470683
52 2532 3.0 2.3291404
52 2571 4.0 3.3050303
52 2713 3.0 1.358479
52 2901 4.5 3.956034
52 3476 3.5 0.6788332
52 3550 3.5 2.3291404
52 3576 1.5 1.956034
52 3793 2.0 2.8913918
52 4128 2.0 3.497021
52 196 2.5 2.872627
52 2021 1.5 2.3745058
52 923 4.0 3.757057
52 5445 4.0 2.9223354
52 5679 2.0 2.922062
52 6502 3.5 3.072058
52 2644 3.5 1.8250511
52 327 1.0 1.5446451
52 382 1.0 2.5235848
52 724 3.0 3.5689998
52 1339 2.0 1.732985
52 1389 3.0 2.2472692
52 1862 3.0 2.2472692
52 1970 2.0 3.5689998
52 1973 2.5 3.2472692
52 1974 4.0 2.2253962
52 1987 3.0 2.2472692
52 2717 1.5 2.1007135
52 2746 1.5 2.6707938
52 4754 5.0 1.7110233
52 1779 3.0 2.5986645
52 1998 3.5 3.5689998
52 2315 2.5 2.7110233
52 2456 3.0 3.5689998
52 2898 2.5 1.2110233
52 2900 3.5 4.2110233
52 3693 3.5 0.5
52 3727 4.5 4.2470303
52 3838 3.5 3.2110233
52 4518 2.5 4.2110233
52 5165 4.0 1.7110233
52 5219 3.5 2.7110233
52 6132 3.5 3.5689998
52 6242 3.0 4.2623067
52 6615 3.0 2.7110233
52 6707 4.0 3.2110233
52 6731 3.5 4.7110233
52 6754 4.0 0.91909045
52 7235 3.5 4.7110233
52 7347 3.5 2.9013166
52 7373 3.5 2.7110233
52 26285 3.0 2.7110233
52 6952 3.0 2.2623067
52 7454 3.0 2.7623067
52 27839 1.5 2.2623067
52 532 0.5 3.5689998
52 799 2.0 3.5689998
52 2120 2.0 3.5689998
52 2498 2.5 3.5689998
52 680 3.0 3.018483
52 1331 3.0 3.5689998
52 1341 2.5 3.5689998
52 1355 1.5 3.5689998
52 1623 2.0 3.5689998
52 1976 2.5 3.5689998
52 1984 3.5 3.5689998
52 1986 2.5 3.5689998
52 1988 2.5 3.5689998
52 1996 2.5 3.5689998
52 2026 3.0 3.5689998
52 2149 2.0 3.5689998
52 2389 4.0 3.5689998
52 2452 1.0 3.5689998
52 2516 1.5 3.5689998
52 2548 2.0 3.5689998
52 2634 3.5 3.5689998
52 2656 2.0 3.5689998
52 2992 3.5 3.5689998
52 3563 2.0 3.5689998
52 3666 0.5 3.5689998
52 3676 3.0 3.2851057
52 3695 2.0 3.5689998
52 3919 2.5 3.5689998
52 3932 4.0 3.5689998
52 3934 3.0 3.5689998
52 3941 1.0 3.5689998
52 3961 1.5 3.5689998
52 3962 0.5 3.5689998
52 3981 3.0 3.5689998
52 4135 1.0 3.5689998
52 4266 2.0 3.5689998
52 4560 3.0 3.5689998
52 4618 1.5 3.5689998
52 4658 4.0 3.5689998
52 4670 2.0 3.5689998
52 4685 2.0 3.5689998
52 4697 3.5 3.5689998
52 4931 2.5 3.5689998
52 5310 1.5 3.5689998
52 5588 3.5 3.5689998
52 5592 2.0 3.5689998
52 5697 3.0 3.5689998
52 5852 1.0 3.5689998
52 5918 4.5 3.5689998
52 6574 1.0 3.5689998
52 6639 3.0 3.5689998
52 6659 2.0 3.5689998
52 6665 1.5 3.5689998
52 6736 2.0 3.5689998
52 6987 4.0 3.5689998
52 7036 1.0 3.5689998
52 7046 3.0 3.5689998
52 7118 3.5 3.5689998
52 7342 1.5 3.5689998
52 7827 4.0 3.5689998
52 7954 2.5 3.5689998
52 7991 4.0 3.5689998
52 8222 3.5 3.5689998
52 8369 0.5 3.5689998
52 8507 3.5 3.5689998
52 8855 1.0 3.5689998
52 8870 3.5 3.5689998
52 8906 3.0 3.5689998
53 593 5.0 3.709088
53 3751 4.0 3.0010102
53 2706 4.0 4.158975
53 2710 1.0 3.2856016
53 3005 4.0 3.1923077
53 3175 2.0 3.8039374
53 3717 1.0 2.7527156
53 1466 3.0 3.1908212
53 3113 1.0 3.2025316
54 110 4.0 3.7053049
54 318 5.0 4.50117
54 1291 4.0 4.1414475
54 60684 1.0 3.5689998
54 2728 2.0 3.9636006
54 5418 4.0 4.7972813
54 8665 4.5 3.6467094
54 56367 0.5 4.4108152
54 531 0.5 3.585159
54 55118 5.0 4.8463173
54 56145 4.5 3.5689998
54 64614 5.0 3.5689998
54 1241 4.0 4.616659
54 421 0.5 3.5689998
54 1515 1.0 3.5689998
54 3263 4.0 3.5689998
54 5608 4.0 3.5689998
54 6371 0.5 3.5689998
54 48872 4.5 3.5689998
54 50851 4.0 3.5689998
54 65135 2.5 3.5689998
54 72554 4.0 3.5689998
55 527 5.0 5.0
55 3996 5.0 5.0
55 899 5.0 4.9710855
55 1132 5.0 3.5689998
55 1172 4.0 5.0
55 154 5.0 4.1444497
55 1367 5.0 4.897168
55 3251 4.0 3.5689998
55 3067 4.0 3.5689998
55 3546 5.0 5.0
55 917 5.0 3.5689998
55 940 4.0 5.0
55 1066 5.0 3.5689998
55 1545 5.0 3.5689998
55 2899 4.0 3.5689998
55 3462 5.0 3.5689998
55 4921 4.0 3.5689998
55 4970 5.0 3.5689998
56 1136 4.0 5.0
56 1196 5.0 4.7097387
56 1219 3.0 4.643521
56 1258 2.0 5.0
56 1249 5.0 4.5997844
56 1230 4.0 4.1771207
56 908 4.0 5.0
56 1148 5.0 5.0
56 2863 4.0 5.0
56 1301 5.0 4.9224935
56 2400 4.0 3.5689998
56 2620 2.0 3.5689998
57 1101 3.5 3.4925044
57 7153 4.0 3.898323
57 2108 3.0 4.33806
57 8665 4.0 2.953834
57 63853 4.5 3.5689998
57 58 4.0 3.025282
58 608 3.0 3.6023595
58 736 3.0 2.1710792
58 762 4.0 2.7068868
58 17 4.0 4.265016
58 79 3.0 1.1231527
58 494 4.0 2.6231527
58 1552 4.0 1.4707265
58 805 4.0 3.8886502
58 837 3.0 3.3321564
58 848 3.0 3.5689998
58 808 3.0 3.5689998
58 100 4.0 2.8857143
58 631 3.0 3.5689998
58 711 3.0 3.5689998
58 1488 5.0 3.5689998
59 1372 4.0 3.2518644
59 3424 3.0 2.5196772
59 3527 4.0 3.1964808
59 647 4.0 3.5689998
59 4019 5.0 2.7458038
59 4025 4.0 0.7624384
59 3863 2.0 4.5158215
59 3952 4.0 3.5689998
59 4061 3.0 3.5689998
59 4062 3.0 3.5689998
60 541 4.5 4.673389
60 1221 4.5 4.7245946
60 2571 4.0 5.0
60 4993 4.5 5.0
60 2021 4.0 3.7938678
60 3000 4.0 3.951966
60 3552 4.0 3.5689998
60 4226 3.5 4.094306
60 5618 4.0 4.9672027
60 5782 4.0 3.5689998
60 7156 4.0 3.5689998
60 1193 4.0 4.6283813
60 4718 3.0 4.995
60 6016 4.5 4.8916783
60 48516 5.0 4.4214287
60 31410 4.5 5.0
60 2706 3.5 4.0147943
60 288 4.5 5.0
60 101 4.0 5.0
60 3535 4.5 2.370905
60 3809 4.0 3.7244446
60 7123 4.0 5.0
60 7460 4.5 5.0
60 2324 4.0 3.5689998
60 3040 3.5 3.5689998
60 4407 4.5 4.6829495
60 26228 4.0 3.5689998
60 69640 4.5 3.5689998
61 350 3.0 4.04156
61 150 5.0 4.3318367
61 471 4.0 4.32591
61 151 4.0 3.7872899
61 246 5.0 4.7813773
61 412 4.0 4.2236295
61 805 3.0 3.6578648
61 41 5.0 3.5689998
61 991 4.0 3.5689998
61 537 4.0 0.99082124
61 640 3.0 3.5689998
62 3578 1.0 3.8427763
62 4085 2.0 3.347964
62 3996 5.0 3.4458184
62 497 3.5 3.8082418
62 529 3.0 3.6518102
62 1704 2.0 3.8869243
62 435 2.0 1.1826121
62 2355 4.0 3.0945075
63 541 4.0 4.5952873
63 1127 3.0 3.5367303
63 1136 5.0 3.3054347
63 1198 4.0 4.0947766
63 1199 4.0 4.277666
63 1242 3.0 4.4137926
63 1252 5.0 4.429409
63 1262 5.0 4.8093505
63 1035 2.0 4.8685727
63 1090 3.0 3.991066
63 1131 4.0 2.920343
63 1263 5.0 4.5454526
63 1302 3.0 2.563691
63 1080 3.0 3.6242485
63 1204 5.0 3.7230694
63 1228 5.0 4.7452435
63 1921 4.0 5.0
63 2013 2.0 3.5689998
63 1371 4.0 2.1750224
63 1082 3.0 3.5689998
63 1238 4.0 3.5689998
63 1305 5.0 3.5689998
64 1753 3.0 4.866242
64 3594 4.0 3.5689998
64 4757 1.5 3.5689998
64 5222 1.5 3.5689998
65 999 4.0 3.3769841
65 2791 4.0 3.5231102
65 344 4.0 2.0162485
65 1459 3.0 3.5689998
65 1608 3.0 3.6718063
65 1663 1.0 1.758867
65 3210 1.5 3.5689998
65 1367 1.0 2.8040292
65 55282 3.0 2.6915267
65 2792 2.5 4.02396
65 3841 2.5 3.5689998
65 5049 4.5 4.258867
65 3070 2.0 3.5478437
65 2971 3.5 3.5689998
65 2311 3.0 3.5689998
65 2521 2.0 3.5689998
65 2522 2.0 3.5689998
65 3206 3.0 3.5689998
66 480 3.0 3.5957654
66 48 2.0 2.3567073
66 316 3.0 4.024304
66 10 3.0 3.643583
66 44 4.0 1.5426812
66 158 2.0 3.5689998
66 173 3.0 2.2053916
66 208 3.0 3.6777508
66 548 3.0 3.089732
66 519 2.0 1.089732
66 71 2.0 4.089732
67 592 3.0 2.5277486
67 588 4.0 3.2414684
67 597 3.0 2.0671575
67 150 4.0 3.9926388
67 329 4.0 3.0967622
67 539 3.0 3.365325
68 480 3.0 4.748417
68 589 4.0 4.5963526
68 590 5.0 4.479295
68 508 4.0 4.2673364
68 2142 2.0 2.1947913
68 2392 1.0 3.5689998
68 2393 4.0 4.265032
68 2324 4.0 4.4138503
68 1271 3.0 3.5689998
69 924 5.0 4.736497
69 1201 5.0 4.8245025
69 1206 5.0 5.0
69 1219 5.0 4.9865246
69 1283 5.0 4.2489347
69 1304 5.0 4.802365
69 1580 5.0 4.5501776
69 364 5.0 5.0
69 900 5.0 4.201506
69 1230 5.0 5.0
69 4306 3.0 4.344351
69 1095 5.0 4.8350515
69 1228 5.0 5.0
69 1269 5.0 4.4259176
69 2871 5.0 5.0
69 3253 5.0 4.435235
69 910 5.0 4.3447437
69 1178 5.0 5.0
69 1217 5.0 5.0
69 2920 5.0 2.6684792
69 3038 5.0 3.5689998
69 2023 4.0 4.1127195
69 176 5.0 1.9259177
69 599 5.0 4.6793003
69 2730 3.0 4.289539
69 2788 5.0 5.0
69 3266 5.0 1.9259177
69 3546 5.0 5.0
69 3598 1.0 5.0
69 3685 5.0 3.5689998
69 4298 5.0 5.0
69 680 5.0 4.7333775
69 2158 5.0 5.0
69 4424 5.0 3.5689998
69 495 5.0 3.5689998
69 668 5.0 3.5689998
69 1194 5.0 3.5689998
69 1904 5.0 3.5689998
69 2131 5.0 3.5689998
69 2351 5.0 3.5689998
69 2830 5.0 3.5689998
69 3307 5.0 3.5689998
69 3588 5.0 3.5689998
69 4283 5.0 3.5689998
69 4334 4.0 3.5689998
69 4390 5.0 3.5689998
69 4399 5.0 3.5689998
69 4422 5.0 3.5689998
70 648 3.5 4.1130905
70 750 4.0 4.115649
70 1197 5.0 5.0
70 1206 4.0 4.6638145
70 1210 5.0 4.1827416
70 1259 5.0 4.6344566
70 1265 4.0 3.9762113
70 1347 4.0 4.8025837
70 1387 3.0 3.9725
70 1396 4.5 4.3087554
70 1407 4.0 3.5356572
70 1573 4.5 4.4255404
70 1748 4.0 2.5734723
70 1954 3.0 4.2637563
70 1994 4.0 5.0
70 2003 4.0 4.3019276
70 2012 2.5 3.796961
70 2916 4.0 4.9287868
70 2968 4.0 4.3360767
70 3147 5.0 3.6432652
70 3476 5.0 3.0158248
70 2 3.5 4.0648055
70 34 3.0 3.7394044
70 2396 4.0 4.492525
70 1059 5.0 3.5329463
70 1639 4.0 4.283378
70 1968 5.0 4.2831035
70 1246 4.0 3.8137724
70 1499 3.0 2.292319
70 1961 3.0 4.743069
70 2100 3.0 4.121737
70 2455 3.5 4.095268
70 2683 5.0 4.4173384
70 2997 4.0 3.634222
70 4306 5.0 4.8414397
70 4546 4.5 3.3262963
70 4886 4.5 4.5329537
70 47 4.0 4.462219
70 165 4.0 3.964528
70 170 4.0 2.57185
70 277 3.5 4.3839455
70 1088 3.5 3.6053753
70 1411 4.0 4.734503
70 852 3.5 4.440527
70 223 5.0 4.31616
70 1120 4.5 3.4987495
70 1274 5.0 3.7940931
70 1517 3.0 3.8027618
70 2160 4.0 4.579584
70 2502 3.5 5.0
70 2700 3.5 4.224931
70 3210 5.0 3.8027618
70 5418 4.0 4.6431193
70 5618 5.0 4.620283
70 5679 4.5 4.455687
70 5902 2.0 4.035018
70 6874 5.0 4.2569933
70 7438 5.0 4.1057897
70 8622 4.0 4.820074
70 8874 5.0 4.352765
70 2078 3.0 4.3581877
70 4896 4.0 3.6227868
70 910 2.0 3.5462964
70 1690 3.5 3.8711836
70 4718 3.0 3.8053622
70 724 4.0 3.2337964
70 1320 4.0 4.0933723
70 3257 3.0 3.5689998
70 6979 5.0 3.9557467
70 1587 5.0 5.0
70 1801 4.0 1.4837347
70 2413 4.0 4.756055
70 4873 4.0 3.9837346
70 4321 3.0 3.844993
70 4447 4.0 3.248828
70 7254 4.0 3.1970465
70 40815 4.0 4.2237086
70 8644 3.5 4.535018
70 45722 3.0 3.5433176
70 52281 4.5 4.3880253
70 3033 4.5 4.2123537
70 627 4.0 3.5689998
70 1077 3.5 3.2848325
70 2005 5.0 3.1264007
70 2145 4.0 3.2371175
70 3785 4.0 3.6759062
70 880 3.5 4.248828
70 1911 3.0 3.0462964
70 1952 3.5 4.488283
70 5026 4.5 3.5689998
70 5379 4.0 3.5689998
70 26504 4.0 3.5689998
71 3298 0.5 3.5689998
72 50 4.0 4.846161
72 541 2.0 4.196125
72 1197 3.0 3.72543
72 1198 3.0 4.072847
72 1200 4.0 3.0399232
72 1304 4.0 3.5514581
72 1387 5.0 3.5841284
72 475 4.0 3.2643597
72 1225 4.0 4.5741286
72 1293 3.0 4.220037
72 1204 3.0 3.3834853
72 922 5.0 4.141267
72 942 5.0 3.5689998
72 1212 4.0 4.876427
72 1479 3.0 2.3194444
72 800 4.0 3.4980159
72 1603 3.0 3.5689998
72 58 4.0 4.3014946
73 1127 3.0 3.026632
73 2124 3.0 2.959335
73 7293 1.5 2.130335
73 344 2.5 1.9949397
73 410 2.5 4.191537
73 1225 4.0 3.3356128
73 2021 4.5 3.3123176
73 2329 3.0 3.7190125
73 4238 4.0 3.5689998
73 5810 2.5 3.6241963
73 6624 0.5 3.5689998
73 7173 1.5 2.6241963
73 35836 2.5 3.2428203
73 67734 0.5 3.527748
73 2792 3.5 3.5689998
73 74789 4.0 2.7389455
73 2539 2.5 3.5689998
73 700 3.0 3.5689998
73 4748 0.5 3.5689998
74 296 5.0 4.8635015
74 527 5.0 4.8974767
74 41 5.0 3.5689998
74 628 4.0 3.7832005
74 1233 5.0 4.6537967
74 55 4.0 3.5689998
74 92 3.0 3.5689998
74 117 2.0 3.7663438
75 32 3.0 3.7202048
75 198 3.0 3.6631658
75 457 3.0 3.0626223
75 492 3.0 2.8606403
75 527 5.0 4.3879957
75 924 3.0 3.7866998
75 1127 3.0 3.2008376
75 1136 3.0 3.8159988
75 1208 4.0 4.405569
75 1265 3.0 3.3564334
75 1358 5.0 3.7336876
75 224 3.0 3.5689998
75 597 1.0 2.4169612
75 934 3.0 3.2587883
75 1282 4.0 3.803808
75 316 2.0 2.9021537
75 908 3.0 3.668139
75 150 3.0 3.1911361
75 208 2.0 2.94131
75 249 3.0 3.1014497
75 351 3.0 0.5109671
75 454 2.0 2.6367693
75 587 2.0 2.6694105
75 1090 3.0 3.6572912
75 151 3.0 3.6183934
75 235 5.0 3.4419036
75 314 3.0 2.495906
75 1103 3.0 3.7576182
75 919 3.0 4.3281994
75 1367 3.0 3.3766096
75 452 4.0 2.495906
75 910 3.0 3.0719683
75 1339 3.0 3.0251384
75 1480 3.0 2.6691005
75 800 5.0 3.0633419
75 991 3.0 3.5689998
75 1093 3.0 3.1365745
75 848 3.0 3.1768796
75 176 5.0 0.7425232
75 1011 3.0 0.7425232
75 1391 3.0 2.409486
75 879 3.0 1.4925847
75 1305 3.0 3.5689998
75 363 4.0 4.2425847
75 334 5.0 3.8166056
75 562 3.0 3.8166056
75 668 4.0 3.5689998
75 148 3.0 3.5689998
75 824 5.0 3.5689998
75 947 4.0 3.5689998
75 1177 3.0 3.5689998
76 260 4.5 3.8926291
76 115617 3.5 5.0
76 68358 3.5 4.0108695
77 110 4.0 3.8118317
77 260 4.5 4.156781
77 527 4.5 4.859395
77 541 3.0 4.6355166
77 1210 3.5 3.122888
77 105 3.0 2.8795297
77 2396 4.5 4.3886333
77 2712 4.0 1.9950947
77 1247 5.0 4.331992
77 1307 4.5 3.691511
77 4993 4.5 4.320353
77 6365 4.0 2.6774447
77 1225 4.5 3.9180615
77 4027 4.5 4.314597
77 5902 3.5 4.483448
77 2023 4.5 3.802607
77 2336 4.5 4.3406568
77 5991 5.0 3.6772447
77 5816 3.5 3.625499
77 2442 4.0 3.8026686
77 645 4.0 3.5689998
77 6238 3.5 3.5689998
77 6382 4.0 3.5689998
78 296 4.0 3.6232004
78 593 2.5 4.6931243
78 5218 3.0 3.7776444
78 3481 4.0 3.7819142
78 8961 1.0 4.008074
78 74458 4.0 4.2670703
78 79139 3.5 3.9411654
78 3000 3.0 4.081866
78 5618 4.5 4.3761744
78 27706 4.5 3.3902235
78 6377 4.5 4.012917
78 26662 4.0 3.5689998
78 44195 3.0 3.4333122
78 46578 2.0 3.1224797
78 46976 4.0 4.133758
78 72226 3.5 3.633758
78 2633 2.5 4.360173
78 4878 4.5 3.5415163
78 31410 1.0 4.623954
78 44191 3.0 4.749554
78 56174 3.0 2.7409847
78 64957 4.5 4.12248
78 4873 5.0 3.5689998
78 8865 4.0 3.5689998
78 49272 1.5 3.9835608
78 60161 4.0 3.5689998
78 70286 4.0 3.7358613
78 65261 4.5 3.5689998
78 55442 5.0 4.133758
78 67508 4.0 3.5689998
78 5477 4.0 3.5689998
78 5690 3.0 3.5689998
78 6350 4.0 3.5689998
78 6672 1.0 3.5689998
78 8576 4.5 3.5689998
78 8973 2.5 3.5689998
78 31660 4.5 3.5689998
78 36517 5.0 3.5689998
78 37240 4.5 3.5689998
78 47491 4.0 3.5689998
78 55814 3.0 3.5689998
78 71108 3.0 3.5689998
78 72209 3.0 3.5689998
78 74668 4.0 3.5689998
78 85179 2.5 3.5689998
79 318 5.0 4.1699634
79 541 4.0 4.1664915
79 592 3.0 3.363452
79 1258 5.0 4.177069
79 2011 3.0 3.2134373
79 2028 4.0 4.526755
79 2194 3.0 3.359385
79 2716 2.0 3.7015052
79 1653 3.0 3.9696953
79 1569 4.0 3.364802
79 1246 4.0 3.0325992
79 1552 2.0 2.883437
79 1674 4.0 3.3102713
79 1960 3.0 4.2165413
79 2918 4.0 4.0693035
79 412 5.0 3.9054472
79 1060 5.0 2.7894232
79 1641 3.0 3.5990968
79 2174 2.0 2.8546796
79 2329 5.0 3.7627404
79 232 4.0 3.7671444
79 2324 5.0 4.3309216
79 2470 3.0 3.7310452
79 73 3.0 3.3920455
79 1244 5.0 4.263402
