1 32 2.0 3.3529944
1 296 4.0 3.4532638
1 350 3.0 2.730042
1 366 2.0 2.5875814
1 431 2.0 3.384737
1 1073 3.0 3.0768554
1 1089 5.0 3.2712026
1 1130 3.0 4.211437
1 1136 4.0 3.3911095
1 1206 4.0 4.544505
1 1208 3.0 4.707125
1 1214 3.0 4.533131
1 1215 4.0 4.000588
1 1276 3.0 4.3946376
1 1278 3.0 4.0461845
1 1291 3.0 3.6725316
1 1356 3.0 3.8694825
1 1374 3.0 3.8309875
1 1394 2.0 4.2189636
1 1580 5.0 3.62723
1 2248 2.0 4.3983283
1 2764 2.0 3.5621743
1 2973 2.0 2.9278042
1 3018 3.0 4.755987
1 3074 3.0 3.5621743
1 3576 3.0 2.2559872
1 3703 3.0 4.5616126
1 3839 4.0 3.5621743
2 153 4.0 3.1474738
2 364 5.0 3.8679008
2 500 4.0 3.1647072
2 953 5.0 3.8257978
2 1275 5.0 2.7078612
2 1584 4.0 4.0609965
2 1894 3.0 3.5621743
2 2406 4.0 3.4332628
2 3100 5.0 4.7559958
3 260 5.0 3.937463
3 364 5.0 3.8969038
3 500 5.0 4.1992292
3 1777 5.0 4.2019105
3 3 4.0 3.4564395
3 5 4.0 3.979961
3 39 4.0 3.772448
3 46 3.0 3.5621743
3 224 3.0 3.7913754
3 377 5.0 3.610564
3 595 5.0 4.870851
3 708 4.0 3.5621743
3 830 5.0 5.0
3 898 4.0 4.3840537
3 899 5.0 4.5710835
3 916 5.0 3.7913754
3 918 5.0 3.1680703
3 1028 5.0 4.7664886
3 1230 5.0 4.0363016
3 1282 3.0 4.5723825
3 1297 4.0 2.2160466
3 1381 2.0 3.5621743
3 1441 4.0 3.5621743
3 1569 4.0 3.5621743
3 1747 3.0 3.5621743
3 2038 3.0 3.2160466
3 2054 3.0 1.7838382
3 2080 4.0 4.4201374
3 2087 3.0 4.3287535
4 589 3.5 3.6721475
4 1372 3.5 3.380805
4 1573 2.0 3.6049712
4 2640 3.0 2.6159668
4 7153 5.0 4.0556135
4 45 3.0 3.220078
4 62 4.5 3.5332913
4 180 4.0 3.5621743
4 1288 3.5 4.207531
4 1499 2.0 2.1152542
4 2455 2.5 3.3605592
4 2997 1.5 2.8486435
4 3398 5.0 2.820784
4 4148 3.0 3.905989
4 4621 3.0 2.7038596
4 5952 5.0 4.192108
4 6863 4.5 3.7105262
5 915 3.5 3.5621743
5 2719 3.5 3.5621743
5 4902 5.0 3.8973
5 5364 5.0 3.5621743
5 5570 5.0 3.5621743
5 6283 2.0 2.8973
5 27831 4.0 3.5621743
5 45720 4.0 3.5621743
5 51662 3.0 3.1133704
5 59725 2.5 3.5621743
6 7153 4.0 3.888654
6 356 3.5 3.5621743
6 8961 4.0 1.7639282
6 45499 3.5 3.5621743
6 68319 3.5 2.622822
6 73321 3.5 3.3363774
6 74458 4.0 3.8846767
6 78264 3.5 3.5621743
6 78893 4.0 3.5621743
6 79139 3.5 3.122822
6 82461 2.5 3.2184532
6 85367 3.5 3.5621743
6 87876 1.0 3.5621743
6 90057 4.0 3.5621743
6 91978 3.0 3.5621743
6 93326 4.0 3.5621743
6 95067 3.0 3.5621743
6 95105 3.5 3.5621743
6 97462 3.5 3.5621743
6 97752 1.5 4.7184534
6 97913 3.5 3.40651
6 99787 0.5 3.5621743
6 103384 3.0 3.5621743
6 104211 3.5 3.5621743
6 105468 3.5 3.5621743
6 105504 3.5 3.5621743
6 106072 3.5 1.4577922
6 106540 3.0 3.5621743
6 108190 3.5 3.5621743
6 108945 1.5 3.493603
6 111113 2.5 3.5621743
6 111759 3.5 4.2184534
6 112006 4.0 3.5621743
6 112303 2.5 3.5621743
6 115664 2.5 3.5621743
6 120825 1.5 3.5621743
7 22 4.0 3.546616
7 350 4.0 3.6275067
7 367 3.0 2.663528
7 457 4.0 3.9145823
7 590 3.0 4.1623845
7 39 4.0 3.0266268
7 48 3.0 2.466693
7 594 4.0 3.7713044
7 23 4.0 3.5621743
7 79 5.0 1.3015553
7 95 5.0 3.20148
7 126 3.0 3.5621743
7 165 3.0 3.948823
7 170 4.0 2.8186545
7 172 4.0 4.086073
7 185 4.0 3.153642
7 191 4.0 3.5621743
7 237 4.0 3.9980054
7 249 4.0 3.5253723
7 292 4.0 2.7275782
7 329 3.0 3.6041913
7 342 3.0 4.8472934
7 351 1.0 3.6350245
7 355 3.0 3.4946587
7 368 4.0 3.787446
7 370 4.0 2.7484505
7 381 4.0 4.300089
7 383 3.0 4.2101755
7 466 4.0 2.781402
7 494 4.0 4.313894
8 474 4.0 4.1225834
8 593 5.0 4.8049855
8 1200 4.0 4.154403
8 1210 5.0 4.9163437
8 1270 4.0 3.953388
8 1573 5.0 3.763964
8 1597 4.0 2.7912636
8 2467 5.0 3.3949158
8 349 4.0 3.8398018
8 1721 4.0 3.7910535
8 377 4.0 3.4875617
8 2302 4.0 3.2655828
8 733 4.0 4.7462516
8 897 4.0 3.5621743
8 1299 5.0 3.5621743
8 1408 3.0 4.825391
8 1411 5.0 4.26863
8 1459 4.0 3.5621743
8 1687 5.0 3.5621743
8 2002 4.0 1.9568211
8 2021 4.0 3.4922981
8 2278 4.0 3.5621743
8 2353 5.0 3.8425975
8 2918 4.0 4.4520726
8 2952 4.0 3.5621743
8 3498 5.0 3.252353
8 3723 4.0 3.5621743
9 6 3.0 3.3604844
9 303 3.0 3.9966502
9 474 4.0 3.5194187
9 527 5.0 4.597755
9 1097 4.0 3.6376774
9 105 3.0 2.5963464
9 552 4.0 3.5621743
9 224 4.0 3.5621743
9 339 4.0 4.1570935
9 377 3.0 3.4148366
9 348 4.0 3.6436403
9 21 5.0 3.1316373
9 47 3.0 4.5542984
9 196 3.0 4.080799
9 237 4.0 3.7075965
9 329 4.0 3.5239353
9 342 2.0 4.5472045
9 380 3.0 3.2500274
9 509 5.0 4.2836847
9 539 5.0 3.309915
9 540 3.0 2.6999114
9 141 4.0 3.0644114
9 314 4.0 3.6979167
9 371 3.0 2.9725878
9 376 4.0 2.1041667
9 446 3.0 4.095992
9 505 3.0 3.5621743
9 653 3.0 4.7450905
9 852 4.0 3.2323496
9 1084 5.0 5.0
9 1094 4.0 5.0
9 1135 3.0 3.5621743
10 1206 3.0 4.635246
10 1219 3.0 4.3432593
10 1257 3.5 4.629601
10 1266 4.5 4.4433618
10 1278 4.5 3.9601681
10 1358 4.0 4.1654935
10 1394 4.5 4.4347005
10 2194 3.5 3.4428377
10 3386 4.0 4.960371
10 3793 2.5 3.607953
10 4086 2.0 3.5621743
10 1923 3.0 5.0
10 265 4.0 3.7356422
10 928 3.0 4.8909216
10 1247 4.0 3.9795187
10 1288 4.5 4.6184835
10 3481 4.5 4.326656
10 6711 4.0 3.0325441
10 1 4.0 4.053586
10 272 4.0 4.6992326
10 1084 3.5 4.0821357
10 778 4.0 3.9802663
10 923 4.0 4.8649597
10 1060 2.0 4.2833567
10 1228 4.0 4.753245
10 1269 3.5 3.6296008
10 1274 4.5 4.136724
10 1449 3.5 3.4630702
10 1885 3.5 3.7531343
10 2019 3.5 3.8877413
10 2108 5.0 3.326495
10 2160 3.5 4.237889
10 2231 4.5 3.8877413
10 2321 4.5 3.6925457
10 2795 3.5 3.5621743
10 2890 4.0 4.629601
10 3396 4.5 3.3261847
10 3468 4.5 3.5621743
10 3994 3.0 3.659891
10 4011 4.5 3.739147
10 4027 4.5 3.6242206
10 4034 4.5 3.5400646
10 4979 4.5 4.348419
10 5292 3.5 3.5621743
10 5349 4.0 4.011079
10 5617 4.0 4.6925454
10 5782 4.0 2.6753387
10 5820 3.0 3.5621743
10 6333 4.0 3.598846
10 6874 4.5 4.493281
10 7156 4.5 5.0
10 7371 4.5 3.5621743
10 8636 4.0 3.6947136
10 8874 3.5 3.997364
10 8949 2.0 4.293525
10 8983 4.0 5.0
10 27706 3.5 3.9280307
10 30898 4.0 3.5621743
11 2987 3.0 2.9488046
11 3793 3.5 2.4400218
11 1923 5.0 3.7433333
11 2959 4.0 4.3076143
11 1080 5.0 3.2750256
11 104 3.0 3.9577165
12 593 5.0 3.3225334
12 1242 2.0 3.5621743
12 3671 4.0 3.5621743
12 903 5.0 3.5633533
12 5422 2.0 3.5621743
12 5459 4.0 2.6944444
12 5481 4.0 3.5621743
12 5506 2.0 2.8417444
13 1097 2.0 4.165244
13 2987 4.5 3.7210846
13 48 4.0 2.0514019
13 1028 3.0 4.0575027
13 2014 2.5 3.5351884
13 2302 4.5 2.5820072
13 4993 4.5 4.3808513
13 5952 5.0 4.534021
13 8961 3.5 3.765893
13 158 3.0 2.898959
13 344 3.5 3.14443
13 1274 4.0 3.069991
13 4979 3.0 3.4202402
13 181 3.0 3.5621743
13 585 3.0 2.9799762
13 673 4.5 3.477405
13 1848 2.0 3.5621743
13 1917 3.5 2.732033
13 2078 4.0 2.8391278
13 2424 3.5 3.113836
13 3114 4.0 4.304458
13 3189 4.5 3.5621743
13 3945 3.5 3.5621743
13 3991 4.0 3.5621743
13 4519 3.5 3.3640835
13 5151 3.5 3.5621743
13 6625 4.0 3.5621743
13 7173 3.0 2.157198
13 8811 4.0 3.5621743
13 39183 4.0 3.5621743
13 50149 3.0 3.5621743
13 50601 3.5 3.5621743
13 53121 3.5 3.5621743
13 54503 4.0 4.5193453
13 56367 4.0 1.4083493
13 58078 4.0 3.5621743
13 58347 4.0 3.5621743
13 59333 2.0 3.5621743
13 62718 3.5 3.5621743
13 63853 4.0 3.5621743
13 66097 3.0 4.118454
13 66934 5.0 4.0945506
13 68135 3.5 3.5621743
13 69757 4.0 3.5621743
13 72226 3.0 4.1020207
13 76093 5.0 3.7826076
14 2 4.0 3.898876
14 552 3.0 3.0475543
14 261 5.0 4.3334246
14 316 3.0 3.531677
14 345 3.0 3.6951792
14 10 3.0 4.118308
14 434 2.0 3.8756838
14 161 4.0 3.4740036
14 28 5.0 3.5621743
14 31 3.0 3.5621743
14 256 3.0 3.6370192
15 110 5.0 4.7555666
15 260 4.0 4.6559916
15 541 3.0 3.5056057
15 648 3.0 4.0222273
15 750 4.0 4.288777
15 858 2.0 4.6287637
15 913 3.0 3.6090784
15 1196 4.0 4.015685
15 1997 3.0 4.5014877
15 2527 3.0 3.5621743
15 2640 5.0 3.5060554
15 36 4.0 4.460672
15 931 3.0 3.6090784
15 1204 5.0 4.1090784
15 1248 5.0 4.1090784
15 2300 5.0 3.0358295
15 906 4.0 3.5621743
15 926 4.0 4.5721483
15 943 2.0 3.5621743
15 973 5.0 3.5621743
15 1178 4.0 4.2817464
15 1250 4.0 4.303968
15 1256 5.0 3.8384688
15 1264 3.0 3.5033658
15 1334 3.0 4.065379
15 1340 5.0 3.5621743
15 1924 4.0 3.8764126
15 1938 5.0 3.5621743
15 1939 3.0 3.5621743
15 1942 5.0 3.5621743
15 2208 5.0 3.5621743
15 2362 5.0 3.5621743
15 2366 5.0 4.0159535
15 2488 4.0 4.065379
15 2528 4.0 4.3401356
15 2551 2.0 3.5621743
15 2644 4.0 4.565379
15 2657 3.0 2.3037539
15 3075 2.0 4.2817464
16 260 5.0 3.7784224
16 648 4.0 3.3307085
16 62 3.0 3.991711
16 760 3.0 3.5621743
16 804 5.0 3.5621743
16 832 4.0 4.3861904
18 1203 5.0 5.0
18 3000 4.0 4.033125
18 2428 4.0 3.3123267
18 6016 5.0 5.0
18 27773 5.0 3.5621743
18 30749 5.0 5.0
18 48516 5.0 4.9007735
19 3147 4.0 4.4744153
19 3578 4.0 3.6494381
19 3949 4.0 1.5231212
19 370 3.5 2.8520942
19 6333 4.0 3.0366488
19 7361 4.5 4.177613
19 4963 4.0 4.7221017
19 4878 4.0 3.7695084
19 4995 4.5 3.8581305
19 7445 4.0 3.5621743
19 31410 5.0 3.9639885
19 44199 3.5 3.5621743
20 296 4.0 4.236476
20 350 4.0 3.5621743
20 1374 3.0 4.9636197
20 653 4.0 3.215651
20 420 2.0 3.5621743
20 2706 3.0 4.4644
20 2710 2.5 4.9484963
21 32 4.0 4.6625953
21 5 4.0 4.2433333
21 62 4.0 4.5147886
21 376 3.0 2.8961804
21 653 4.0 4.1650467
21 832 5.0 4.285294
21 1047 3.0 4.485639
21 86 4.0 4.3863635
21 628 4.0 4.1771903
22 110 0.5 4.5224166
22 480 3.0 2.914466
22 589 1.0 3.6919384
22 261 3.5 3.6562414
22 356 5.0 3.206575
22 830 4.5 2.6372128
22 44 0.5 3.4395108
22 150 3.0 3.8777878
22 1186 4.0 4.4694495
22 3988 1.5 2.4847126
22 41571 4.5 3.5621743
23 110 5.0 4.379395
23 366 4.0 2.8430462
23 589 4.0 4.4032373
23 1198 5.0 4.0239525
23 1258 5.0 4.427684
23 1527 3.0 4.2787824
23 2288 5.0 2.7863646
23 1249 4.0 3.429649
23 1377 2.0 3.8336947
23 2617 5.0 2.5242865
23 163 2.0 4.105498
23 1644 4.0 2.485739
23 2719 3.0 3.9568892
23 173 2.0 2.9615812
23 292 3.0 2.8961673
23 344 2.0 3.0627267
23 466 3.0 2.0506809
23 1370 4.0 1.4876614
23 2628 4.0 2.9306793
23 3256 4.0 2.0891178
23 1690 4.0 4.186609
23 1831 3.0 2.9674602
23 786 3.0 2.7536268
23 1586 3.0 3.5621743
23 1717 3.0 2.8143613
23 1862 3.0 3.8143613
23 1973 4.0 3.3143613
23 2241 3.0 3.5621743
23 2616 2.0 3.4876614
23 2903 3.0 3.8143613
23 4002 4.0 3.5621743
24 110 5.0 4.609185
24 590 4.0 3.8113873
24 1678 5.0 4.296813
24 380 5.0 3.867403
24 529 5.0 4.051431
24 1094 5.0 5.0
24 802 5.0 3.521905
24 800 4.0 4.355493
24 1051 4.0 3.5621743
25 2713 3.0 2.3971782
25 2856 5.0 3.5621743
25 2276 3.0 3.5621743
25 2714 4.0 3.5621743
25 2724 4.0 3.5621743
25 2734 4.0 3.5621743
25 2888 3.0 3.5621743
25 3203 5.0 4.426282
26 50 5.0 4.708015
26 593 5.0 4.165487
26 339 3.0 4.0641413
26 150 4.0 4.1168613
26 208 3.0 3.9300675
27 1089 5.0 3.8138714
27 5014 4.0 3.5621743
27 3751 4.0 3.9930604
27 45728 4.0 3.5621743
27 4351 3.5 5.0
27 6893 5.0 3.5621743
28 1199 5.0 3.8872192
28 329 1.0 2.193902
28 1957 4.0 3.1746345
28 1779 2.0 0.9814995
28 2723 3.0 1.8367932
29 1200 3.0 4.887133
29 1270 3.0 4.912396
29 3108 5.0 5.0
29 919 5.0 4.321246
29 1292 4.0 2.679351
29 1995 2.0 3.5621743
29 2132 5.0 4.7224183
29 2245 4.0 2.7224183
29 3015 3.0 3.5621743
29 3626 3.0 3.5621743
30 367 5.0 2.5962198
30 474 5.0 3.527071
30 593 4.0 3.7892606
30 648 3.0 4.407351
30 780 5.0 4.478844
30 266 5.0 3.933821
30 356 5.0 4.449985
30 440 5.0 3.2573526
30 413 3.0 3.6929824
30 44 4.0 4.2348
30 165 3.0 3.0564902
30 355 3.0 3.254863
30 380 4.0 3.706986
30 442 3.0 3.5218353
30 485 3.0 3.582285
30 520 2.0 3.6782846
30 539 4.0 3.4250298
30 540 3.0 2.7273235
30 508 3.0 4.552092
30 420 3.0 3.5621743
30 71 4.0 2.131579
30 216 4.0 4.0662394
30 276 3.0 3.5621743
30 546 1.0 3.9884372
31 198 5.0 3.342786
31 260 3.0 3.7030776
31 553 2.0 3.8773746
31 589 3.0 3.526772
31 648 3.0 3.2711565
31 1036 4.0 4.270817
31 1089 4.0 3.2276351
31 1136 5.0 3.6892416
31 1208 5.0 3.733883
31 1215 4.0 3.660223
31 1219 4.0 3.6788528
31 1258 5.0 3.5140104
31 1262 4.0 4.0185766
31 1265 4.0 2.2988296
31 1287 3.0 2.615263
31 1358 4.0 3.6062515
31 1580 3.0 3.604267
31 1627 1.5 2.615263
31 2001 4.0 3.0900316
31 2288 5.0 3.5447757
31 2478 0.5 2.046589
31 2529 4.0 3.4397495
31 2571 3.5 3.4420702
31 2701 0.5 1.6907958
31 2901 4.0 4.772347
31 2944 5.0 3.5750916
31 3386 3.5 4.037746
31 3839 4.0 3.5621743
31 500 0.5 3.0683937
31 1101 1.0 2.803136
31 1377 0.5 3.1603978
31 2067 4.0 3.631852
31 2617 1.0 2.7177398
31 5 0.5 3.1671278
31 588 2.0 3.6205876
31 916 3.0 3.005061
31 1247 4.0 3.1956186
31 1296 0.5 3.140782
31 441 3.0 2.49381
31 1268 0.5 3.5621743
31 1288 4.0 3.9014368
31 2997 3.0 3.6557713
31 4014 0.5 3.2391691
31 16 5.0 2.326902
31 44 0.5 3.67292
31 370 1.0 2.2242355
31 374 0.5 2.2542896
31 410 4.0 3.3214061
31 464 3.0 2.4538717
31 494 2.0 3.124363
31 1225 5.0 3.4489946
31 1960 3.0 3.8437133
31 3256 0.5 1.6014563
31 52 1.0 2.662119
31 246 4.0 4.199192
31 1095 5.0 3.618061
31 1079 4.0 3.3622031
31 1224 4.0 3.5246854
31 1248 5.0 3.3703992
31 2019 4.0 3.3439567
31 2231 3.0 3.2581406
31 3052 0.5 3.4111543
31 3267 3.0 2.8703992
31 3360 4.0 4.370399
31 3396 4.0 2.671184
31 4027 3.5 3.748792
31 4036 2.0 0.87039924
31 5013 3.0 3.3703992
31 5617 3.0 3.9194999
31 5679 2.5 3.0036745
31 6333 3.0 3.6436212
31 6539 3.0 3.431638
31 1193 4.5 3.63767
31 912 4.5 3.6994197
31 2139 4.0 2.6274755
31 4308 3.0 4.1974945
31 6502 2.0 3.791106
31 8641 4.5 4.1377964
31 306 2.0 3.19645
31 1250 3.5 3.5573177
31 1284 5.0 4.5402
31 2202 2.0 3.5621743
31 2633 2.0 3.8267002
31 327 0.5 1.8964877
31 3269 0.5 2.3460333
31 4235 5.0 1.7233163
31 6016 5.0 3.571357
31 5378 3.5 2.3857465
31 7445 4.0 3.5621743
31 44199 5.0 3.5621743
31 6893 5.0 3.5621743
31 6979 2.5 3.338431
31 1251 4.0 3.0172045
31 29 4.5 3.3765917
31 89 1.0 3.5621743
31 176 0.5 4.3390336
31 177 3.0 2.8267002
31 326 2.0 3.5621743
31 407 5.0 3.8267002
31 429 4.5 3.5621743
31 482 3.0 3.5621743
31 565 4.5 1.8267001
31 694 0.5 3.5621743
31 970 5.0 3.5621743
31 1013 0.5 1.8334693
31 1128 2.0 3.5621743
31 1167 0.5 3.5621743
31 1279 3.5 3.5621743
31 1483 5.0 3.5621743
31 1615 4.0 3.5621743
31 1665 0.5 4.3460336
31 1788 4.0 2.5402
31 1827 4.0 3.5621743
31 1889 5.0 3.5621743
31 1912 4.5 3.2581406
31 2006 3.0 2.066178
31 2027 0.5 3.5621743
31 2077 2.0 3.5621743
31 2109 2.0 3.5621743
31 2143 0.5 4.101456
31 2165 3.0 3.2581406
31 2273 0.5 3.5621743
31 2328 4.0 3.8267002
31 2372 2.0 2.713292
31 2399 0.5 3.5621743
31 2431 0.5 4.3460336
31 2440 4.0 3.5621743
31 2511 4.5 3.5621743
31 2600 4.0 3.5621743
31 2606 4.0 3.5621743
31 2729 3.5 3.5621743
31 2732 0.5 3.543067
31 2798 0.5 1.6443667
31 2841 3.5 3.5621743
31 2847 5.0 3.5621743
31 2892 5.0 3.5621743
31 2905 4.0 3.4447308
31 2936 3.0 3.5621743
31 2953 0.5 2.3460333
31 2982 4.5 3.5621743
31 3006 4.0 3.5621743
31 3007 5.0 3.5621743
31 3008 3.0 3.5621743
31 3013 2.5 2.8267002
31 3028 0.5 3.5621743
31 3030 5.0 3.543067
31 3034 4.0 3.66117
31 3175 3.0 2.6511936
31 3266 0.5 3.543067
31 3300 3.0 3.239192
31 3427 4.0 3.5621743
31 3546 5.0 3.521469
31 3593 0.5 0.94983995
31 3622 4.0 3.5621743
31 3697 2.5 3.0504856
31 3727 5.0 4.541422
31 3728 4.5 3.543067
31 3826 4.5 3.0467968
31 3840 2.0 4.3267
31 3893 2.0 3.2581406
31 3955 0.5 3.3460333
31 4149 3.0 3.3460333
31 4210 3.0 3.5621743
31 4212 1.0 3.5621743
31 4232 2.0 1.6014563
31 4239 0.5 2.6443667
31 4298 5.0 3.543067
31 4339 2.0 3.5621743
31 4378 4.0 4.0135913
31 4380 3.5 3.5621743
31 4426 5.0 3.5621743
31 4479 4.5 3.5621743
31 4498 2.0 3.5621743
31 4542 2.0 3.5621743
31 4710 4.0 3.5621743
31 4857 3.0 2.8527
31 4881 3.5 3.5621743
31 4901 2.0 3.5621743
31 4911 2.0 3.5621743
31 4916 0.5 3.5621743
31 4932 1.0 3.5621743
31 5021 3.0 3.5621743
31 5110 3.5 3.5621743
31 5199 1.5 3.5621743
31 5266 2.0 3.5621743
31 5426 4.5 3.5621743
31 5435 2.0 3.5621743
31 5472 3.0 3.5621743
31 5479 4.5 3.5621743
31 5572 3.0 3.5621743
31 5653 5.0 3.5621743
31 5712 2.0 3.5621743
31 5793 0.5 3.5621743
31 5867 4.0 3.5621743
31 5881 2.0 3.5621743
31 5891 0.5 3.3267002
31 5909 5.0 3.5621743
31 5938 1.0 3.5621743
31 5986 4.5 3.5621743
31 6021 3.0 3.5621743
31 6166 1.0 3.5621743
31 6197 4.5 3.5621743
31 6260 0.5 3.5621743
31 6294 0.5 3.5621743
31 6401 3.0 3.5621743
31 6440 5.0 3.5621743
31 6448 4.5 3.5621743
31 6629 3.5 3.5621743
31 6721 3.5 3.5621743
31 6774 5.0 4.7534556
31 6808 4.5 3.5621743
31 6852 4.0 3.5621743
31 6869 3.5 3.5621743
31 6990 3.0 3.5621743
31 7013 4.5 3.5621743
31 7022 3.5 4.3267
31 7032 4.5 3.5621743
31 7076 4.5 3.5621743
31 7123 4.5 4.208416
31 7171 5.0 3.5621743
31 7235 5.0 3.8267002
31 7247 0.5 3.1014564
31 7368 5.0 3.5621743
31 7410 5.0 3.5621743
31 7413 3.0 3.5621743
31 7700 1.0 3.5621743
31 7918 0.5 3.5621743
31 7981 4.5 3.5621743
31 8141 4.0 3.5621743
31 8142 5.0 3.5621743
31 8257 1.0 3.5621743
31 8527 5.0 3.5621743
31 8711 3.0 3.5621743
31 8751 5.0 3.5621743
31 8947 4.0 3.5621743
31 26285 3.0 3.3267002
31 26350 5.0 3.5621743
31 26713 4.5 3.5621743
31 27728 5.0 3.5621743
31 30707 5.0 3.5621743
31 31485 3.0 3.5621743
31 32011 3.5 3.5621743
31 32371 3.0 3.5621743
31 34323 3.0 3.5621743
31 40412 1.0 3.5621743
31 51540 4.5 3.6014564
32 527 1.5 4.962703
32 1304 3.5 3.0570643
32 1372 4.0 3.612046
32 2011 5.0 3.8320973
32 1923 3.0 5.0
32 3408 4.0 4.016886
32 48 1.0 2.9728668
32 934 3.5 3.3700626
32 2100 4.0 3.0367677
32 2302 3.0 3.1715899
32 3481 3.5 3.683975
32 4008 2.5 2.8089626
32 4993 5.0 4.6776953
32 539 3.5 3.2872434
32 1302 3.5 2.5823767
32 1393 3.5 3.1485243
32 1957 4.5 4.279787
32 2352 3.5 3.8676472
32 919 3.5 3.9697027
32 6893 4.0 3.5621743
32 3175 5.0 3.3859432
32 1395 2.5 3.4807692
32 1962 4.0 3.5621743
32 2376 3.5 3.5621743
32 2469 4.5 3.5621743
32 3310 4.0 3.5621743
32 6617 4.0 3.5621743
32 7161 3.5 3.5621743
33 1376 4.0 1.5462415
33 48 3.5 2.9488888
33 1282 3.0 3.8729484
33 3114 4.0 4.4268947
34 474 3.0 3.1043942
34 527 4.0 4.410601
34 349 4.0 2.480606
34 165 4.0 3.1748984
34 370 3.0 1.7397882
34 161 3.0 3.0257585
35 22 3.0 2.8756187
35 1266 4.5 3.9145074
35 2028 4.5 3.7003665
35 1377 4.0 3.2097888
35 1148 4.5 3.8000808
35 70 3.5 4.26743
36 32 3.0 3.7756438
36 50 4.0 3.4501567
36 1270 1.0 3.4267921
36 1610 2.5 3.0919895
36 2028 4.5 2.3727167
36 3147 4.0 2.6963675
36 3578 5.0 2.3931618
36 3996 3.0 3.310754
36 7153 4.5 3.8373356
36 265 4.5 3.085838
36 4022 2.0 2.7718592
36 4993 4.5 3.8477561
36 5952 4.0 3.7157242
36 2565 3.5 3.5621743
36 4886 3.5 3.3236787
36 1 2.5 3.817711
36 381 5.0 3.4527953
36 2353 2.5 3.0172067
36 223 2.0 3.9798596
36 3751 3.0 3.60867
36 5679 3.0 3.2252417
36 8464 2.0 3.3246613
36 1784 1.5 3.6150064
36 1027 2.0 3.5621743
36 5995 1.0 3.293664
36 4995 4.5 3.7037585
36 2739 3.0 4.5986285
36 1371 1.0 1.1964117
36 337 1.5 4.0307474
36 4019 3.5 4.250446
36 4239 2.5 2.5986288
36 4720 3.0 3.5621743
36 4734 1.0 3.0172067
36 8798 3.0 3.5621743
36 1962 2.5 2.2124023
36 1061 2.5 2.5986288
36 4328 2.0 3.5621743
36 4880 4.0 3.5621743
36 7579 2.0 3.5621743
36 8784 2.5 3.5557182
36 8970 3.5 3.5621743
36 30812 2.5 3.0942397
36 34048 5.0 3.5621743
37 318 5.0 4.849994
37 480 4.0 3.9895856
37 541 4.0 3.8444464
37 593 4.5 3.599507
37 780 5.0 2.8397813
37 1136 5.0 3.1330223
37 1196 3.5 3.696687
37 1210 4.0 3.2371192
37 1219 3.0 4.4530396
37 1220 3.5 4.0967765
37 1610 4.5 3.9303749
37 2716 3.5 3.290549
37 500 3.5 3.956834
37 4022 3.5 3.188464
37 48385 4.0 3.4685798
37 1 5.0 4.452383
37 2918 4.5 4.097786
37 4226 4.0 3.2465022
37 5418 3.5 4.34351
37 5445 4.5 4.0120535
37 6807 4.5 3.5709634
37 8665 4.0 4.2479377
37 1193 4.0 3.5908465
37 1917 3.0 2.673388
37 6377 4.5 3.915634
37 44195 2.5 4.100634
37 2301 4.0 3.9397619
37 4994 3.0 3.5621743
37 5816 3.5 3.4509604
37 45722 3.5 2.6566732
37 52245 4.0 4.1566734
37 68358 5.0 4.277713
38 7153 5.0 4.9508038
38 4973 5.0 4.6603446
38 170 2.5 4.1960936
38 7361 5.0 5.0
38 6016 4.5 4.7403936
38 1479 3.0 4.645488
38 7254 4.0 4.42995
38 2641 4.0 3.5621743
38 3510 3.0 4.292187
38 27611 4.0 5.0
38 70286 4.5 4.6806526
38 80917 4.0 3.5621743
39 110 4.0 3.26039
39 527 3.0 3.8770905
39 1136 3.5 1.9954141
39 1199 3.5 3.5479155
39 1221 0.5 4.311015
39 1240 4.5 3.1359823
39 1527 3.0 3.630765
39 1748 3.5 1.7759813
39 1965 4.5 4.0704503
39 2009 3.0 3.8756163
39 2571 4.5 3.5671453
39 2985 3.0 3.3198035
39 1923 2.0 3.0565202
39 88125 0.5 3.009079
39 45517 4.0 3.2173924
39 3704 3.0 2.097943
39 7022 4.0 4.0371866
39 49272 3.0 2.1732948
39 26614 3.0 3.5853388
39 86332 0.5 3.5621743
39 96610 4.0 2.3472183
40 480 4.5 3.7413197
40 589 4.0 3.912869
40 1097 3.5 3.2186007
40 1210 4.0 4.1591315
40 1240 3.0 3.9322314
40 1259 3.5 3.7030773
40 1270 3.5 4.069889
40 1580 3.5 3.549972
40 48 4.0 2.2793908
40 1029 3.0 4.049988
40 1031 3.5 2.5804
40 1032 4.0 2.85643
40 1639 4.0 3.0997577
40 2395 5.0 5.0
40 2683 3.0 3.863644
40 4993 5.0 4.1014333
40 6365 2.0 3.1829512
40 45499 3.0 3.3048153
40 78893 3.0 3.5621743
40 103042 4.5 3.2815468
40 103253 3.5 3.7815468
40 104841 3.5 3.2815468
40 106072 3.5 1.739339
40 111362 4.0 4.031692
40 150 3.5 4.015441
40 158 3.0 2.5969884
40 454 3.0 3.2187576
40 2918 4.5 4.297212
40 3671 4.0 3.645802
40 4979 4.5 4.898544
40 5618 4.0 4.0377364
40 5989 3.5 3.3671093
40 6333 4.0 3.1461813
40 8874 3.5 3.8176506
40 6377 4.0 3.7513533
40 35836 3.5 3.6548884
40 39183 5.0 3.5621743
40 44195 4.0 3.5156736
40 68269 4.0 3.9054494
40 76093 4.0 3.5621743
40 253 4.0 2.449177
40 2657 2.5 3.2048216
40 5995 4.5 3.8464036
40 44191 5.0 3.6404731
40 788 2.0 4.5012436
40 64957 4.0 4.404369
40 2335 2.0 4.3904796
40 70 3.5 4.398544
40 101 3.5 3.745986
40 1222 3.5 3.3715744
40 1342 4.0 3.3985436
40 2033 2.0 2.1543534
40 2089 3.0 2.2972121
40 4103 4.0 5.0
40 4816 3.5 3.3985436
40 6378 3.5 3.8778343
40 8528 3.0 3.8985436
40 34405 5.0 3.5570025
40 49272 2.0 2.6253603
40 8970 4.0 3.5621743
40 34048 3.5 3.5621743
40 6373 3.0 3.5628319
40 77561 4.5 2.3048153
40 68237 4.0 3.3631885
40 48394 5.0 3.9043689
40 88140 3.5 3.5621743
40 2161 5.0 0.93106914
40 2893 4.5 3.5621743
40 3615 3.0 3.5621743
40 3624 3.5 3.5621743
40 4270 3.0 3.557582
40 6218 2.5 3.557582
40 6882 4.5 3.5621743
40 7454 3.5 3.5621743
40 7742 3.5 3.5621743
40 8640 3.5 3.5621743
40 27839 3.0 3.5621743
40 34150 3.0 3.5621743
40 42002 5.0 3.5621743
40 46970 3.0 3.5621743
40 60293 4.0 3.5621743
40 64983 3.0 3.5621743
40 66544 3.5 3.5621743
40 72393 2.5 3.5621743
40 74754 5.0 3.5621743
40 76251 4.5 3.4043689
40 83613 2.5 3.5621743
40 87192 4.0 3.5621743
40 87232 3.5 3.5621743
40 89472 3.0 3.5621743
40 89864 4.0 3.5621743
40 94780 3.0 3.5621743
40 94813 1.0 3.5621743
40 95510 4.0 3.5621743
40 100810 4.0 3.5621743
40 106030 4.0 3.5621743
40 106489 4.0 3.5621743
41 594 5.0 4.686808
41 1035 5.0 5.0
41 2080 4.0 4.2946825
41 2081 5.0 4.4284687
41 783 3.0 3.6616688
41 609 4.0 3.5621743
42 480 3.0 3.8476686
42 34 3.0 3.686111
42 500 3.0 3.30035
42 236 3.0 3.3349552
42 329 3.0 3.517829
42 454 3.0 3.2586594
42 235 2.0 2.165323
43 296 5.0 4.0349646
43 153 3.0 2.3385282
43 434 3.0 3.3714511
43 535 5.0 4.0858808
43 302 5.0 3.5621743
44 32 5.0 3.9726293
44 457 3.5 4.151278
44 480 4.0 4.154589
44 593 4.5 4.348122
44 608 4.5 4.151145
44 1198 4.5 4.1343036
44 1240 4.0 4.403447
44 1580 3.5 4.3699336
44 1997 3.0 4.687504
44 2542 4.0 3.8366222
44 2916 4.0 4.9531727
44 3527 3.5 3.8288152
44 3699 3.5 4.1317167
44 2115 4.5 4.0882707
44 3949 5.0 2.4918847
44 7147 5.0 3.4089987
44 2762 4.5 4.269827
44 4886 5.0 4.62922
44 59315 3.5 4.2301197
44 91529 4.0 2.6527817
44 103141 3.5 3.5621743
44 103253 3.5 3.5621743
44 104841 4.0 3.5621743
44 21 3.0 3.555926
44 1213 4.0 4.5339184
44 1263 4.0 5.0
44 3176 4.0 4.121409
44 551 5.0 4.454814
44 778 4.5 3.9574084
44 1204 4.0 4.387372
44 4011 4.0 4.1552773
44 4979 4.0 4.317627
44 6874 4.0 3.9625616
44 7438 4.0 4.361791
44 32587 4.0 5.0
44 903 4.0 4.8410645
44 76093 4.0 4.152782
44 3081 4.5 4.1547656
44 54286 3.0 3.5621743
44 70286 4.0 4.3690934
44 91658 4.5 2.1527817
44 31658 5.0 4.297372
44 81591 5.0 3.5621743
44 101864 3.0 3.5621743
44 8529 3.5 3.5621743
44 81834 3.5 3.5621743
44 88810 4.0 3.5621743
44 100714 4.0 3.5621743
45 480 3.0 3.5341468
45 541 5.0 4.537689
45 589 4.0 3.7761185
45 780 3.0 2.7283788
45 924 5.0 4.740663
45 1089 5.0 3.9699285
45 1136 5.0 3.4078531
45 1196 5.0 3.860767
45 1262 5.0 4.6879854
45 1270 3.0 4.260728
45 1347 4.0 4.624219
45 1372 4.0 2.9799871
45 1396 3.0 4.763821
45 1580 3.0 3.4282002
45 1954 5.0 3.4122577
45 2011 2.0 3.8801453
45 2716 2.0 4.1833196
45 2804 5.0 4.661801
45 3702 4.0 3.801793
45 3793 4.0 3.6357338
45 364 5.0 3.9843059
45 552 3.0 3.2356637
45 1101 3.0 3.5785234
45 1721 2.0 3.9975529
45 1923 3.0 5.0
45 2406 4.0 3.4898899
45 3623 3.0 3.3175464
45 588 4.0 3.4845803
45 1035 5.0 2.4992876
45 62 3.0 4.057638
45 1246 5.0 3.4841008
45 1268 4.0 4.384033
45 2395 4.0 4.7042084
45 2709 4.0 4.884033
45 3481 5.0 4.0316544
45 2959 4.0 4.9172583
45 10 4.0 3.6190944
45 47 4.0 4.450769
45 173 2.0 3.003986
45 342 3.0 4.7875977
45 442 2.0 3.40816
45 475 4.0 4.191724
45 509 5.0 4.7734804
45 539 3.0 3.0892158
45 616 5.0 3.8735461
45 1183 3.0 4.8983397
45 1682 3.0 4.0987806
45 1957 5.0 4.5585523
45 1960 5.0 4.838705
45 2728 4.0 3.0296009
45 2949 4.0 4.7983904
45 246 4.0 4.853897
45 1095 3.0 4.3301625
45 535 3.0 5.0
45 778 4.0 3.7890174
45 1223 5.0 3.8962991
45 1885 2.0 3.5627797
45 3267 5.0 3.6122587
45 3360 4.0 5.0
45 3751 4.0 4.3544774
45 4011 5.0 4.3330784
45 837 3.0 3.5621743
45 1588 4.0 3.3433158
45 1688 3.0 3.550442
45 1967 4.0 4.9636993
45 31 2.0 3.5621743
45 969 4.0 4.3099365
45 2551 4.0 5.0
45 2867 3.0 3.325188
45 3088 5.0 4.161229
45 849 3.0 3.7928917
45 1480 3.0 3.8432465
45 3082 3.0 4.254198
45 519 2.0 1.2129806
45 2671 4.0 2.3862262
45 1207 5.0 3.6175814
45 1391 3.0 2.5905046
45 1649 5.0 4.7418594
45 1884 4.0 4.6240582
45 2090 5.0 2.934621
45 2116 3.0 4.7418594
45 2720 3.0 1.7551124
45 2788 5.0 4.5839415
45 2926 1.0 4.7418594
45 3429 5.0 5.0
45 4103 5.0 5.0
45 2336 4.0 4.384661
45 2641 1.0 2.0726297
45 2313 4.0 4.52619
45 94 4.0 3.007825
45 121 3.0 3.5621743
45 242 4.0 3.5621743
45 379 2.0 3.5621743
45 1030 3.0 3.5753288
45 1306 4.0 3.5621743
45 1730 5.0 3.5621743
45 2145 3.0 3.8048043
45 2151 4.0 3.5621743
45 2357 4.0 3.5621743
45 2390 4.0 3.5621743
45 2414 2.0 3.5621743
45 2421 2.0 3.5621743
45 2808 1.0 3.5621743
45 2872 4.0 3.3224356
45 3287 3.0 4.014051
45 3452 4.0 3.5621743
45 3819 5.0 4.2849264
45 4117 5.0 3.5621743
46 527 5.0 5.0
46 1198 4.0 4.0206275
46 1356 5.0 3.714274
46 2001 4.0 3.9859488
46 3273 3.0 3.3721752
46 3483 4.0 3.5621743
46 2428 3.0 1.3721751
46 2710 4.0 2.937583
46 2976 3.0 3.5621743
46 3535 5.0 3.3721752
46 3826 3.0 3.5621743
46 3615 4.0 3.5621743
46 3452 4.0 3.5621743
46 799 4.0 3.5621743
46 3316 3.0 3.5621743
46 3556 4.0 3.5621743
46 3617 4.0 3.5621743
46 3946 3.0 3.5621743
47 457 4.0 3.9389896
47 593 3.0 3.877474
47 344 2.0 2.650232
47 161 4.0 3.096427
48 780 5.0 3.3537273
48 1242 4.0 3.390793
48 1261 3.0 4.4856477
48 1265 4.0 3.481144
48 1291 4.0 3.7598853
48 1387 5.0 4.1813335
48 1573 4.0 4.012719
48 1689 4.0 2.079375
48 1954 4.0 3.360923
48 2478 5.0 2.5273159
48 2692 5.0 4.054935
48 2716 5.0 3.504029
48 2791 5.0 4.0151873
48 3578 5.0 3.4335449
48 5060 4.0 4.403992
48 364 4.0 3.8140607
48 1101 4.0 3.731913
48 356 4.0 4.542361
48 588 4.0 3.7400317
48 1022 2.0 3.9407554
48 1032 3.0 3.2892075
48 2080 2.0 4.1081233
48 1499 4.0 2.8889787
48 2302 3.0 2.8070436
48 2959 5.0 4.6125693
48 317 4.0 3.5341315
48 329 4.0 4.130555
48 344 5.0 4.038645
48 520 5.0 3.6286225
48 539 2.0 3.9894612
48 1608 5.0 3.9972284
48 2628 5.0 3.294547
48 2700 5.0 3.6843722
48 3253 4.0 3.598872
48 3994 4.0 3.6729484
48 4226 5.0 4.341325
48 661 3.0 4.201463
48 673 4.0 2.8172257
48 2018 2.0 5.0
48 2082 4.0 2.1530035
48 2092 2.0 3.1608722
48 256 3.0 3.5621743
48 4718 5.0 3.2500765
48 761 4.0 3.5621743
48 3354 4.0 3.1663053
48 2770 4.0 2.9252973
48 2004 4.0 2.3677778
48 2393 4.0 3.9484782
48 2723 4.0 1.8504424
48 1015 4.0 1.1539665
48 1017 4.0 2.6539667
48 1391 4.0 1.8305119
48 1603 4.0 3.476961
48 1681 5.0 1.1539665
48 2006 4.0 3.0464756
48 2027 4.0 3.5621743
48 2033 2.0 1.1539665
48 2090 3.0 2.6539667
48 2273 5.0 3.5621743
48 4019 5.0 3.5204718
48 4370 4.0 3.1780767
48 4571 4.0 3.830512
48 3310 4.0 3.5621743
48 2470 4.0 3.308702
48 1702 4.0 3.5621743
48 4446 4.0 4.2169113
48 12 5.0 3.5621743
48 688 3.0 3.5621743
48 737 2.0 3.5621743
48 743 4.0 3.5621743
48 798 5.0 3.5621743
48 801 2.0 3.5621743
48 870 1.0 3.5621743
48 880 4.0 3.1531527
48 1049 4.0 4.14303
48 2036 3.0 3.5621743
48 2363 3.0 3.5621743
48 3399 2.0 3.5621743
48 3412 3.0 3.5621743
48 3450 4.0 3.5621743
48 3784 4.0 3.5621743
48 3986 5.0 3.3130047
48 4153 4.0 3.5621743
48 4343 4.0 3.5621743
49 260 5.0 4.415441
49 480 3.0 3.6955726
49 968 4.0 3.7131803
49 1953 4.0 3.8168886
49 2683 4.0 4.174481
49 1135 3.0 3.5621743
49 3219 3.0 3.5621743
49 2688 3.0 4.419048
49 3174 3.0 3.5621743
49 3326 2.0 3.5621743
50 2529 5.0 3.404246
50 3793 3.5 4.198056
50 1282 3.5 3.972541
50 2081 3.5 4.023782
50 5952 5.0 4.687082
50 6365 4.5 3.536856
50 1088 2.0 2.894807
50 3176 4.0 4.9094543
50 6539 5.0 4.142736
50 3988 4.0 3.5104952
50 6266 4.0 3.3478675
50 2671 2.0 3.49797
50 4161 4.5 3.4699779
50 6537 5.0 3.5621743
50 5991 3.5 4.522243
50 3156 3.0 4.1869955
50 3159 3.5 3.1869953
50 2618 3.5 3.5621743
50 3155 3.5 3.5621743
50 5480 4.5 3.5621743
50 6503 5.0 3.5621743
50 6564 5.0 3.5621743
51 50 5.0 3.5158126
51 318 4.0 4.8165684
51 480 3.0 3.6539614
51 589 3.0 3.9448838
51 1270 5.0 3.7708752
51 1997 5.0 4.851271
51 39 4.0 3.4154358
51 1247 3.0 3.7771375
51 1381 1.0 3.5621743
51 1961 5.0 3.075154
51 2997 2.0 3.5628183
51 4621 3.0 2.7016666
51 353 4.0 2.3438256
51 2329 5.0 3.7742684
51 2599 5.0 4.2464056
51 3114 4.0 3.5011735
51 4039 3.0 3.5621743
51 26 4.0 3.3542724
51 31 3.0 3.5621743
51 1345 5.0 4.482199
51 2413 5.0 3.4815774
51 3499 3.0 3.1132085
51 2336 5.0 3.9013712
51 2541 4.0 2.8120139
51 2995 2.0 3.0157661
51 1330 1.0 3.5621743
51 2369 3.0 1.5440476
51 3835 2.0 3.5621743
52 589 3.0 3.2921982
52 1200 3.0 2.9615889
52 2529 4.0 2.460074
52 2968 3.5 3.0016782
52 3703 4.0 4.0042458
52 2455 4.0 3.1296186
52 3503 3.5 1.2089685
52 16 2.5 2.7909162
52 112 2.5 2.9806824
52 1350 2.5 2.543699
52 2174 1.5 2.4782455
52 1917 0.5 2.1581767
52 253 1.5 1.8800944
52 1690 3.0 2.623693
52 832 3.0 2.1934733
52 273 2.5 2.5067692
52 1971 3.0 3.1856387
52 1975 2.5 2.1856387
52 2793 2.0 3.1856387
52 6979 3.0 3.397689
52 426 3.5 2.6732998
52 610 3.0 2.3970528
52 735 3.5 4.6733
52 1128 4.0 3.5621743
52 1327 3.0 0.5
52 1342 4.0 2.6732998
52 1676 2.5 2.9939456
52 1999 4.0 1.6732999
52 2377 3.5 2.6732998
52 2459 4.5 4.6733
52 2606 3.0 3.5621743
52 2982 3.0 3.5621743
52 3175 3.5 2.276299
52 3535 0.5 2.7684536
52 3587 4.5 1.1732999
52 3837 3.5 3.1732998
52 3892 3.5 2.6732998
52 4437 5.0 2.6732998
52 5105 3.5 0.5
52 5323 3.0 1.6732999
52 6500 2.5 3.1732998
52 6629 4.0 3.5621743
52 7236 2.0 4.6733
52 1388 0.5 1.204807
52 3033 2.5 3.5154452
52 4270 1.5 3.5621743
52 742 2.5 3.5621743
52 3785 3.0 1.768408
52 1330 1.0 3.5621743
52 1991 3.0 1.3176666
52 611 3.0 3.5621743
52 1322 1.0 3.5621743
52 1326 3.5 3.5621743
52 1335 2.5 3.5621743
52 1655 1.5 3.5621743
52 1983 2.0 3.5621743
52 2121 3.5 3.5621743
52 2158 4.0 3.216367
52 2514 1.0 3.5621743
52 2530 3.5 3.5621743
52 2554 1.5 3.5621743
52 2613 2.5 3.5621743
52 2784 3.5 3.5621743
52 2868 3.0 3.5621743
52 3021 3.0 3.5621743
52 3493 4.0 3.5621743
52 3630 3.5 3.5621743
52 3694 2.0 3.5621743
52 3696 3.0 3.5621743
52 3732 2.5 3.5621743
52 3772 3.0 3.5621743
52 3918 3.5 3.5621743
52 3923 3.0 3.5621743
52 3938 2.0 3.5621743
52 4138 2.5 3.5621743
52 4143 3.0 3.5621743
52 4222 2.0 3.5621743
52 4412 2.0 3.5621743
52 4417 4.0 3.5621743
52 4430 1.5 3.5621743
52 4532 2.5 3.5621743
52 4652 2.5 3.5621743
52 4715 2.5 3.5621743
52 4752 4.0 3.5621743
52 4812 3.5 3.5621743
52 5205 2.5 3.5621743
52 5306 1.5 3.5621743
52 5595 1.5 3.5621743
52 5691 2.0 3.5621743
52 5726 4.0 3.5621743
52 5734 0.5 3.5621743
52 5746 2.5 3.5621743
52 5754 2.5 3.5621743
52 5755 3.0 3.5621743
52 5784 3.0 3.5621743
52 5925 3.0 3.5621743
52 5980 3.5 3.5621743
52 5998 1.5 3.5621743
52 6120 3.0 3.5621743
52 6406 2.0 3.5621743
52 6746 2.0 3.5621743
52 6888 1.0 3.5621743
52 7001 1.5 3.5621743
52 7280 3.0 3.5621743
52 7449 2.5 3.5621743
52 7481 3.5 3.5621743
52 7564 4.0 3.5621743
52 7636 2.5 3.5621743
52 8225 0.5 3.5621743
52 8861 2.5 3.5621743
52 8889 3.5 3.5621743
52 8932 2.0 3.5621743
53 2028 5.0 2.4090185
53 2716 3.0 2.9737046
53 3623 4.0 1.5160736
53 785 3.0 3.0441132
53 2333 1.0 3.5621743
54 593 4.0 4.293343
54 1215 5.0 4.397342
54 163 4.0 4.2673216
54 58559 4.0 3.6769056
54 74458 5.0 4.1309733
54 79132 4.5 4.491999
54 44 0.5 3.823593
54 2353 4.0 3.6880927
54 3198 5.0 4.2154555
54 1080 1.5 4.0681033
54 69122 5.0 5.0
54 27773 4.0 3.5621743
54 33794 4.0 4.1880927
54 44199 4.0 3.5621743
54 7360 4.5 4.951848
54 8253 3.5 3.5621743
54 48774 4.5 4.3158336
54 59369 5.0 3.5621743
54 84392 4.5 3.5621743
54 3638 3.5 3.5621743
54 1405 0.5 3.5621743
54 6059 4.0 3.5621743
54 62733 4.5 3.5621743
54 72980 4.0 3.5621743
54 82242 0.5 3.5621743
55 924 4.0 4.6139846
55 1206 5.0 5.0
55 2858 5.0 4.484361
55 2067 5.0 4.744726
55 265 5.0 4.643263
55 1947 5.0 4.025783
55 908 5.0 5.0
55 3252 4.0 4.3569846
55 2160 5.0 5.0
55 1193 5.0 4.7702475
55 919 5.0 4.6797276
55 2398 5.0 1.9865856
55 307 5.0 5.0
55 1730 5.0 3.5621743
55 808 3.0 3.5621743
55 971 5.0 5.0
56 50 4.0 4.742803
56 2028 4.0 4.699795
56 2396 4.0 4.7540765
56 899 5.0 4.4384604
56 2132 2.0 4.622185
56 1077 4.0 4.187832
56 1952 4.0 3.642063
56 1633 4.0 3.5621743
57 1378 3.5 3.6375833
57 2478 2.0 2.6375833
57 11 4.0 3.2503366
57 2150 4.0 3.257065
57 2763 2.0 3.328143
57 805 3.0 3.925181
57 3360 3.5 4.749842
57 1344 0.5 3.5621743
57 6893 4.5 4.925181
57 933 2.0 3.8794427
57 4007 3.0 4.3794427
57 4361 1.5 3.1402934
57 8132 4.0 5.0
57 1959 2.0 3.5621743
57 3984 3.0 3.5621743
57 8533 4.5 3.5621743
58 3 4.0 2.8569696
58 1562 4.0 3.8569696
58 800 4.0 3.5621743
58 1541 5.0 3.0915124
58 801 3.0 3.5621743
58 1426 3.0 3.5621743
59 858 5.0 4.629541
59 4086 3.0 2.986247
59 3897 4.0 3.6069317
59 1299 3.0 3.5621743
59 3317 5.0 2.370984
59 3948 3.0 4.742583
59 1480 1.0 3.5621743
59 3968 2.0 3.370984
59 4223 5.0 3.3997552
59 4228 2.0 1.3709841
59 3556 3.0 3.5621743
59 4181 1.0 3.5621743
60 6 5.0 3.8499756
60 50 4.5 4.614848
60 1129 3.5 5.0
60 1201 4.5 4.551854
60 1257 4.0 5.0
60 3386 4.5 3.6016717
60 7153 4.5 4.963395
60 908 5.0 4.6386986
60 2395 4.5 4.19336
60 6711 4.5 4.0502343
60 1408 4.0 5.0
60 2019 5.0 4.5294757
60 4979 4.0 5.0
60 62376 4.0 3.5621743
60 72226 4.5 5.0
60 111 4.5 4.5877533
60 27773 4.0 3.5621743
60 2717 4.0 2.9606702
60 1209 5.0 4.6182036
60 2694 4.0 2.414195
60 3007 4.5 3.5621743
60 3030 4.5 4.5294757
60 4007 4.5 4.9864087
60 5291 4.0 5.0
60 5956 5.0 4.9864087
60 8798 4.5 5.0
60 37733 4.5 5.0
60 47044 4.5 5.0
60 55820 4.5 2.8926804
60 2161 4.0 3.0493536
60 61240 4.5 4.0878654
60 41627 4.0 3.5621743
61 608 5.0 4.141901
61 762 2.0 2.2340572
61 1 5.0 4.308368
61 47 4.0 4.6141024
61 454 3.0 2.765303
61 300 4.0 3.9991124
61 371 3.0 3.2051558
61 247 3.0 3.9775176
61 515 5.0 5.0
61 802 4.0 3.3605645
61 337 4.0 4.547942
61 477 4.0 3.5621743
62 1732 3.0 3.049326
62 2194 3.0 2.6491628
62 7153 4.0 3.9861426
62 3 0.5 2.1224134
62 265 4.0 3.020039
62 920 2.5 3.163394
62 1230 3.0 3.1894865
62 36 4.5 3.7966924
62 1682 1.5 3.351914
62 25 3.5 2.9566824
62 1079 3.0 2.4466074
62 919 5.0 3.2190866
63 858 5.0 4.851354
63 1097 4.0 4.81477
63 1220 3.0 4.6371903
63 1234 3.0 4.252374
63 1240 3.0 3.9222171
63 2009 3.0 4.7183523
63 5060 3.0 4.1003594
63 1947 3.0 3.2369442
63 1246 3.0 3.9563649
63 1172 4.0 5.0
63 1225 4.0 3.952572
63 1293 4.0 4.976493
63 1299 4.0 4.0640087
63 1224 4.0 3.958866
63 1231 3.0 4.791093
63 1873 3.0 3.7812972
63 1251 5.0 4.26142
63 1950 3.0 4.7183523
63 2022 5.0 5.0
63 1211 5.0 4.157243
63 1150 3.0 5.0
63 1161 4.0 3.5621743
63 1244 5.0 5.0
63 1888 1.0 3.5621743
63 1958 3.0 3.5621743
64 902 4.5 3.5621743
64 46976 4.5 4.180903
64 69757 3.0 3.5621743
64 55290 4.0 3.5621743
64 3791 2.0 3.5621743
65 1200 4.0 3.2708
65 1214 4.0 2.8026972
65 79132 2.5 3.5621743
65 2761 1.0 3.634841
65 969 3.0 2.5416317
65 2094 2.0 2.645647
65 1320 3.0 3.1180146
65 3107 1.0 2.1815684
65 4370 4.5 2.6692297
65 53000 4.0 3.5621743
65 1352 3.5 3.5621743
65 3710 2.5 3.5621743
65 4159 3.5 3.5621743
65 5136 4.0 3.5621743
65 6658 1.0 3.5621743
65 53207 3.0 3.5621743
65 61948 3.0 3.5621743
66 172 4.0 3.8973
66 204 3.0 3.0652726
66 380 4.0 3.1456058
66 442 4.0 3.0508733
66 145 4.0 2.5826402
66 709 5.0 2.5201612
66 239 3.0 3.7433333
66 405 2.0 3.5621743
67 110 5.0 3.6166272
67 364 4.0 3.1536834
67 434 4.0 3.2630618
68 1610 5.0 4.0744147
68 1805 4.0 3.7612765
68 500 4.0 3.8403633
68 1777 3.0 2.5789087
68 2291 3.0 3.9719164
68 1747 4.0 4.4117384
68 1835 1.0 4.4861016
68 2278 5.0 3.976973
68 506 5.0 3.709936
69 968 5.0 4.857495
69 1208 5.0 4.924829
69 1214 5.0 5.0
69 1221 5.0 5.0
69 1234 5.0 5.0
69 1265 5.0 3.9986594
69 1276 5.0 5.0
69 1732 4.0 3.4839203
69 1997 5.0 5.0
69 2268 3.0 4.6336017
69 2985 5.0 3.9274223
69 2087 5.0 4.7409496
69 2997 5.0 4.986127
69 1090 4.0 4.569078
69 1186 5.0 4.1892476
69 2278 3.0 5.0
69 1248 4.0 3.5621743
69 4034 3.0 4.9244275
69 4246 4.0 4.3048134
69 926 5.0 5.0
69 2203 5.0 4.7182536
69 2863 5.0 4.4839664
69 1235 5.0 3.8853505
69 162 5.0 5.0
69 232 5.0 4.9843903
69 659 5.0 4.2139072
69 1222 4.0 5.0
69 1711 2.0 5.0
69 4339 3.0 3.5621743
69 4370 3.0 4.1454716
69 1061 5.0 4.3686285
69 1388 1.0 2.7977674
69 4712 5.0 4.1013
69 1952 5.0 4.664028
69 1244 5.0 5.0
69 1958 5.0 3.5621743
69 937 5.0 3.5621743
69 2925 5.0 3.5621743
69 3134 5.0 3.5621743
69 3167 5.0 3.5621743
69 3470 5.0 3.5621743
69 3788 5.0 3.5621743
69 4191 5.0 3.5621743
69 4292 3.0 3.5621743
69 4325 5.0 3.5621743
69 4327 4.0 3.5621743
69 4708 5.0 3.5621743
70 50 5.0 5.0
70 198 4.5 3.5301921
70 296 5.0 4.831498
70 924 3.5 4.164306
70 1097 4.0 4.960952
70 1136 5.0 2.8338556
70 1196 5.0 4.6702857
70 1201 4.5 4.766801
70 1261 4.5 4.0996494
70 1527 5.0 5.0
70 1610 3.0 3.2898405
70 1805 3.0 3.8133378
70 1876 3.0 3.8347423
70 1965 3.0 4.08586
70 2011 2.5 4.0117044
70 2167 4.5 3.9478748
70 3471 4.5 3.6449494
70 3527 5.0 3.877231
70 3703 5.0 4.771981
70 5060 3.5 4.445302
70 349 4.0 4.1045384
70 953 3.5 2.5308187
70 1249 5.0 4.572802
70 1275 5.0 3.5363595
70 1584 4.5 4.4720445
70 1777 4.0 2.6887243
70 1923 4.0 4.2830887
70 2294 4.0 3.2161343
70 2640 4.0 2.702482
70 7153 5.0 4.830237
70 588 4.0 3.3593478
70 594 4.0 3.534917
70 1285 3.0 4.8641934
70 1835 4.0 5.0
70 1947 2.5 2.889042
70 2081 3.0 3.3745067
70 180 4.0 1.4370552
70 3897 4.5 4.1086407
70 4022 3.5 3.8751726
70 4148 3.5 3.8278117
70 4973 4.5 4.698387
70 6863 4.0 3.9544635
70 6283 4.5 3.9400704
70 48385 5.0 3.9627826
70 11 4.0 4.234959
70 353 3.5 3.2063
70 471 4.5 4.059665
70 509 4.0 4.9439206
70 587 4.0 3.7715387
70 529 4.0 4.3204494
70 2021 4.0 3.3960867
70 3176 2.0 3.9219186
70 3252 4.0 5.0
70 1343 4.0 3.1273756
70 1673 3.0 3.8776715
70 1921 5.0 5.0
70 3448 4.0 3.6137176
70 5349 3.5 4.464982
70 5445 3.0 4.3089957
70 7090 5.0 5.0
70 5481 3.0 4.096093
70 4308 4.0 3.5621743
70 6377 4.0 4.177521
70 8360 3.0 3.4827933
70 44195 4.5 3.4428804
70 45728 5.0 3.5621743
70 788 3.5 2.6812875
70 849 5.0 3.120135
70 1586 3.0 3.5621743
70 1513 4.0 3.679237
70 1779 4.0 3.4899495
70 70 5.0 3.569137
70 322 4.0 1.4370552
70 2730 3.0 4.104029
70 3020 3.0 1.9370552
70 3698 5.0 2.7739494
70 3717 3.5 3.2459629
70 4239 4.0 3.955219
70 30707 4.0 5.0
70 33004 4.0 3.9370553
70 1298 3.5 2.6414807
70 3977 4.0 4.8440547
70 2232 4.5 4.8357863
70 3863 3.0 4.6106486
70 1100 3.0 3.5621743
70 2581 4.0 3.5621743
70 4642 5.0 3.5621743
70 7743 5.0 3.5621743
70 7842 4.5 3.5621743
71 3555 1.0 3.5621743
71 65 1.5 3.5621743
71 2567 1.0 3.5621743
72 260 3.0 3.8593779
72 318 4.0 4.3668284
72 1259 4.0 4.0920463
72 1270 3.0 3.60474
72 1183 4.0 4.7176323
72 1248 4.0 3.5621743
72 912 5.0 4.8240614
72 965 4.0 3.9573915
72 926 4.0 4.293269
72 1233 4.0 4.2900805
73 32 4.5 3.5001736
73 1200 4.0 3.135871
73 1215 4.0 3.573922
73 4085 3.5 3.266954
73 1022 2.5 2.8948855
73 345 3.0 4.094037
73 51662 4.0 3.7294238
73 150 4.5 3.020342
73 529 3.0 3.2404058
73 1274 4.5 3.1510847
73 5945 4.5 2.2404442
73 4639 3.5 2.4313364
73 2105 4.5 3.1456244
73 333 3.0 2.651443
73 3535 3.5 2.9113762
73 4370 3.5 2.8358965
73 27660 4.0 2.9373527
73 577 3.0 3.5621743
73 3155 3.5 3.5621743
73 4467 4.0 3.5621743
73 4565 3.0 3.5621743
73 4749 0.5 3.5621743
73 6287 2.0 3.5621743
74 593 5.0 4.5432606
74 830 3.0 3.8789175
74 454 3.0 3.8568394
74 1084 5.0 4.9168916
74 1399 4.0 3.5621743
74 659 3.0 1.5454481
74 82 5.0 5.0
74 728 3.0 4.5885153
74 862 4.0 3.5621743
75 260 3.0 3.4582374
75 367 3.0 1.8908933
75 480 3.0 3.5143483
75 593 3.0 3.621754
75 780 1.0 2.3996394
75 1219 3.0 3.809053
75 1258 3.0 3.6558635
75 1347 3.0 3.8407493
75 1387 3.0 4.030423
75 39 3.0 3.0193584
75 595 5.0 3.6240678
75 898 4.0 2.7131338
75 1035 4.0 1.2254022
75 1285 3.0 3.8274105
75 1307 3.0 2.8866308
75 345 5.0 4.075108
75 348 5.0 2.8886583
75 1 5.0 4.1561613
75 292 2.0 2.4442515
75 475 3.0 3.7332613
75 36 5.0 3.0775135
75 1088 3.0 2.7294755
75 1186 4.0 3.7334714
75 1293 3.0 3.651515
75 1408 3.0 4.6665306
75 508 3.0 3.5219676
75 1094 5.0 5.0
75 1124 3.0 3.5621743
75 1179 3.0 3.0369298
75 1248 3.0 3.5369298
75 661 3.0 3.4246712
75 28 5.0 3.5621743
75 906 5.0 3.5621743
75 973 3.0 3.5621743
75 1235 4.0 2.3035188
75 1273 4.0 4.078079
75 280 3.0 2.637652
75 1298 4.0 3.8639884
75 58 4.0 4.4164
75 218 2.0 2.4246712
75 720 5.0 2.9159684
75 1295 5.0 3.4312878
75 1466 3.0 3.4246712
75 1009 3.0 2.7067308
75 125 3.0 3.7095978
75 728 3.0 3.5968256
75 30 3.0 3.5621743
75 369 3.0 3.5621743
75 422 2.0 3.5621743
75 461 3.0 3.5621743
75 650 3.0 3.5621743
75 949 4.0 3.5621743
75 1042 3.0 3.5621743
76 72998 2.5 4.1550684
76 91529 4.0 4.3433685
76 1225 3.0 4.1348777
76 4226 4.5 4.3494616
76 78499 5.0 4.260661
77 457 4.0 4.5479302
77 1291 3.5 3.5945523
77 1876 3.0 3.6482296
77 3408 4.0 4.583632
77 3996 4.5 4.09513
77 17 4.0 4.5621386
77 1961 4.5 3.8718152
77 1172 4.5 3.709646
77 2353 4.0 3.9855318
77 4995 4.5 4.8969564
77 4223 4.0 3.8685699
77 6323 3.0 3.5621743
77 6387 4.5 3.5621743
77 6156 2.5 3.5621743
77 3155 3.5 3.5621743
77 30 3.5 3.5621743
77 2621 4.0 3.5621743
77 2908 4.0 3.5621743
78 50 4.5 3.9189613
78 1089 3.5 3.5787416
78 1732 4.0 4.0332026
78 2076 2.0 4.7523155
78 2571 4.0 4.284522
78 3897 4.0 3.9343212
78 3949 4.5 4.0037184
78 5952 4.5 4.141669
78 4886 3.5 4.2834544
78 72998 4.5 4.1941285
78 80615 4.0 4.3102736
78 7361 3.0 4.26034
78 4308 4.0 3.5956311
78 38061 4.5 3.5621743
78 50872 3.0 4.3685226
78 68954 5.0 4.432774
78 69644 2.0 3.1309063
78 6016 5.0 4.1231337
78 44199 4.5 3.5621743
78 3175 2.0 4.644843
78 8917 2.0 3.5621743
78 30707 1.5 3.5621743
78 8957 4.0 3.5621743
78 63072 3.0 2.5956311
78 71464 4.5 4.095631
78 82459 4.0 3.3937957
78 67255 3.0 4.1309066
78 73017 3.0 3.6309063
78 71899 4.0 3.8190973
78 6344 4.5 3.5621743
78 6482 3.5 3.5621743
78 32562 4.5 3.5621743
78 37853 4.0 3.5621743
78 44694 2.5 3.5621743
78 45081 4.0 3.5621743
78 53161 4.0 3.5621743
78 57504 3.0 3.5621743
78 57640 3.5 3.5621743
78 67429 4.5 3.5621743
78 68347 4.0 3.5621743
78 74677 4.0 3.5621743
78 76210 2.0 3.5621743
79 608 2.0 3.7204733
79 1089 4.0 2.7806296
79 1136 4.0 3.909652
79 1197 5.0 4.4300804
79 1242 4.0 2.9255466
79 1261 4.0 3.7431026
79 1266 4.0 3.785081
79 1291 3.0 3.734069
79 1387 2.0 3.9163241
79 2791 3.0 3.3806975
79 2987 2.0 3.1431384
79 1721 1.0 3.0176592
79 2396 4.0 3.643018
79 497 5.0 3.83909
79 1272 4.0 3.639771
79 1682 4.0 3.9525428
79 2628 4.0 2.5712495
79 923 5.0 4.452965
79 1120 2.0 3.7714858
79 2064 4.0 4.077792
79 2420 1.0 3.2302258
79 1962 4.0 2.6775644
