1 22 3.0 3.4343073
1 303 3.0 3.7667515
1 451 1.0 3.5715969
1 521 3.0 3.5715969
1 527 4.0 3.5392685
1 541 4.0 3.2968988
1 553 3.0 2.5459542
1 913 3.0 4.8105636
1 999 4.0 4.302008
1 1092 3.0 3.7796233
1 1097 5.0 4.3779163
1 1127 3.0 3.0843625
1 1196 4.0 3.603938
1 1253 3.0 3.5715969
1 1257 5.0 4.3542743
1 1378 3.0 3.5715969
1 1387 5.0 3.9085405
1 1500 4.0 4.636239
1 1527 3.0 3.9344995
1 1573 5.0 3.6987524
1 1597 3.0 3.5715969
1 1617 3.0 4.1038356
1 1625 3.0 4.380842
1 1627 3.0 1.854274
1 1645 2.0 2.7196903
1 1732 2.0 2.793338
1 1754 2.0 3.0275145
1 1953 4.0 4.2417574
1 1965 3.0 2.8084044
1 1994 5.0 4.3999867
1 1997 3.0 4.655161
1 2000 4.0 4.8217297
1 2028 3.0 3.8795025
1 2076 3.0 3.7516484
1 2288 3.0 4.0549297
1 2391 4.0 3.1317027
1 2407 5.0 3.4539232
1 2478 1.0 2.3943489
1 2542 2.0 3.440701
1 2553 3.0 3.6842644
1 2985 3.0 3.7200081
1 3032 3.0 3.5715969
1 3147 4.0 3.129001
1 3362 3.0 3.354274
1 3471 4.0 2.8285456
1 3476 2.0 2.5069065
1 3508 3.0 5.0
1 3578 5.0 3.9992268
1 3681 5.0 4.3805065
1 3702 3.0 3.4380248
1 4037 3.0 5.0
1 4043 3.0 3.354274
1 4126 3.0 3.5715969
2 858 4.0 4.2256455
2 1356 1.0 3.9335365
2 2268 4.0 2.881965
2 2 4.0 3.4585907
2 1249 4.0 4.0814514
2 1653 5.0 4.095207
2 1721 4.0 2.6646883
2 2115 4.0 2.8132422
2 2294 5.0 3.1468992
2 2712 3.0 1.7107365
2 3101 5.0 3.5715969
2 7153 4.5 4.8127804
3 34 5.0 4.3896093
3 261 5.0 4.1879964
3 339 5.0 5.0
3 417 4.0 2.7718709
3 914 5.0 3.8163798
3 915 5.0 3.5715969
3 920 5.0 3.7900712
3 1014 5.0 3.5715969
3 1032 3.0 4.507214
3 1043 3.0 3.5715969
3 1485 2.0 3.007214
3 1835 4.0 3.5715969
3 1947 5.0 4.718808
3 2102 3.0 3.5715969
4 590 3.5 3.6112518
4 1197 5.0 3.9598653
4 1210 5.0 4.105632
4 2268 2.5 3.4598088
4 5060 3.5 3.0305083
4 39 3.5 3.8691423
4 48 2.0 2.757958
4 920 4.5 3.0781977
4 782 1.5 3.5715969
4 908 4.0 3.8763514
4 1268 4.0 3.5715969
4 1678 4.0 3.5715969
4 1961 3.5 4.260239
4 2709 4.5 3.5715969
4 3481 3.0 3.5614972
4 3949 0.5 3.218106
4 4022 2.5 3.2880898
4 5014 4.0 3.5715969
4 5446 4.0 3.5715969
4 6250 1.0 1.713
4 6365 2.5 3.1318681
4 6942 4.0 4.064606
4 7293 4.5 3.167599
4 7324 3.0 3.5715969
5 50 4.5 4.037744
5 916 3.0 3.5715969
5 2565 3.5 3.5715969
6 2762 3.5 1.9860642
6 4310 3.5 4.0447745
6 59315 4.0 3.4775894
6 72641 3.5 3.5715969
6 75805 3.5 3.5715969
6 79132 4.5 3.9902697
6 83132 3.5 3.5715969
6 84637 4.0 3.5715969
6 88405 3.5 3.5715969
6 89745 4.0 2.3780038
6 90531 3.5 3.5715969
6 90647 3.0 3.5715969
6 90866 2.0 3.5715969
6 91529 4.0 3.619596
6 97938 3.5 3.5715969
6 99145 4.0 3.5715969
6 100302 4.0 3.5715969
6 101360 3.5 3.5715969
6 101577 3.5 3.5715969
6 102125 3.5 4.119596
6 102481 3.5 3.5715969
6 106002 3.5 3.5715969
6 106782 3.5 3.619596
6 111362 4.0 3.619596
6 111617 3.5 3.5715969
6 112556 3.5 3.5715969
6 113453 2.0 3.5715969
6 113604 2.0 3.5715969
6 114182 3.5 3.5715969
6 114795 4.0 3.5715969
6 115680 1.5 3.5715969
6 119141 0.5 3.5715969
7 589 4.0 4.054575
7 2 4.0 3.3563554
7 500 4.0 3.4969945
7 588 5.0 3.98537
7 1 5.0 4.324581
7 10 4.0 3.5867536
7 16 3.0 5.0
7 204 3.0 3.7057502
7 282 5.0 3.8726366
7 328 4.0 3.5715969
7 415 3.0 3.1947196
7 433 4.0 3.5715969
7 434 4.0 3.526107
7 442 3.0 3.5525315
7 454 4.0 3.3481321
7 460 3.0 3.5715969
7 464 3.0 3.5594118
7 468 5.0 2.4593978
7 471 4.0 3.8001132
7 520 4.0 3.8375607
7 540 3.0 3.2267554
7 586 3.0 3.2460306
7 667 3.0 3.5715969
8 110 5.0 4.8040223
8 480 4.0 4.357289
8 589 4.0 4.2406144
8 780 4.0 3.9085314
8 1036 4.0 5.0
8 1092 4.0 3.4431612
8 1259 4.0 4.658067
8 1580 4.0 3.6458085
8 1617 5.0 4.423194
8 1645 3.0 3.5771167
8 2571 5.0 4.3000183
8 2396 4.0 4.6151958
8 920 5.0 3.9606388
8 1747 4.0 4.211664
8 1961 4.0 4.3825936
8 2959 2.0 4.721364
8 11 4.0 4.357163
8 539 3.0 4.4571834
8 36 4.0 3.9852552
8 272 4.0 5.0
8 1131 3.0 3.234046
8 1132 4.0 3.5715969
8 1183 5.0 4.348394
8 1213 3.0 3.500122
8 1552 4.0 3.4297915
8 1608 5.0 3.6738815
8 1957 5.0 4.7674866
8 2150 4.0 4.4325128
8 2427 3.0 3.5715969
8 2728 4.0 2.66119
8 3072 2.0 4.9022446
8 3176 5.0 3.526719
8 3418 4.0 3.737369
8 3733 4.0 3.5715969
9 110 5.0 4.2614594
9 480 3.0 3.6022253
9 590 5.0 3.3226314
9 1036 3.0 4.5010304
9 1101 4.0 3.7714374
9 236 3.0 3.4719522
9 266 4.0 3.9819613
9 497 3.0 4.882612
9 185 3.0 3.123687
9 368 4.0 3.6564083
9 381 4.0 4.635727
9 272 4.0 4.784806
9 4 3.0 3.5715969
9 194 4.0 3.5715969
9 203 3.0 3.5715969
9 300 5.0 3.8673782
9 305 3.0 3.5715969
9 412 3.0 4.999101
9 444 3.0 3.5715969
9 534 3.0 3.7701614
9 1081 4.0 2.360294
9 1087 3.0 3.5715969
9 1095 3.0 4.0757694
9 1096 5.0 3.5715969
10 50 5.0 4.2002454
10 260 2.5 4.426195
10 541 4.0 4.4351306
10 913 3.5 3.5715969
10 1208 4.5 5.0
10 1617 4.0 3.8474553
10 2858 4.5 3.5983276
10 2951 4.0 4.6198516
10 1653 4.0 3.315348
10 3996 4.0 4.4603863
10 7153 4.0 4.849118
10 45 4.5 3.3604345
10 1282 4.5 3.174824
10 163 4.0 3.6792397
10 1246 3.0 3.4669075
10 4306 3.5 3.9015944
10 2959 5.0 4.5557027
10 293 4.0 3.641088
10 454 3.5 2.9959989
10 2278 4.0 4.218676
10 246 3.5 4.7307215
10 1095 4.0 4.6773787
10 223 5.0 4.3326283
10 902 4.0 3.5715969
10 1079 4.0 3.5891418
10 1148 3.5 3.0064752
10 1171 4.5 3.6538494
10 1289 4.0 5.0
10 1343 3.5 3.5220833
10 1945 4.0 1.1198518
10 2184 4.0 3.5715969
10 2303 4.0 3.5715969
10 2474 3.5 3.5715969
10 2599 4.5 5.0
10 2700 4.5 3.125852
10 2946 3.5 3.5715969
10 2993 3.0 3.9018166
10 3267 3.5 4.0231295
10 3271 3.0 3.5715969
10 3421 4.0 4.393974
10 4009 3.0 4.1198516
10 4036 1.5 2.6198518
10 4102 4.0 2.9018166
10 5679 4.0 3.5600667
10 5812 4.0 3.5715969
10 5945 1.5 3.5715969
10 6296 2.5 3.5715969
10 6331 3.5 3.5715969
10 6953 4.0 3.5715969
10 7256 4.5 5.0
10 7361 4.5 4.404276
10 7438 3.5 4.4672894
10 8368 4.0 4.246797
10 8622 4.0 4.0562973
10 8665 3.5 4.7482386
10 30810 4.0 3.5715969
11 553 3.0 3.9690402
11 1208 5.0 3.5270462
11 1220 4.0 4.090443
11 19 1.0 3.1885414
12 1230 3.0 4.31
12 5418 4.0 2.7868314
12 5225 4.0 4.209923
12 5502 3.0 0.5
12 5893 4.0 3.5715969
12 5968 2.0 3.5715969
13 22 3.5 3.4659038
13 527 4.5 4.407403
13 2384 3.0 3.8088465
13 5218 3.5 3.6520872
13 7153 4.5 4.5522676
13 588 5.0 3.6843848
13 1285 4.5 3.5843916
13 3398 3.5 5.0
13 3897 4.0 3.5645895
13 1517 4.0 2.5797913
13 5618 4.5 3.6753273
13 5945 2.5 5.0
13 8368 2.0 3.757899
13 8874 4.5 3.9018626
13 435 2.0 2.6509347
13 661 3.5 4.0847716
13 837 3.5 2.7913957
13 1033 4.0 2.3568854
13 1064 4.0 2.820627
13 1566 4.0 3.1550632
13 1588 3.5 3.2295032
13 2042 3.5 3.8147042
13 2085 4.0 2.9970396
13 2139 3.5 2.9223754
13 2761 3.0 3.922429
13 3250 3.5 3.5715969
13 3879 3.0 3.5715969
13 4039 3.0 3.5715969
13 4896 2.0 3.4013343
13 4963 4.0 3.865017
13 5810 4.0 3.0377839
13 7045 3.5 3.5715969
13 8641 4.5 5.0
13 8977 2.0 3.5715969
13 32289 2.5 3.5715969
13 32770 4.0 3.5715969
13 33830 3.0 3.5715969
13 41566 3.5 2.6861944
13 44555 5.0 3.5715969
13 46578 4.0 3.0617917
13 46976 3.5 3.5715969
13 48522 5.0 3.5715969
13 49274 3.5 3.5715969
13 50802 3.5 3.5715969
13 51255 4.5 2.3147042
13 51694 4.0 3.5715969
13 55052 4.5 3.5715969
13 55250 3.0 3.5715969
13 56152 3.5 3.5715969
13 56788 4.0 3.5715969
13 56949 3.5 3.5715969
13 59141 4.0 3.5715969
13 63540 2.5 3.5715969
13 67734 4.0 2.28908
13 69253 2.5 3.5715969
13 69644 3.5 3.5715969
13 72011 4.0 3.41464
13 72919 2.5 3.5715969
14 296 4.0 4.4596524
14 367 3.0 4.2423186
14 349 3.0 3.8487318
14 364 4.0 4.1301146
14 236 4.0 3.6927419
14 356 4.0 4.927359
14 497 4.0 4.6668634
14 208 3.0 3.9008138
14 249 3.0 3.91145
14 454 3.0 3.325993
14 468 4.0 2.5686522
14 151 5.0 3.908908
14 246 5.0 4.6341643
15 32 4.0 3.7771912
15 457 5.0 4.0623126
15 1270 5.0 3.3141067
15 1283 5.0 1.190702
15 2011 4.0 3.9547055
15 2985 5.0 2.972667
15 908 4.0 4.041672
15 380 4.0 4.082633
15 551 5.0 3.2640269
15 2174 4.0 3.6603527
15 912 4.0 4.8285017
15 960 4.0 3.5715969
15 1068 3.0 3.5715969
15 1212 5.0 4.1306443
15 1690 5.0 4.460063
15 1941 5.0 2.690702
15 2105 5.0 2.731281
15 2182 3.0 3.5715969
15 2186 5.0 4.690702
15 2221 3.0 3.5715969
15 2428 3.0 3.190702
15 2633 5.0 2.7246635
15 2747 3.0 3.5715969
15 2856 4.0 4.8076925
15 2867 4.0 2.972667
15 2920 2.0 3.5715969
15 2939 3.0 3.5715969
15 3334 3.0 3.5715969
16 7 4.0 3.2506444
17 830 0.5 2.6523013
17 1186 0.5 3.5715969
17 4718 2.0 1.6523014
18 50 5.0 5.0
18 110 5.0 5.0
18 296 5.0 5.0
18 608 5.0 5.0
18 1196 5.0 4.400496
18 2028 5.0 3.6618004
18 4973 5.0 3.5715969
18 4993 5.0 4.048833
18 5952 5.0 5.0
18 3498 4.0 5.0
18 382 4.5 2.7151387
18 3083 4.5 3.5715969
18 4878 5.0 5.0
19 110 4.0 5.0
19 527 5.0 4.2202935
19 1625 5.0 5.0
19 3996 4.0 4.01663
19 356 4.5 4.3435087
19 1230 4.0 4.523819
19 2329 4.5 5.0
19 6870 4.0 3.5324616
19 42718 4.0 3.5715969
20 553 3.0 4.932248
20 1219 5.0 4.3945785
20 1304 4.0 4.7599792
20 2858 3.0 4.2441487
20 920 5.0 4.049262
20 1961 3.5 4.3144517
20 6874 2.5 4.6753354
21 858 5.0 4.4841514
21 95 3.0 3.7648711
21 745 5.0 3.5715969
22 260 0.5 3.4802613
22 780 4.0 2.7224548
22 1210 0.5 3.1746686
22 4643 2.5 3.5715969
22 1 4.0 4.5088267
22 344 4.5 2.8061
22 724 3.0 2.80625
22 1345 5.0 3.8573024
22 57274 2.5 3.5715969
22 68650 1.0 3.5715969
23 527 5.0 3.869716
23 1617 3.0 3.9235528
23 95 3.0 3.6169002
23 160 3.0 3.7851248
23 329 3.0 3.994212
23 733 2.0 4.3721213
23 2699 5.0 3.1230748
23 327 4.0 1.8950988
23 1339 2.0 2.4979422
23 1385 5.0 3.5715969
23 1389 3.0 3.8521752
23 1562 3.0 3.962819
23 1969 4.0 3.3521752
23 1987 3.0 3.8521752
23 2497 1.0 3.5715969
23 2614 1.0 2.3521752
23 2717 3.0 2.9689128
24 318 5.0 5.0
24 1210 5.0 4.3264427
24 1573 4.0 4.1281595
24 762 1.0 2.852761
24 377 3.0 3.7102222
24 10 4.0 3.797523
24 485 2.0 4.4959598
24 1041 5.0 4.649798
24 1399 4.0 3.9738448
24 1425 4.0 3.5715969
25 1093 1.0 3.55625
25 2392 4.0 3.5715969
25 2770 3.0 3.919531
25 2975 4.0 3.5715969
26 110 5.0 4.4885736
26 597 3.0 2.5282156
26 185 4.0 3.2851245
26 329 3.0 4.231372
27 296 5.0 4.8272786
27 2791 4.0 4.3240275
27 3527 4.0 4.2234535
27 1148 4.0 5.0
27 1223 3.5 4.0718555
27 27706 4.0 3.725658
27 986 3.5 3.5715969
27 3438 4.5 4.179167
27 6264 2.5 3.5715969
27 57368 3.0 3.5715969
27 64957 4.0 3.5715969
28 1374 2.0 3.5728247
28 1375 2.0 1.2849746
28 1682 3.0 2.9928331
28 2628 2.0 3.6348515
28 2502 5.0 3.6463854
28 2393 2.0 3.5715969
29 1957 5.0 5.0
29 2728 5.0 4.064736
29 2424 5.0 3.5715969
29 2072 3.0 3.9966462
29 2857 5.0 4.278611
30 303 4.0 3.5386176
30 350 2.0 3.6134892
30 366 3.0 3.1307912
30 432 4.0 2.2657707
30 457 4.0 3.9631171
30 590 5.0 4.0157743
30 2 3.0 3.0082543
30 349 3.0 3.5090537
30 595 5.0 4.1203985
30 47 5.0 4.1199217
30 196 5.0 3.2796378
30 282 5.0 4.1257167
30 353 4.0 3.5610228
30 368 4.0 3.49558
30 548 3.0 3.1208801
30 161 3.0 3.5256164
30 371 3.0 2.938774
30 435 4.0 2.8833334
30 288 1.0 2.9053955
30 519 1.0 1.9731476
30 24 3.0 2.8833334
30 280 3.0 3.3891547
31 6 5.0 1.7332653
31 110 3.0 3.6911342
31 366 1.0 2.4556553
31 367 0.5 3.3084493
31 474 3.0 3.5072079
31 590 3.0 3.060599
31 593 4.0 4.1285048
31 858 5.0 4.053
31 913 5.0 2.688832
31 1199 4.0 4.336277
31 1221 5.0 3.054767
31 1234 4.0 3.198121
31 1276 5.0 3.0727758
31 1278 4.0 3.5644634
31 1291 4.0 2.9689364
31 1347 3.0 3.742455
31 1500 3.0 4.3240676
31 1748 2.0 2.4235523
31 1799 1.0 2.645726
31 1965 5.0 3.1535661
31 2542 3.0 3.8367062
31 2858 0.5 4.0707936
31 2985 5.0 2.718927
31 3471 3.5 3.1087136
31 3578 4.0 2.8340082
31 3706 4.5 1.645726
31 4105 3.5 3.3879657
31 364 2.0 3.9447467
31 1653 3.0 2.8762698
31 440 1.0 3.293455
31 595 1.0 3.022724
31 1031 3.0 2.8014083
31 1285 4.0 2.968687
31 1307 0.5 2.8926694
31 1747 4.0 3.1616137
31 2395 5.0 3.599668
31 3398 3.0 3.5715969
31 5952 0.5 3.933096
31 6863 2.0 3.298746
31 4902 4.0 3.5715969
31 6283 3.0 3.3541129
31 11 0.5 3.6483736
31 21 3.0 2.539756
31 47 4.0 3.6742523
31 79 0.5 4.035334
31 293 1.5 3.1217833
31 368 2.0 3.22963
31 380 2.0 3.7721536
31 471 4.5 3.2963836
31 485 3.0 3.129475
31 586 0.5 2.4635808
31 1090 4.0 2.1278672
31 1370 1.0 3.4778152
31 1408 4.5 2.8453825
31 2628 2.0 3.1370177
31 2918 3.0 3.7619073
31 2952 5.0 3.5715969
31 132 5.0 3.5715969
31 140 0.5 3.5715969
31 300 4.0 3.4843674
31 446 0.5 3.5715969
31 653 0.5 3.7720604
31 223 2.0 4.042651
31 551 3.0 2.7964628
31 1228 5.0 3.7295432
31 1663 2.0 2.482789
31 2108 3.0 3.4319265
31 2174 2.0 2.5896025
31 2890 4.0 3.3801482
31 3253 3.0 3.105899
31 3361 5.0 3.3801482
31 3994 3.0 2.866117
31 4034 4.0 3.6293626
31 5418 4.0 3.306573
31 5669 2.0 3.3801482
31 5945 3.0 4.5508137
31 6003 4.5 2.8801482
31 8636 3.0 4.041325
31 8807 4.5 3.8801482
31 30810 4.0 4.454255
31 104 3.0 3.6063654
31 435 0.5 2.1826625
31 673 0.5 3.333657
31 965 3.0 3.3826153
31 986 1.0 3.5715969
31 2141 3.0 3.2305217
31 4963 3.0 3.8805861
31 6794 0.5 3.5715969
31 51255 3.5 1.5341878
31 904 1.5 3.9194005
31 911 0.5 3.309298
31 1267 3.0 4.1906157
31 2644 2.0 3.8185334
31 3089 4.5 0.5
31 4718 2.5 3.3066611
31 4878 3.0 3.409081
31 3948 1.0 2.8690314
31 33794 2.0 3.4703205
31 1345 3.0 3.647259
31 849 4.0 2.8392098
31 1882 0.5 1.9966341
31 1974 1.0 4.002534
31 3208 2.0 2.4778152
31 2702 5.0 2.1169903
31 1292 1.5 3.2025409
31 3196 4.0 3.0033538
31 333 1.0 3.190573
31 18 3.0 3.5715969
31 42 3.5 3.5715969
31 70 4.0 3.4735746
31 123 5.0 3.5715969
31 162 5.0 3.5715969
31 188 0.5 1.8299903
31 308 2.0 3.5715969
31 424 5.0 3.5715969
31 426 3.0 3.8299904
31 473 0.5 3.5715969
31 741 5.0 2.894166
31 1147 3.0 4.163957
31 1162 4.0 3.5715969
31 1189 5.0 3.5715969
31 1237 3.5 3.5715969
31 1254 5.0 3.5715969
31 1281 2.0 3.5669904
31 1694 5.0 3.6318417
31 1785 5.0 3.5715969
31 1840 4.5 3.5715969
31 1920 0.5 3.5715969
31 1946 3.0 3.5715969
31 1950 4.0 2.3769903
31 1999 2.0 4.3299904
31 2074 5.0 3.5715969
31 2116 4.0 2.281965
31 2119 2.0 3.5715969
31 2126 1.0 3.5715969
31 2195 3.0 3.5715969
31 2420 3.0 1.445665
31 2561 4.0 3.5715969
31 2596 2.0 3.5715969
31 2598 1.5 0.5
31 2803 2.0 3.5715969
31 2965 0.5 3.5715969
31 2976 5.0 2.92767
31 2983 5.0 3.5715969
31 3087 2.0 2.92767
31 3121 0.5 3.5715969
31 3200 1.0 3.5715969
31 3213 2.5 3.5715969
31 3275 1.0 2.2374723
31 3587 1.5 4.8299904
31 3627 3.0 3.5715969
31 3704 2.0 3.594813
31 3740 4.5 3.5715969
31 3741 5.0 3.5715969
31 3745 1.0 3.5715969
31 3752 0.5 4.333657
31 3760 3.0 3.5715969
31 3798 0.5 3.5715969
31 3801 5.0 3.5715969
31 3809 3.0 2.7817905
31 3811 5.0 3.5715969
31 3837 3.5 3.8299904
31 3872 4.5 3.5715969
31 3947 5.0 3.5715969
31 3970 5.0 3.8299904
31 4025 0.5 3.4550502
31 4033 2.0 3.5715969
31 4047 2.0 3.5715969
31 4064 5.0 3.5715969
31 4103 5.0 4.1063485
31 4155 0.5 3.5715969
31 4161 1.0 2.7462163
31 4167 0.5 3.5715969
31 4223 0.5 3.9602642
31 4329 5.0 3.5715969
31 4336 1.5 3.5715969
31 4419 4.5 3.5715969
31 4437 3.0 5.0
31 4441 5.0 3.5715969
31 4499 1.0 3.5715969
31 4515 0.5 3.5715969
31 4634 5.0 3.5715969
31 4640 5.0 3.5715969
31 4698 4.5 3.5715969
31 4723 0.5 3.5715969
31 4734 0.5 3.5715969
31 4791 1.0 3.5715969
31 4816 3.0 3.0866327
31 4862 0.5 3.5715969
31 4914 4.0 3.5715969
31 4941 4.0 3.5715969
31 4945 2.5 3.5715969
31 4957 3.0 3.5715969
31 5010 2.0 3.2751718
31 5049 4.5 4.8114347
31 5093 0.5 3.5715969
31 5102 0.5 3.5715969
31 5137 3.0 3.5715969
31 5198 3.0 3.5715969
31 5329 2.0 3.5715969
31 5388 1.0 3.5715969
31 5401 2.0 3.5715969
31 5449 3.0 1.5748216
31 5602 3.5 3.5715969
31 5785 4.0 3.5715969
31 5959 4.5 3.5715969
31 6196 2.0 3.5715969
31 6219 5.0 3.5715969
31 6290 5.0 3.3299904
31 6379 2.0 2.8299904
31 6429 4.5 3.5715969
31 6534 1.0 3.5715969
31 6618 3.5 3.5715969
31 6620 3.5 3.92767
31 6666 4.0 3.5715969
31 6703 2.5 3.5715969
31 6748 5.0 3.8299904
31 6812 5.0 3.5715969
31 6873 5.0 3.5715969
31 6957 4.0 3.4919903
31 7007 4.5 3.5715969
31 7027 3.5 3.5715969
31 7029 5.0 4.3299904
31 7040 5.0 3.5715969
31 7104 3.5 1.8114347
31 7223 3.5 3.5715969
31 7278 5.0 3.5715969
31 7307 5.0 3.5715969
31 7346 1.0 3.5715969
31 7347 3.0 3.7682128
31 7373 3.0 3.5261083
31 7391 1.5 3.5715969
31 7419 5.0 3.5715969
31 7482 3.5 3.5715969
31 7484 5.0 3.5715969
31 7587 4.5 3.5715969
31 8493 0.5 3.5715969
31 8512 3.0 3.5715969
31 8618 3.5 3.5715969
31 8670 5.0 3.5715969
31 8793 5.0 3.5715969
31 8798 5.0 3.42767
31 8846 3.5 3.5715969
31 8860 2.0 3.5715969
31 8879 3.5 3.5715969
31 8910 4.5 2.5928211
31 26172 4.0 3.5715969
31 31101 3.5 3.5715969
31 34405 4.0 4.258539
31 37382 5.0 3.5715969
31 37386 2.5 3.5715969
31 41569 4.0 3.5715969
31 47894 4.5 3.5715969
32 432 4.0 2.1184027
32 1197 4.5 4.330441
32 2716 3.5 3.697066
32 3363 4.0 3.2296703
32 1101 4.5 3.300073
32 4022 3.5 3.215674
32 6565 4.5 4.2685905
32 2150 5.0 3.3666444
32 3448 4.0 3.4712675
32 6539 3.5 4.333182
32 1367 2.5 3.357005
32 3809 4.5 3.3292766
32 4361 4.5 2.6767654
32 4535 4.0 3.5715969
32 7254 0.5 3.561569
33 158 4.0 2.5654895
33 2699 3.5 2.345748
33 37727 4.0 3.5715969
33 38038 0.5 3.5715969
33 39435 4.0 3.5715969
34 432 3.0 1.4357326
34 316 4.0 2.9068522
34 317 3.0 3.4847677
35 1240 4.5 3.5479982
35 7153 4.0 4.025977
35 48 3.0 2.0471492
35 588 3.0 3.8750923
35 6377 3.0 4.231834
35 2006 2.5 2.8668172
35 543 3.0 3.5715969
36 474 2.5 3.2766802
36 1198 2.5 3.1861327
36 2858 3.5 3.4561238
36 2406 3.0 2.114508
36 2640 1.5 3.1675053
36 1835 5.0 2.38219
36 5014 4.0 3.054841
36 16 2.5 3.0660071
36 150 4.5 3.8114965
36 342 4.0 2.1021106
36 357 3.5 3.4365714
36 1302 2.5 2.4814374
36 508 4.0 2.3845863
36 2474 3.5 3.5715969
36 3421 0.5 3.1823156
36 5418 4.5 3.1071515
36 6333 2.0 3.284161
36 6377 3.0 3.6372366
36 3948 4.5 2.7043097
36 1779 1.0 2.3305953
36 4223 3.0 3.0255218
36 30707 5.0 2.9502754
36 33493 2.0 2.8384874
36 58 2.5 3.7344081
36 1388 1.0 0.98597825
36 7162 3.5 3.5715969
36 8958 4.5 3.5715969
36 27873 5.0 3.5715969
37 110 5.0 4.1684346
37 1097 3.0 4.093309
37 2571 5.0 4.7692704
37 2948 3.0 3.795273
37 736 2.5 2.691844
37 1653 5.0 3.3041077
37 2115 3.5 4.765087
37 5446 2.0 3.5715969
37 5952 5.0 4.984635
37 51662 4.0 4.330142
37 60069 5.0 4.389993
37 58559 2.0 4.25662
37 59315 3.0 4.133325
37 74458 3.5 4.5449567
37 2628 2.5 3.6710165
37 8636 3.0 4.4064593
37 4896 3.5 3.9342585
37 4995 5.0 4.5331073
37 4980 3.5 3.2470875
37 30707 4.5 3.0993953
37 4623 3.5 3.5715969
37 6934 3.5 1.7299807
37 77561 2.5 4.7470875
38 1199 4.0 4.947228
38 3793 4.0 3.8352933
38 4993 5.0 5.0
38 4226 4.5 3.8001802
38 6333 4.0 4.3146486
38 8636 4.0 4.922657
38 849 3.0 3.9662259
38 34405 4.0 5.0
38 1357 4.0 5.0
38 52328 4.5 3.5715969
38 55908 4.0 3.5715969
38 60161 4.5 3.5715969
38 68237 4.5 4.596289
39 1036 5.0 3.8537135
39 2858 3.0 3.0208476
39 2916 3.5 3.2819073
39 3702 4.5 3.052494
39 4085 2.0 3.3054912
39 597 0.5 2.533269
39 2997 3.0 2.7199347
39 4973 4.5 3.3478875
39 60069 4.0 3.2967155
39 90405 1.0 3.7177534
39 91529 1.5 2.8822062
39 106487 0.5 3.0578544
39 106696 0.5 3.8195882
39 108945 2.0 1.2177534
39 1225 4.0 3.286171
39 1302 3.5 2.8503559
39 4226 3.0 3.498239
39 5445 4.0 3.0764565
39 5902 3.5 2.2127328
39 1193 1.0 3.374036
39 6377 5.0 3.564944
39 68954 4.0 4.0510187
39 3264 3.0 3.092518
39 48774 3.5 3.209418
39 47997 3.5 3.5715969
39 86880 3.0 3.5715969
39 90469 0.5 3.5715969
39 91658 1.0 3.3822062
39 96079 3.5 2.8822062
40 1196 3.5 3.3646657
40 1356 4.0 3.7258792
40 2716 3.5 3.9088826
40 3424 0.5 3.5715969
40 3793 4.0 3.7254033
40 2 4.0 3.511161
40 2291 4.5 4.423149
40 595 4.0 4.492568
40 1380 2.0 3.9287176
40 6283 4.5 3.5037472
40 58559 4.0 4.3467264
40 73321 3.5 3.880404
40 74458 4.5 4.0826807
40 80615 4.0 4.0826807
40 90866 4.0 3.5715969
40 92422 2.5 1.380404
40 106002 3.0 3.5715969
40 107436 1.0 4.380404
40 109673 2.5 3.880404
40 112175 4.0 3.880404
40 112623 4.0 3.880404
40 344 2.0 3.4177532
40 616 3.0 3.9892511
40 3256 2.0 2.6758826
40 551 4.0 2.6166859
40 5617 4.0 3.640281
40 5902 3.5 3.2462454
40 6874 1.0 4.499468
40 7361 4.0 3.7380793
40 673 3.5 4.136458
40 919 4.0 4.2292743
40 1917 3.0 2.8617444
40 54503 4.0 4.189175
40 5378 3.5 3.577727
40 33794 4.5 3.70853
40 57274 5.0 3.5715969
40 6264 3.0 3.5715969
40 63082 3.5 2.7529125
40 216 2.0 4.039309
40 741 2.5 2.459366
40 3698 2.0 2.0339456
40 4232 2.0 2.4251783
40 4865 4.0 3.4251783
40 6040 3.0 2.010372
40 6820 4.5 2.5327172
40 7360 3.0 5.0
40 8910 4.5 3.0179994
40 40815 3.0 3.5845883
40 8644 4.0 3.229458
40 48774 4.0 3.70934
40 27611 5.0 3.3306303
40 52328 5.0 3.5715969
40 55908 5.0 3.5715969
40 86332 4.5 3.5715969
40 109487 4.0 3.5715969
40 1702 2.0 3.7588353
40 2313 4.0 4.340755
40 2340 4.0 3.5715969
40 3489 5.0 3.5715969
40 4340 2.0 3.5715969
40 4638 4.0 3.9394934
40 4890 2.0 2.554989
40 5072 5.0 4.0549893
40 7458 3.5 3.5715969
40 7812 3.0 3.5715969
40 8331 4.0 3.5715969
40 8376 1.0 3.5715969
40 8782 3.0 3.5715969
40 8972 3.0 3.5715969
40 27772 4.5 3.5715969
40 31658 4.0 3.5715969
40 31685 3.0 3.5715969
40 51077 3.0 3.5715969
40 54001 3.0 3.5715969
40 57502 3.5 3.5715969
40 63433 5.0 3.5715969
40 69951 3.5 3.959366
40 70336 3.0 3.5715969
40 78759 3.0 3.5715969
40 80463 3.5 3.5715969
40 84732 3.0 3.5715969
40 85131 4.0 3.5715969
40 99149 3.0 3.5715969
40 104241 4.0 3.5715969
41 588 5.0 4.4765997
41 2096 4.0 4.2591248
41 2102 5.0 3.5715969
41 919 5.0 4.071255
41 1566 4.0 3.855961
41 1713 4.0 4.4813724
42 593 2.0 4.030922
42 266 3.0 3.7332883
42 597 3.0 3.0219092
42 508 5.0 3.9746473
42 337 3.0 3.3894804
43 318 5.0 4.333788
43 592 3.0 2.8159463
43 316 3.0 3.2938464
43 292 3.0 2.7930093
43 380 3.0 3.6730652
44 50 5.0 4.9338384
44 110 3.0 4.914098
44 260 4.5 4.064089
44 858 4.0 4.534405
44 1127 4.0 4.0756555
44 1196 4.0 4.2298937
44 1221 4.0 3.5805917
44 1252 4.5 4.8490973
44 1356 3.5 4.326887
44 2194 3.5 3.8780313
44 2288 4.5 3.7575188
44 2791 3.5 3.9292238
44 2291 5.0 3.1361213
44 2406 4.0 3.3951793
44 7153 4.5 4.9585605
44 4973 5.0 5.0
44 2959 5.0 4.5236487
44 60069 5.0 4.5791655
44 74458 5.0 4.4145093
44 88125 4.0 1.6177938
44 103042 4.5 3.5715969
44 106782 5.0 3.5715969
44 109673 2.5 3.5715969
44 150 3.5 4.481986
44 520 3.5 3.9913106
44 1079 3.5 4.157114
44 4034 4.0 4.228851
44 4226 4.5 3.961911
44 6333 4.0 4.309449
44 145 3.5 4.1504736
44 912 4.5 4.011911
44 4896 3.0 3.6462133
44 30793 2.5 3.4731426
44 63859 3.5 3.5715969
44 72011 4.0 3.5715969
44 72226 4.0 3.9145093
44 5878 4.0 4.2598333
44 63082 4.5 5.0
44 34405 3.5 4.9731426
44 48774 3.5 4.4043093
44 68157 4.0 4.9145093
44 52281 3.0 4.5227456
44 68237 3.5 3.5715969
44 37729 4.0 3.5715969
44 81847 4.0 3.5715969
44 82459 3.5 4.4145093
44 87232 5.0 3.5715969
44 87306 3.5 3.5715969
44 98809 3.5 3.5715969
44 103249 3.0 3.5715969
44 59369 3.5 3.5715969
44 69844 3.5 3.5715969
44 80489 3.5 3.5715969
45 50 4.0 4.316497
45 110 3.0 4.4766893
45 318 5.0 4.712069
45 593 3.0 4.9664664
45 1036 4.0 4.8904886
45 1127 3.0 3.1433463
45 1208 5.0 5.0
45 1219 5.0 4.5849433
45 1220 5.0 3.6403365
45 1240 4.0 3.6775067
45 1266 4.0 4.7021575
45 1321 5.0 4.9538307
45 1358 4.0 4.736055
45 1378 4.0 3.9756503
45 1387 4.0 4.14741
45 2407 3.0 3.191667
45 2467 4.0 3.637576
45 2542 4.0 3.7310455
45 2571 3.0 4.565918
45 4085 4.0 3.243405
45 2115 4.0 3.6128054
45 2294 4.0 3.810856
45 2384 5.0 4.1056294
45 2640 3.0 4.82749
45 39 3.0 3.7992697
45 1022 4.0 4.137193
45 1059 2.0 2.2373164
45 1243 5.0 2.8732545
45 1285 5.0 3.1052222
45 1968 5.0 3.239986
45 2038 3.0 2.7856426
45 2054 1.0 2.4936383
45 2087 5.0 3.4623718
45 316 3.0 3.458351
45 4014 4.0 2.6257257
45 1 4.0 4.620281
45 16 2.0 4.3019924
45 586 4.0 2.9099977
45 36 4.0 4.537413
45 1090 5.0 3.220386
45 1186 4.0 3.8173692
45 2020 4.0 3.5715969
45 2628 4.0 3.7751374
45 2763 4.0 3.2771688
45 194 4.0 4.389662
45 1188 5.0 4.598183
45 1289 3.0 5.0
45 2019 4.0 4.431057
45 2144 3.0 3.7355518
45 2371 3.0 4.1085205
45 2474 4.0 3.5715969
45 3108 5.0 4.0116134
45 3361 4.0 4.098183
45 1193 5.0 4.5626035
45 919 5.0 4.4476466
45 1367 4.0 3.056569
45 1267 5.0 4.2847433
45 1690 4.0 4.04116
45 2105 4.0 4.1407676
45 2366 4.0 4.3413105
45 1354 4.0 3.5715969
45 327 3.0 1.7747409
45 1831 3.0 2.233057
45 745 5.0 4.0483117
45 1320 3.0 4.263128
45 1544 3.0 3.2344465
45 1974 3.0 4.660284
45 2717 3.0 2.5846164
45 800 3.0 4.163918
45 1373 1.0 1.7150254
45 1273 4.0 5.0
45 537 1.0 4.1000123
45 101 4.0 4.870936
45 162 4.0 4.303925
45 232 4.0 4.1787314
45 1233 5.0 4.780178
45 2140 4.0 4.298311
45 2372 3.0 3.405833
45 2745 4.0 3.718035
45 3593 1.0 1.257003
45 4016 3.0 4.52459
45 218 3.0 3.0629504
45 1111 5.0 3.5715969
45 1211 4.0 4.930887
45 1300 4.0 3.8718
45 2005 2.0 4.8108563
45 2122 3.0 3.5715969
45 2146 2.0 3.5715969
45 2148 3.0 3.5715969
45 2468 3.0 3.5715969
45 2476 4.0 3.5715969
45 2690 5.0 3.5715969
45 2843 5.0 3.5715969
45 3148 4.0 3.5715969
45 3185 4.0 3.9706185
45 3523 3.0 3.5715969
45 3526 3.0 3.5715969
45 3680 4.0 3.5715969
45 3852 3.0 3.5715969
45 3863 5.0 2.7427115
46 1407 4.0 3.2312655
46 1805 3.0 4.1319275
46 3476 4.0 3.5715969
46 1584 5.0 4.7327795
46 1721 5.0 3.1508482
46 3751 4.0 3.8392208
46 724 3.0 3.4206567
46 3264 2.0 3.5715969
46 2606 3.0 3.5715969
46 3499 5.0 4.0740213
46 3752 3.0 3.5715969
46 3977 5.0 2.6750865
46 3287 4.0 3.0293815
46 2995 2.0 2.4206567
46 3511 3.0 3.5715969
46 3512 4.0 3.5715969
46 3747 4.0 3.5715969
46 3785 4.0 2.4206567
47 590 3.0 3.8236735
47 316 3.0 3.1562703
47 10 3.0 2.8672595
47 292 4.0 2.7082107
47 300 3.0 3.5805652
48 457 5.0 3.356298
48 480 5.0 3.8674972
48 1200 5.0 4.1992774
48 1215 4.0 4.544663
48 1220 4.0 4.428814
48 1580 5.0 4.0365443
48 1597 4.0 3.5715969
48 1909 4.0 3.6844325
48 2011 5.0 4.032373
48 2529 4.0 4.7914457
48 2542 3.0 4.25818
48 2985 4.0 3.9038153
48 2 5.0 3.6288557
48 500 4.0 3.4920309
48 1377 4.0 2.8780327
48 1584 4.0 3.0284421
48 2115 4.0 3.5421915
48 2384 2.0 4.047329
48 3996 5.0 3.9914303
48 3 3.0 4.1423078
48 39 2.0 3.9219472
48 594 3.0 4.2090163
48 316 4.0 3.1214924
48 596 3.0 3.1441128
48 3398 3.0 3.5715969
48 4306 5.0 3.1906908
48 4621 3.0 3.5715969
48 44 5.0 3.0736809
48 370 4.0 2.538589
48 1722 5.0 3.7719083
48 2797 3.0 2.469069
48 1274 5.0 4.011158
48 2174 4.0 3.145023
48 3751 3.0 4.1583257
48 585 4.0 3.374091
48 986 3.0 3.679373
48 1907 3.0 3.179373
48 1967 3.0 3.8809402
48 2042 3.0 3.9940772
48 2141 4.0 3.7153838
48 3114 5.0 4.509208
48 3988 3.0 3.7641973
48 969 2.0 3.9773736
48 2428 4.0 3.1840072
48 2722 4.0 2.5186274
48 3948 4.0 3.5715969
48 788 4.0 3.495199
48 1544 4.0 3.1735198
48 3868 4.0 2.8208334
48 2335 4.0 3.001022
48 70 4.0 4.377323
48 473 4.0 3.5715969
48 1920 3.0 3.5715969
48 2394 3.0 3.1059425
48 2694 4.0 1.6438452
48 2953 3.0 1.1663431
48 3175 5.0 3.1603074
48 3300 4.0 3.666343
48 3955 4.0 1.1663431
48 4683 4.0 1.1663431
48 4321 4.0 3.248512
48 3977 3.0 4.584724
48 3510 4.0 3.8101006
48 3489 4.0 3.5715969
48 4366 4.0 3.7411647
48 4367 4.0 2.7411647
48 2005 4.0 4.7591643
48 63 3.0 3.5715969
48 558 3.0 3.5715969
48 765 4.0 3.5715969
48 1009 3.0 3.5715969
48 1731 3.0 3.5715969
48 2453 3.0 3.5715969
48 3054 3.0 3.5715969
48 3156 4.0 2.7961538
48 3243 3.0 3.5715969
48 3254 4.0 3.5715969
48 3500 4.0 3.5715969
48 3999 5.0 3.5715969
48 4104 4.0 3.5715969
48 4502 3.0 3.5715969
48 4545 3.0 3.5715969
48 4619 4.0 3.5715969
48 4678 4.0 3.5715969
49 1210 3.0 3.8241792
49 1304 5.0 3.5867565
49 2959 5.0 3.8262267
50 1092 4.0 3.3136237
50 2542 3.5 4.422832
50 2571 5.0 4.700491
50 1249 1.5 4.2783756
50 2997 2.0 3.1859345
50 4014 4.0 4.300276
50 4306 5.0 4.551507
50 6807 5.0 3.855802
50 3146 3.0 3.5715969
50 3005 4.5 4.51835
50 3717 4.0 2.2139888
50 6294 5.0 1.3701892
50 4018 3.5 4.286245
50 2539 2.5 3.5715969
50 5957 3.5 3.5715969
51 110 5.0 4.225828
51 527 5.0 4.3259053
51 1206 5.0 4.2002788
51 1219 5.0 4.130155
51 1333 4.0 4.4824724
51 1982 4.0 4.701189
51 2916 4.0 3.4507127
51 1653 2.0 3.5834994
51 2712 3.0 2.7657504
51 1014 2.0 3.5715969
51 2096 4.0 3.5715969
51 4148 3.0 3.1702123
51 36 4.0 4.107455
51 1090 5.0 2.7078133
51 1393 3.0 3.0200915
51 1079 5.0 2.9902582
51 1673 3.0 2.849475
51 2174 4.0 2.8074765
51 4226 5.0 3.2616057
51 5349 4.0 3.754215
51 1907 3.0 3.5715969
51 2657 5.0 3.3072267
51 2747 2.0 3.5715969
51 2710 4.0 3.0147963
51 2702 3.0 3.0066822
51 3203 4.0 4.44375
51 2723 3.0 2.0927012
51 2006 1.0 3.0169287
51 3745 3.0 3.5715969
51 4776 5.0 2.8076184
51 4321 4.0 2.3044078
51 662 3.0 3.5715969
51 2133 4.0 3.5715969
51 3797 1.0 3.5715969
51 4541 3.0 3.5715969
51 4951 4.0 3.5715969
52 1210 4.0 3.601975
52 1215 3.0 3.5685024
52 1258 4.0 3.228421
52 1333 4.5 3.846031
52 2167 2.5 2.7912078
52 2791 3.0 2.9760656
52 3273 2.0 2.3367245
52 3471 4.0 2.1264284
52 4105 5.0 2.6786306
52 908 4.0 3.0385995
52 7569 3.5 1.5501579
52 5459 3.5 3.7998204
52 1924 2.5 1.9244752
52 2428 1.5 0.95935273
52 2488 3.0 3.5715969
52 2525 3.5 3.5715969
52 2648 3.5 3.5715969
52 1590 3.0 1.9438888
52 2903 3.0 2.1478248
52 3016 1.5 3.072444
52 2004 3.0 1.8891522
52 3959 3.5 2.8245
52 1995 2.5 0.6733636
52 177 2.5 2.6700096
52 332 3.5 3.6700096
52 1175 4.0 3.6432142
52 2119 2.5 3.5715969
52 2328 3.5 3.6700096
52 3826 3.0 2.771877
52 4533 3.5 3.6700096
52 4553 4.0 4.6700096
52 4833 5.0 0.5
52 4865 3.0 2.6700096
52 5254 2.5 3.6700096
52 6058 0.5 1.6700097
52 6184 4.5 3.5301275
52 7360 4.0 4.6700096
52 7492 2.5 4.6700096
52 8957 3.0 3.2618809
52 2122 3.0 3.5715969
52 2148 2.0 3.5715969
52 2107 2.0 0.5
52 3908 2.0 0.5
52 4541 4.0 3.5715969
52 220 3.0 3.5715969
52 842 2.0 3.5715969
52 1168 1.0 3.5715969
52 1255 3.0 3.5715969
52 1324 0.5 3.5715969
52 1325 1.5 3.5715969
52 1328 0.5 3.5715969
52 1336 1.0 3.5715969
52 1346 3.5 3.5715969
52 1972 3.0 3.5715969
52 1977 2.5 3.5715969
52 1981 1.5 3.5715969
52 1985 3.0 3.5715969
52 1989 2.0 3.5715969
52 1992 1.5 3.5715969
52 2346 2.5 3.5715969
52 2780 1.0 3.5715969
52 2787 1.0 3.5715969
52 3017 1.5 3.5715969
52 3026 2.5 3.5715969
52 3070 3.5 1.9814445
52 3490 3.0 3.5715969
52 3621 3.5 3.5715969
52 3660 1.0 3.5715969
52 3663 1.0 3.5715969
52 3709 1.5 3.5715969
52 3757 2.5 3.5715969
52 4213 3.0 3.5715969
52 4388 1.5 3.5715969
52 4425 2.0 3.5715969
52 4472 3.0 3.5715969
52 4480 3.5 3.5715969
52 4494 1.5 3.5715969
52 4497 1.5 3.5715969
52 4501 0.5 3.5715969
52 4758 3.0 3.5715969
52 4794 4.5 3.5715969
52 4827 3.0 3.5715969
52 4839 2.5 3.5715969
52 5094 3.0 3.5715969
52 5410 3.5 3.5715969
52 5413 3.5 3.5715969
52 5476 3.0 3.5715969
52 5544 4.0 3.5715969
52 5555 4.0 3.5715969
52 5737 0.5 3.5715969
52 5738 0.5 3.5715969
52 5740 1.0 3.5715969
52 5771 3.5 3.5715969
52 5779 2.5 3.5715969
52 6063 1.5 3.5715969
52 6695 3.5 3.5715969
52 6996 1.0 3.5715969
52 7024 2.0 3.5715969
52 7289 3.0 3.5715969
52 7402 2.5 3.5715969
52 7646 2.5 3.5715969
52 7984 3.5 3.5715969
52 8035 4.0 3.5715969
52 8062 2.0 3.5715969
52 8092 2.0 3.5715969
52 8206 3.5 3.5715969
52 8770 4.0 3.5715969
52 8810 2.5 3.5715969
52 8885 2.5 3.5715969
52 8886 2.5 3.5715969
52 8893 3.5 3.5715969
52 27317 4.0 3.5715969
53 260 5.0 4.010141
53 2713 2.0 1.8299
53 2770 4.0 2.5753174
53 2881 3.0 2.9276018
53 3203 3.0 3.5715969
53 3593 1.0 0.5753174
53 3863 4.0 2.6428964
53 2995 1.0 1.7485577
53 1911 2.0 2.1681385
53 3986 3.0 2.7051282
53 2369 1.0 2.7485578
53 3409 2.0 1.7485577
53 2597 3.0 3.5715969
53 2861 1.0 3.5715969
54 296 4.0 4.2028666
54 968 3.5 3.7258282
54 1136 1.5 4.5216503
54 1258 4.0 4.7551317
54 7438 3.5 5.0
54 8874 5.0 4.364454
54 327 0.5 1.569921
54 44191 4.5 4.2344584
54 57274 4.0 3.5715969
54 1233 4.5 5.0
54 3535 4.0 3.647608
54 5903 4.5 3.9909968
54 78499 2.0 4.782982
54 74685 4.5 3.5715969
54 81591 3.5 3.5715969
54 84152 4.5 3.5715969
54 47610 4.5 3.5715969
54 81788 4.5 3.5715969
54 6902 4.0 3.5715969
54 53000 5.0 4.8569446
54 58295 5.0 3.5715969
54 62203 5.0 3.5715969
54 66297 4.0 3.5715969
54 73168 5.0 3.5715969
55 593 5.0 5.0
55 2804 5.0 4.45805
55 2396 5.0 5.0
55 918 5.0 3.5715969
55 1282 5.0 4.5342875
55 1537 5.0 3.5715969
55 969 5.0 4.7890234
55 1217 5.0 5.0
55 1952 5.0 3.5715969
55 2069 5.0 3.5715969
55 4178 5.0 3.5715969
55 4427 5.0 3.5715969
56 750 4.0 4.7094593
56 858 5.0 4.1854753
56 1208 3.0 4.566939
56 1221 4.0 3.062021
56 1304 5.0 4.2260156
56 587 3.0 4.07387
56 1172 5.0 3.5715969
56 1299 5.0 4.263014
56 1079 4.0 4.1759596
56 1193 5.0 4.304425
56 1267 5.0 5.0
56 2501 4.0 4.314706
57 1610 3.5 2.6474917
57 349 3.5 2.5793009
57 356 3.0 2.2256362
57 4014 4.0 2.9146466
57 4993 4.0 4.0272546
57 1608 4.0 2.9475896
57 1343 1.0 2.9873457
57 2993 3.0 3.5243497
57 5418 4.0 3.3352058
57 6947 4.0 4.742385
57 45722 2.5 2.3352058
57 2161 0.5 4.264623
58 830 5.0 3.3635137
58 1518 4.0 5.0
58 141 5.0 4.1919694
58 661 3.0 4.06145
58 673 4.0 3.8576922
58 786 4.0 2.8251705
58 765 3.0 3.5715969
58 113 3.0 3.5715969
58 707 3.0 3.849359
58 719 3.0 3.5715969
58 992 3.0 3.5715969
59 4022 3.0 3.061227
59 47 5.0 3.4230614
59 3879 3.0 3.5715969
59 111 1.0 4.207052
59 4167 4.0 3.5715969
59 64 3.0 3.5715969
59 3260 3.0 3.5715969
60 260 4.5 4.500495
60 318 4.0 4.935117
60 608 4.0 4.844315
60 1198 4.0 4.856133
60 1252 4.0 4.425127
60 2858 4.0 4.053612
60 2917 3.5 3.5715969
60 2968 3.5 4.7750506
60 1059 4.0 3.8533392
60 1747 3.0 3.5715969
60 5952 4.5 5.0
60 58559 4.0 4.52682
60 16 4.0 5.0
60 235 4.0 4.649653
60 1120 4.0 4.7366934
60 2329 4.5 2.6471517
60 3421 4.5 5.0
60 3911 4.5 3.0562007
60 2551 4.0 5.0
60 4235 3.5 2.6932745
60 1339 4.5 4.270611
60 333 3.0 3.5715969
60 4378 5.0 5.0
60 5853 4.0 5.0
60 6774 5.0 5.0
60 68237 4.0 4.6330757
60 765 3.5 3.5715969
60 26729 4.5 3.5715969
60 62437 4.5 3.5715969
60 69849 4.0 3.5715969
61 260 4.0 4.284393
61 45 4.0 3.467407
61 497 5.0 4.2335925
61 62 4.0 4.199877
61 345 5.0 4.445344
61 613 5.0 3.5141547
61 529 5.0 4.131621
61 299 3.0 4.1666665
61 508 5.0 3.5985107
61 788 1.0 4.136832
61 94 3.0 3.9566412
61 100 3.0 4.150641
61 43 5.0 3.5715969
62 527 4.5 3.9331338
62 750 3.0 3.5861948
62 1304 3.0 2.5653822
62 1394 5.0 4.057176
62 2762 4.0 2.9450614
62 16 4.0 3.054359
62 653 2.0 3.091856
62 4848 3.0 3.1849942
62 2657 2.5 2.342009
62 4995 3.0 3.6889386
62 1544 2.0 1.9557364
63 924 5.0 4.0676727
63 1196 4.0 4.0421047
63 1214 4.0 4.817055
63 1221 4.0 4.1881
63 1227 5.0 4.876451
63 1276 4.0 4.089008
63 1954 3.0 3.9925632
63 1132 4.0 3.5715969
63 1674 3.0 3.973062
63 2021 3.0 3.9292915
63 1217 5.0 4.3202825
63 1273 4.0 4.9166555
63 1162 5.0 3.5715969
63 1295 4.0 3.9049747
63 680 4.0 4.036439
63 1952 4.0 3.728382
63 1959 3.0 3.5715969
63 1419 4.0 3.5715969
63 1918 4.0 3.5715969
63 1948 3.0 4.2088995
64 1569 3.5 3.5715969
64 7293 3.5 3.5715969
64 2105 2.5 2.6171975
64 37386 3.5 3.5715969
64 68157 5.0 4.6171975
64 69844 4.0 3.5715969
64 2114 4.0 3.5715969
64 69712 4.5 3.5715969
65 924 4.0 3.125784
65 1805 3.0 1.697489
65 3363 2.0 2.7244444
65 51662 3.5 3.7393792
65 1186 4.0 2.4188468
65 6953 2.5 3.5715969
65 19 3.0 4.022222
65 2722 2.0 3.5715969
65 6787 4.5 3.6885653
65 2505 3.0 0.5
65 7419 4.0 3.5715969
65 8169 2.0 2.8199985
65 720 1.0 4.037595
65 37 4.5 3.5715969
65 2520 2.0 3.5715969
65 2605 1.0 3.5715969
65 3153 2.5 3.5715969
65 7193 0.5 3.5715969
65 43936 3.5 3.5715969
65 80502 3.5 3.5715969
66 32 5.0 3.5362341
66 457 5.0 3.782681
66 589 5.0 3.2229114
66 592 2.0 3.2591236
66 364 2.0 4.0841174
66 377 3.0 3.2976995
66 595 4.0 4.2465043
66 165 5.0 2.948553
66 185 3.0 3.0625548
66 353 2.0 3.5422492
66 383 5.0 2.7013385
66 533 3.0 3.5715969
67 34 3.0 4.411859
67 500 2.0 3.6765215
67 339 3.0 3.6635208
67 595 3.0 4.4512906
67 231 2.0 3.8229198
68 318 5.0 4.2554417
68 527 5.0 3.7067769
68 780 4.0 3.5807097
68 1617 5.0 3.8121548
68 1909 4.0 3.9099364
68 2268 4.0 3.0654342
68 364 4.0 3.755546
68 1721 3.0 2.131141
68 356 5.0 2.8821933
68 150 5.0 4.843575
68 491 3.0 3.5715969
68 509 4.0 3.5715969
68 1183 5.0 4.2716084
68 1641 4.0 3.4369354
68 1885 4.0 3.5199146
68 1917 4.0 2.0689971
68 1834 5.0 4.6397667
68 73 4.0 3.2716084
68 1780 5.0 3.5715969
68 2442 4.0 3.5715969
69 296 5.0 4.8834896
69 750 5.0 5.0
69 1196 5.0 4.75875
69 1333 5.0 5.0
69 1589 1.0 4.059836
69 2194 3.0 4.961514
69 2917 4.0 4.059836
69 3272 4.0 2.0598361
69 3362 5.0 4.4174643
69 5060 5.0 5.0
69 1721 1.0 4.681487
69 2617 3.0 4.0788717
69 914 5.0 4.7911005
69 920 5.0 4.898516
69 3503 5.0 5.0
69 4643 2.0 3.5715969
69 1674 5.0 4.877693
69 1084 5.0 5.0
69 1673 5.0 4.3537345
69 2019 5.0 5.0
69 2300 5.0 4.5686007
69 2700 4.0 3.0219638
69 3671 5.0 4.4208865
69 1193 5.0 4.9482446
69 904 5.0 4.9222364
69 922 5.0 5.0
69 1212 5.0 4.96908
69 2075 5.0 3.5715969
69 3089 5.0 3.5715969
69 1041 5.0 4.9951596
69 2065 5.0 3.5715969
69 2731 5.0 4.4174643
69 1233 5.0 4.9262247
69 1237 5.0 3.5715969
69 3019 4.0 4.696075
69 3067 5.0 3.5715969
69 3384 5.0 3.5715969
69 4326 2.0 3.5715969
69 4361 5.0 3.5069313
69 1211 5.0 5.0
69 2159 5.0 5.0
69 3461 5.0 3.5715969
69 971 5.0 3.5715969
69 4407 5.0 4.84178
69 702 5.0 3.7911005
69 909 5.0 4.7911005
69 125 5.0 4.2535887
69 948 5.0 3.5715969
69 2285 5.0 3.5715969
69 2632 5.0 3.5715969
69 2969 5.0 3.5715969
69 3036 4.0 3.5715969
69 3171 5.0 3.5715969
69 4190 5.0 3.5715969
69 4529 5.0 3.5715969
69 4705 5.0 3.5715969
70 32 4.5 4.3952627
70 480 4.0 3.7937458
70 589 3.0 3.9473393
70 1089 4.0 3.7877424
70 1129 5.0 4.359142
70 1215 5.0 4.7457767
70 1270 4.0 4.535066
70 1500 5.0 5.0
70 2529 4.0 4.371482
70 2571 5.0 4.703135
70 2701 3.5 1.779516
70 2858 4.5 4.5729947
70 2985 4.0 3.9021063
70 4128 5.0 4.1351585
70 1653 4.5 3.9253721
70 2291 4.0 3.3238163
70 2406 5.0 3.0893183
70 5218 4.0 4.540853
70 39 4.0 4.378342
70 595 3.5 4.0279264
70 1282 4.0 3.2715437
70 1307 5.0 3.8551173
70 62 4.0 4.4493155
70 316 5.0 3.8407404
70 1288 4.5 4.494149
70 4643 3.0 3.3532686
70 6365 4.0 4.00972
70 7147 4.0 3.4226358
70 2959 5.0 4.6436043
70 8961 4.0 4.3639145
70 185 3.5 3.5768638
70 208 4.0 4.0547314
70 231 3.0 4.5776396
70 616 4.0 4.3670506
70 1370 4.0 4.1975613
70 2628 3.0 3.6013834
70 2918 5.0 4.660371
70 141 3.5 4.5666924
70 168 4.0 3.8989675
70 193 3.0 2.3363037
70 778 4.5 4.6100926
70 1080 4.0 4.6173196
70 1203 3.0 4.576744
70 1641 4.0 3.678517
70 2174 3.0 3.4650373
70 3421 4.0 4.731516
70 4011 4.0 4.341767
70 4226 5.0 3.6948504
70 6539 5.0 4.453956
70 7361 5.0 4.724585
70 32587 5.0 4.6947575
70 5459 3.0 4.7142253
70 919 3.0 4.419422
70 1367 3.5 3.4166398
70 1967 5.0 4.8247213
70 2355 4.0 4.7360115
70 253 5.0 3.0809035
70 1873 4.0 3.2841692
70 2398 3.0 1.4071789
70 5378 3.0 4.1394987
70 2710 3.0 3.629005
70 1339 4.0 2.8518295
70 2746 3.0 3.309852
70 288 5.0 4.1116347
70 29 4.5 4.9852276
70 1884 3.5 4.632574
70 3175 4.0 3.996078
70 3300 4.0 3.9071789
70 3740 5.0 3.5715969
70 4571 5.0 4.064356
70 4734 4.0 2.006828
70 33493 3.0 4.23851
70 5991 4.0 3.7029347
70 6373 4.0 4.162746
70 6934 3.0 2.1701572
70 52245 4.5 4.234913
70 48394 4.5 4.9767246
70 2161 3.0 3.9660296
70 4367 4.0 2.9820006
70 4446 4.5 4.2712245
70 31658 5.0 5.0
70 37729 4.0 4.9820004
70 2405 5.0 4.1891437
70 728 4.0 3.087944
70 2046 3.0 3.5715969
71 50 4.0 3.5715969
71 4993 5.0 3.5715969
71 5013 4.0 3.5715969
71 2501 3.0 3.5715969
71 2662 4.0 3.5715969
71 4270 5.0 3.5715969
72 110 3.0 4.204646
72 1214 3.0 4.51566
72 1266 4.0 3.3954465
72 1283 4.0 4.026929
72 1597 1.0 3.765954
72 953 3.0 4.028811
72 17 5.0 4.105596
72 838 3.0 3.852914
72 920 3.0 4.087459
72 928 4.0 4.748264
72 1 3.0 4.6123824
72 154 4.0 3.8741791
72 223 3.0 3.7597454
72 923 5.0 4.5404506
72 1224 4.0 4.617385
72 903 2.0 4.1700706
72 904 4.0 3.8724325
72 905 3.0 3.9266827
72 911 4.0 4.095616
72 1284 5.0 2.6591482
72 950 4.0 3.48126
72 1175 3.0 4.3278565
72 1788 3.0 4.617385
72 1515 1.0 3.5715969
72 1290 2.0 3.5715969
72 1422 2.0 3.5715969
73 1333 4.5 4.4491863
73 588 3.0 3.5946898
73 413 3.0 2.39951
73 2058 3.0 2.8554256
73 2278 4.0 2.681913
73 19 1.5 2.3847568
73 2694 3.0 1.140756
73 1061 3.0 3.105972
73 2005 4.0 4.0420074
73 2117 4.0 3.7791765
73 8810 2.0 3.5715969
73 62049 4.0 3.5715969
74 260 3.0 4.918712
74 1580 4.0 4.267701
74 376 4.0 3.8090997
74 508 3.0 4.229917
74 1464 4.0 3.5715969
75 608 3.0 4.17702
75 968 3.0 3.6467702
75 1092 1.0 3.9093847
75 1197 3.0 3.4169478
75 1199 4.0 4.8735023
75 1210 3.0 3.3944464
75 1240 3.0 3.290273
75 1252 5.0 3.702686
75 1333 3.0 4.6605215
75 1394 3.0 4.027151
75 153 2.0 2.97671
75 953 3.0 4.016481
75 261 3.0 3.773372
75 356 1.0 4.650653
75 588 3.0 3.3051708
75 594 3.0 3.4503796
75 899 3.0 3.8370743
75 1296 3.0 1.2993828
75 62 2.0 3.359411
75 783 3.0 2.4809077
75 1246 3.0 3.882382
75 1288 4.0 3.7743368
75 11 3.0 3.7970934
75 355 3.0 2.5236745
75 357 3.0 3.3054714
75 410 3.0 4.0122466
75 468 3.0 1.8923533
75 509 5.0 4.306904
75 539 1.0 3.5292282
75 272 4.0 4.365449
75 1183 5.0 3.8139455
75 1225 4.0 3.7047424
75 14 3.0 3.574765
75 35 4.0 3.5715969
75 305 3.0 0.5
75 551 5.0 2.4260404
75 923 4.0 4.2436614
75 1148 5.0 4.074301
75 1203 3.0 4.0948052
75 1224 4.0 3.6402953
75 1449 3.0 3.04067
75 531 3.0 2.9590123
75 922 4.0 4.543137
75 927 4.0 3.5715969
75 1086 3.0 3.5715969
75 1264 3.0 2.7464116
75 1267 4.0 3.615499
75 1047 2.0 2.7632043
75 745 5.0 3.5715969
75 273 3.0 2.8292096
75 337 5.0 3.8317084
75 555 4.0 3.654842
75 1013 2.0 0.6605217
75 1189 5.0 3.5715969
75 1254 4.0 3.5715969
75 1357 4.0 4.2076745
75 82 5.0 4.2076745
75 538 3.0 3.4424865
75 801 3.0 2.6364863
75 1099 3.0 3.5715969
75 213 4.0 4.833762
75 971 4.0 3.727512
75 425 4.0 3.5715969
75 43 3.0 3.5715969
75 1150 5.0 3.5715969
75 1244 3.0 4.214611
75 458 2.0 0.5
75 1104 4.0 3.7464116
75 149 3.0 3.5715969
75 211 3.0 3.5715969
75 574 2.0 3.5715969
75 725 3.0 3.5715969
75 766 4.0 3.5715969
75 851 4.0 3.5715969
75 932 3.0 3.5715969
75 936 3.0 3.5715969
75 1187 4.0 3.5715969
75 1414 3.0 3.5715969
76 3793 3.0 3.9439955
76 58559 4.0 4.5979853
76 79132 5.0 4.669524
76 106072 2.0 3.7673552
76 111362 4.0 4.267355
77 593 4.0 4.8568096
77 858 5.0 4.0059214
77 1527 3.5 3.970485
77 2858 5.0 3.8539112
77 898 4.5 3.6790452
77 914 4.5 3.9087198
77 4306 4.0 4.6183786
77 5952 4.0 4.9849763
77 1682 3.5 3.7879567
77 1722 3.0 3.4422877
77 25 4.5 4.2103896
77 446 4.5 3.5103025
77 1704 4.0 4.176606
77 2355 3.5 4.5349464
77 306 4.5 3.7952144
77 5995 4.0 4.0718036
77 308 4.5 3.5715969
77 3148 3.5 3.5715969
77 5983 3.0 3.5715969
77 6039 3.5 3.5715969
78 32 4.0 3.9807768
78 750 3.0 4.070285
78 4306 3.0 3.562434
78 4973 5.0 4.5781198
78 6711 2.0 3.8021216
78 2959 3.5 4.3527727
78 58559 4.5 4.058072
78 47 3.5 3.2731774
78 4226 5.0 4.3731885
78 8874 3.0 3.465385
78 32587 5.0 4.0305448
78 56367 3.0 2.4328156
78 53318 5.0 3.5715969
78 54995 3.5 3.5715969
78 1884 5.0 4.2798157
78 4239 5.0 1.0255713
78 59615 2.0 2.2935464
78 71535 2.5 4.063437
78 27904 2.5 3.5715969
78 52281 4.5 3.5715969
78 68237 3.0 3.972716
78 3581 3.0 3.040634
78 8607 5.0 3.540634
78 26903 4.0 3.040634
78 31658 3.0 4.5854907
78 31685 2.5 3.5715969
78 37729 4.0 4.5406337
78 58998 3.5 4.5406337
78 3174 4.5 3.5715969
78 5128 3.5 1.2958026
78 1753 4.5 2.8828025
78 72737 4.5 4.8828025
78 3404 4.0 3.5715969
78 6291 4.0 3.5715969
78 8117 4.0 3.5715969
78 27731 4.0 3.5715969
78 32657 3.5 3.5715969
78 33903 3.0 3.5715969
78 46723 3.5 3.5715969
78 59387 3.5 3.5715969
78 67087 4.5 3.5715969
78 70728 2.5 3.5715969
78 71462 2.5 3.5715969
78 72741 3.5 3.5715969
78 73587 4.0 3.5715969
79 296 4.0 4.136772
79 527 5.0 4.348382
79 750 4.0 4.6250615
79 858 5.0 3.80966
79 924 5.0 3.326758
79 1196 5.0 3.6007779
79 1199 3.0 4.815903
79 1215 4.0 4.5128846
79 1378 2.0 3.5715969
79 1610 3.0 4.2178063
79 2478 3.0 2.2510216
79 2571 4.0 4.120699
79 2985 1.0 3.3406856
79 1101 3.0 3.0320275
79 2115 3.0 3.506054
79 1059 4.0 2.0912921
79 1243 5.0 2.3287125
79 908 4.0 3.4889698
79 47 4.0 3.4766424
79 1172 5.0 3.6294
79 1302 2.0 2.9656823
79 2021 3.0 2.9198701
79 2797 3.0 2.7254689
79 1704 5.0 4.2916427
79 903 5.0 4.341601
79 912 5.0 4.0353036
79 2424 3.0 3.0839167
79 2105 3.0 4.0414104
79 2657 1.0 3.1015797
79 741 2.0 3.5715969
79 1729 3.0 3.9722228
79 2006 3.0 3.0262592
79 307 5.0 4.5078664
79 2373 2.0 3.5715969
