1 6 2.0 3.8951528
1 260 5.0 3.1987383
1 432 2.0 3.0753374
1 457 4.0 3.6251216
1 590 2.0 3.8673472
1 648 5.0 3.102075
1 731 1.0 3.5652065
1 1197 4.0 3.1803412
1 1198 5.0 3.5445242
1 1200 3.0 3.4390283
1 1201 4.0 4.0680547
1 1210 3.0 2.571019
1 1220 4.0 3.1108935
1 1221 5.0 3.57823
1 1227 3.0 4.5017495
1 1266 3.0 4.186083
1 1270 3.0 3.1897736
1 1283 4.0 3.2556424
1 1304 4.0 3.5545483
1 1321 5.0 4.304528
1 1347 5.0 3.6524997
1 1376 3.0 0.8045282
1 1407 3.0 2.8672035
1 1610 3.0 3.471188
1 1748 2.0 3.2418225
1 1876 3.0 2.3879275
1 2001 3.0 3.655241
1 2009 5.0 3.9303603
1 2011 4.0 3.2216678
1 2118 4.0 4.304528
1 2194 3.0 2.773507
1 2268 3.0 2.8436427
1 2467 3.0 3.6272283
1 2527 3.0 3.5652065
1 2529 5.0 3.910366
1 2701 1.0 2.21681
1 2713 2.0 3.6837714
1 2782 4.0 3.5652065
1 2791 4.0 3.4617686
1 2901 5.0 4.652006
1 2912 3.0 3.5652065
1 2921 4.0 2.8784356
1 2922 5.0 3.5652065
1 2944 4.0 5.0
1 2947 4.0 2.6272283
1 2951 5.0 4.0646715
1 3527 4.0 3.7742689
1 3543 3.0 3.5652065
1 3550 3.0 4.1837716
1 3668 3.0 3.5652065
1 3735 3.0 3.8045282
1 4041 4.0 3.5652065
1 4086 3.0 3.1380048
1 4105 5.0 4.547208
1 4121 3.0 3.5973654
2 32 3.0 4.2884407
2 648 5.0 3.800394
2 1645 4.0 2.5079281
2 2028 4.0 4.11315
2 2804 3.0 5.0
2 1777 4.0 4.1267376
2 2053 3.0 3.5652065
2 2067 5.0 4.2516937
2 2291 5.0 3.1322057
2 2617 4.0 2.7865968
2 3623 4.5 2.915717
3 110 5.0 4.6137695
3 1196 3.0 4.445522
3 1210 4.0 4.411678
3 48 1.0 3.4160826
3 266 5.0 3.6586773
3 289 3.0 3.2470992
3 497 5.0 4.553991
3 838 3.0 3.5652065
3 901 5.0 3.5652065
3 934 5.0 3.8124008
3 955 5.0 3.5652065
3 1022 5.0 3.9673386
3 1285 3.0 4.9714727
3 1951 3.0 3.5652065
3 2017 5.0 3.5652065
3 2052 3.0 3.5652065
4 750 4.0 3.9739175
4 2003 4.0 3.3248882
4 2571 4.5 4.0731845
4 3527 3.0 3.836008
4 345 3.5 3.632785
4 2124 3.5 2.635227
4 3503 1.0 4.0877004
4 3897 2.5 3.8137987
4 4306 5.0 3.678852
4 4487 3.5 3.5652065
4 4973 5.0 3.841423
5 839 1.0 3.5652065
5 2594 4.5 3.5652065
5 4448 2.0 3.1890798
5 60069 4.0 4.1788917
6 1721 4.0 0.6033271
6 7293 2.5 3.5652065
6 4886 4.0 3.5217896
6 60684 0.5 3.664598
6 69406 3.5 3.5652065
6 74580 3.5 3.5652065
6 78772 3.5 3.5652065
6 82169 3.0 3.5652065
6 85056 4.5 3.5652065
6 87430 3.5 3.5652065
6 88125 3.5 3.2688172
6 92264 3.5 3.5652065
6 92422 1.0 3.5652065
6 93272 4.0 3.5652065
6 93982 2.5 3.5652065
6 94015 1.5 3.5652065
6 98243 5.0 3.5652065
6 98400 3.5 3.5652065
6 99813 4.0 3.5652065
6 101142 4.0 3.5652065
6 102407 3.5 3.5652065
6 103335 4.5 3.5652065
6 103372 3.5 3.5652065
6 104274 3.0 3.5652065
6 104312 3.5 3.5652065
6 105844 3.5 3.5652065
6 106918 3.0 3.5652065
6 109846 3.0 3.5652065
6 110771 4.0 3.5652065
6 110773 0.5 3.5652065
6 111375 3.5 3.5652065
6 112175 3.5 3.5652065
6 113103 2.0 3.5652065
6 113348 1.0 3.5652065
6 114180 3.5 3.5652065
6 114552 1.5 3.5652065
6 114935 2.0 3.5652065
6 115170 5.0 3.5652065
6 115569 1.5 3.5652065
6 116397 2.5 3.5652065
6 116797 3.5 3.5652065
6 117590 1.5 3.5652065
6 118696 2.5 3.5652065
6 118760 3.5 3.5652065
7 480 4.0 3.4023688
7 527 5.0 3.9823675
7 592 4.0 3.804785
7 34 3.0 4.824147
7 349 3.0 4.0002055
7 236 4.0 4.270647
7 377 4.0 3.8351824
7 595 4.0 4.7701406
7 597 3.0 2.9973843
7 44 4.0 4.123698
7 93 4.0 3.5652065
7 119 3.0 3.5652065
7 150 4.0 4.8147597
7 158 3.0 3.4340043
7 173 4.0 2.7676682
7 174 4.0 3.5652065
7 196 4.0 3.539751
7 208 3.0 3.6938827
7 230 4.0 3.1970239
7 277 4.0 3.033271
7 353 4.0 3.7160957
7 362 5.0 3.5652065
7 380 4.0 3.851327
7 416 4.0 3.5652065
7 445 4.0 3.5652065
7 485 4.0 2.8734865
7 516 4.0 2.8371572
7 548 3.0 3.2085292
8 6 5.0 4.023855
8 260 5.0 4.072094
8 457 5.0 4.3906245
8 1089 1.0 4.6376953
8 1527 3.0 4.53691
8 1876 3.0 3.312158
8 1909 5.0 4.179672
8 2000 4.0 4.847866
8 1968 4.0 4.907663
8 345 2.0 4.4587207
8 165 4.0 3.4676564
8 230 3.0 3.3517857
8 529 3.0 4.03752
8 1172 4.0 4.787962
8 1225 5.0 4.126586
8 1693 3.0 3.468388
8 2763 4.0 2.8062258
9 350 5.0 3.4635522
9 432 3.0 3.4736576
9 553 3.0 3.1545763
9 593 4.0 3.8908708
9 648 3.0 3.833633
9 7 3.0 4.2821426
9 356 3.0 4.3947086
9 594 3.0 3.5432057
9 277 4.0 2.9683123
9 292 3.0 3.12191
9 383 4.0 4.2504373
9 468 4.0 3.2685716
9 471 3.0 3.9782708
9 475 5.0 3.8498724
9 587 5.0 3.3040287
9 14 4.0 4.09091
9 35 3.0 3.5652065
9 140 3.0 3.5652065
9 154 3.0 3.9474654
9 168 4.0 3.1829402
9 222 3.0 4.283862
9 235 2.0 2.8503942
9 378 3.0 3.5652065
10 296 4.0 4.850671
10 318 3.5 4.829143
10 589 3.5 3.5202599
10 593 3.5 4.4685373
10 750 4.5 4.4744205
10 1196 3.5 4.025452
10 1252 4.0 5.0
10 1258 4.0 4.6981206
10 1265 3.5 3.4919047
10 1304 4.0 3.4966643
10 1387 3.5 3.657722
10 2248 3.5 3.5652065
10 2571 4.5 4.6814623
10 2580 3.5 4.628433
10 2716 3.5 3.7895763
10 2804 4.0 4.991496
10 2947 3.5 2.66548
10 3681 4.0 5.0
10 1275 4.0 3.4060485
10 1285 3.0 3.8801734
10 1639 5.0 3.7488792
10 1961 3.5 3.4747138
10 5952 4.5 4.529387
10 2762 4.0 4.3060904
10 47 3.5 4.483624
10 249 2.5 3.6377208
10 370 3.0 2.8794513
10 471 3.5 4.5975204
10 1225 3.5 4.424769
10 2918 3.5 4.3069334
10 2949 3.5 4.3008027
10 199 1.5 3.5652065
10 215 4.0 4.265611
10 535 4.5 5.0
10 1050 4.0 3.5652065
10 1080 4.0 3.592237
10 1120 3.0 3.7285879
10 1223 3.5 3.5088449
10 1663 3.5 2.167176
10 1704 4.0 3.9593914
10 2174 3.5 3.057014
10 2371 3.5 2.991496
10 3261 3.0 3.5652065
10 3448 2.5 3.3846085
10 3751 4.0 3.7232122
10 3911 4.0 3.7488792
10 4226 4.0 4.3538857
10 5418 4.0 3.6231353
10 5445 4.0 3.9219644
10 5669 4.0 2.848243
10 6755 4.0 3.5652065
10 6807 3.5 4.4137154
10 6870 4.0 3.9570472
10 6974 4.5 3.5652065
10 7073 4.5 3.5652065
10 8364 3.5 3.5652065
10 8464 4.0 3.5934794
11 1304 4.0 3.3685472
11 1101 3.0 3.4502928
11 16 4.0 3.4382408
12 480 3.0 3.2493577
12 2058 3.0 2.0462224
12 2422 1.0 3.5652065
12 5377 4.0 3.1271338
12 5380 4.0 3.5652065
13 1073 3.5 3.498786
13 364 4.5 4.0658207
13 1022 4.5 2.7053502
13 1032 3.5 3.193346
13 2052 3.5 3.5652065
13 596 4.0 2.6237464
13 783 3.0 2.9946644
13 2124 3.0 2.7852387
13 2683 3.5 3.9668598
13 4306 4.5 3.6038733
13 7293 3.5 2.0164983
13 51662 4.0 3.930184
13 1 4.5 4.0267186
13 520 4.0 3.3108432
13 1203 5.0 3.1470792
13 3396 3.5 3.35511
13 27706 3.0 3.5766077
13 32587 5.0 4.146403
13 19 3.5 3.945568
13 912 5.0 3.9087386
13 965 4.0 3.46464
13 1367 4.0 3.0037541
13 1688 3.0 2.7906559
13 1967 2.5 4.144744
13 2018 5.0 2.3207781
13 2123 4.0 2.757477
13 2138 5.0 3.5840795
13 3124 3.5 3.5652065
13 3988 4.0 2.9599886
13 4639 3.0 3.5652065
13 4700 3.5 3.5652065
13 5092 3.0 3.5652065
13 6297 4.5 3.5652065
13 6377 4.5 3.9976554
13 6502 5.0 4.220327
13 6793 3.5 3.5652065
13 6798 4.0 3.5652065
13 7164 3.5 3.5652065
13 8360 3.5 2.878718
13 8946 3.0 3.5652065
13 31429 3.0 3.5652065
13 43560 3.5 3.5652065
13 45517 4.0 3.0164983
13 45726 3.5 3.5652065
13 46062 3.5 3.5652065
13 50872 4.5 3.4044192
13 53956 3.5 3.5652065
13 55282 3.5 3.850337
13 55363 4.0 3.5652065
13 56176 4.0 3.5652065
13 57532 1.0 0.5164984
13 59501 4.0 3.5652065
13 60141 3.5 3.5652065
13 67788 3.5 3.5652065
13 68269 4.0 4.0164986
13 70282 3.0 3.5652065
14 480 5.0 4.3670583
14 500 3.0 3.6836092
14 150 4.0 3.9414299
14 185 3.0 3.749927
14 186 3.0 3.966729
14 357 4.0 3.7766256
14 515 5.0 4.753478
14 531 5.0 2.0526814
15 474 3.0 4.268675
15 480 4.0 4.186214
15 968 1.0 3.547995
15 1036 5.0 3.25119
15 1199 5.0 4.547995
15 1200 5.0 4.70176
15 1214 2.0 4.8359575
15 1219 5.0 3.8847725
15 1240 3.0 3.539534
15 1262 4.0 3.5652065
15 1278 4.0 3.5652065
15 1291 3.0 3.5570445
15 1321 3.0 3.840938
15 1573 5.0 4.384425
15 2194 4.0 3.7329366
15 2529 4.0 4.062923
15 2716 3.0 3.768399
15 2968 5.0 4.6795287
15 2406 3.0 3.0819168
15 595 4.0 4.6489663
15 1288 5.0 4.547995
15 923 5.0 4.547995
15 2160 4.0 4.176037
15 247 2.0 3.0257144
15 257 3.0 3.5652065
15 904 5.0 3.547995
15 969 4.0 3.9586527
15 1086 4.0 3.547995
15 1217 3.0 4.176037
15 1284 2.0 3.5652065
15 1348 5.0 3.5652065
15 1940 5.0 3.5652065
15 2075 2.0 4.176037
15 2398 3.0 4.176037
15 2454 5.0 3.5652065
15 2519 5.0 3.5652065
15 2612 4.0 3.5652065
15 2647 5.0 3.5652065
15 2654 4.0 3.5652065
15 2967 4.0 3.5652065
15 3088 3.0 3.5652065
15 3089 1.0 3.5652065
15 3219 3.0 3.5652065
15 3365 3.0 3.5652065
16 780 5.0 3.5857468
16 736 3.0 2.2233288
16 708 3.0 3.0619268
16 1047 3.0 2.2075114
17 2944 3.0 4.081937
17 135 2.0 3.5652065
17 2020 2.5 2.4079528
17 3252 4.5 1.9164569
17 1680 2.0 3.5652065
17 3967 4.0 3.5652065
18 318 5.0 5.0
18 1197 3.5 5.0
18 908 5.0 5.0
18 4226 5.0 5.0
18 7361 5.0 4.795363
18 904 4.5 3.5652065
18 2676 5.0 3.5652065
18 4235 4.5 3.5652065
18 5878 4.5 3.5652065
18 39292 4.5 3.5652065
19 6 4.0 5.0
19 296 4.0 4.886265
19 318 3.5 4.723141
19 4306 4.0 4.5749545
19 2762 4.5 4.3172603
19 150 4.0 4.3359942
19 173 2.0 3.2917535
19 1552 3.5 3.3827357
19 151 4.0 3.7980356
19 778 4.5 4.5300627
19 8949 4.5 2.2719765
19 6016 4.5 4.611074
19 784 1.0 5.0
19 3081 3.5 4.269382
19 5378 4.0 4.0626607
19 40583 4.0 3.5652065
19 42004 5.0 3.5652065
20 2791 3.0 3.8133674
20 6377 5.0 4.290056
20 904 5.0 2.420032
20 30749 5.0 3.5652065
21 608 4.0 4.623744
21 780 3.0 4.274846
21 1210 4.0 4.681528
21 1 5.0 4.441753
21 733 5.0 4.2644224
21 25 4.0 4.0601068
21 661 5.0 3.474536
21 784 2.0 5.0
21 1006 4.0 3.5652065
22 3101 4.0 3.5652065
22 2505 5.0 3.3160896
22 2662 4.0 3.5652065
23 474 4.0 3.608738
23 648 5.0 3.2633379
23 1129 3.0 4.3828297
23 1259 4.0 3.5463574
23 1321 5.0 4.205838
23 1356 5.0 2.8687842
23 1876 3.0 2.56954
23 1994 5.0 4.227031
23 2003 4.0 2.9150066
23 2571 4.0 3.943223
23 2858 3.0 3.8144643
23 2916 5.0 3.5674038
23 2455 4.0 4.1923532
23 4008 1.0 5.0
23 165 3.0 2.8287246
23 196 4.0 2.923428
23 380 5.0 3.3456776
23 434 4.0 2.66871
23 3418 3.0 3.5055501
23 3751 5.0 3.3111665
23 2657 3.0 1.9121338
23 2710 5.0 3.8135595
23 1590 4.0 2.6602588
23 1882 3.0 2.0288024
23 2448 4.0 3.7371542
23 3082 4.0 3.1613986
24 780 1.0 4.212725
24 52 4.0 3.8033412
24 246 5.0 4.9700127
24 305 1.0 3.6848655
24 647 5.0 4.492857
24 1673 4.0 4.23382
24 585 4.0 3.4844859
25 1270 4.0 3.8677614
25 2701 1.0 3.4126906
25 7 4.0 3.2197404
25 2997 4.0 3.4534292
25 2688 5.0 5.0
25 2702 3.0 3.4294224
25 2881 5.0 4.043573
26 296 3.0 4.277336
26 527 4.0 4.9205065
26 589 5.0 4.223285
26 590 3.0 3.6096387
26 592 3.0 3.5989516
26 500 5.0 2.8365688
26 356 5.0 3.2082057
26 21 4.0 4.12687
26 454 4.0 2.8431547
26 586 3.0 2.883308
26 587 3.0 2.8401453
27 1580 4.5 3.847255
27 34 3.0 4.4637256
27 2959 5.0 4.8246064
27 2300 4.0 3.4765372
27 519 2.0 3.5652065
27 1010 3.0 1.4283653
27 3264 4.0 3.5652065
27 5419 1.0 3.5652065
27 33166 5.0 2.9283655
27 42094 5.0 3.5652065
27 56174 3.0 3.5652065
28 260 2.0 2.5559494
28 1372 2.0 2.84028
28 265 3.0 3.871854
28 2335 4.0 1.529298
29 1197 3.0 5.0
29 1208 5.0 5.0
29 1096 4.0 3.5652065
29 2023 4.0 3.6161616
29 1093 4.0 3.5652065
29 678 5.0 5.0
29 781 4.0 3.5652065
29 1251 4.0 5.0
29 1273 5.0 4.3854313
29 2312 4.0 3.5652065
29 2439 4.0 3.5652065
29 2859 5.0 5.0
29 3712 4.0 3.5652065
30 592 4.0 3.5832493
30 377 4.0 2.8705685
30 597 3.0 2.656006
30 316 2.0 3.7589002
30 292 2.0 3.3294866
30 293 3.0 4.086087
30 315 4.0 3.816565
30 344 5.0 2.9715822
30 357 4.0 4.2346473
30 454 3.0 3.1751032
30 529 4.0 4.1127615
30 104 4.0 3.1292624
30 253 2.0 2.888796
30 337 5.0 3.5582573
30 490 3.0 3.5652065
30 502 2.0 3.5652065
30 537 4.0 2.8488579
30 555 4.0 4.18122
31 296 5.0 3.633533
31 303 4.0 3.0000353
31 608 5.0 3.0336943
31 996 3.0 1.6954719
31 1034 5.0 2.6954718
31 1200 4.0 3.2142456
31 1214 3.0 3.9697025
31 1257 4.0 3.484964
31 1259 3.0 3.4046872
31 1333 4.5 4.133919
31 1356 2.0 2.6291807
31 1372 2.0 3.118163
31 1394 5.0 3.3168097
31 1527 3.0 3.0829341
31 1625 3.5 3.4392881
31 1645 1.0 1.7531317
31 1909 3.0 3.0876641
31 1982 5.0 4.000703
31 2011 3.0 2.786426
31 2012 2.0 1.9685509
31 2076 3.0 3.833547
31 2167 3.0 2.913751
31 2268 2.0 2.7336
31 2391 3.0 2.7396293
31 2401 2.0 3.6954718
31 2692 4.0 3.1117668
31 2716 3.0 2.6167715
31 2804 4.0 4.437602
31 2912 4.5 3.33452
31 2921 5.0 2.5739074
31 2922 3.0 3.5652065
31 3508 5.0 2.6954718
31 3527 2.0 3.328688
31 4037 5.0 2.6954718
31 4043 3.0 2.6954718
31 349 2.0 3.2775788
31 736 2.0 2.0577378
31 953 3.0 2.8324142
31 1721 1.0 1.2997507
31 1777 1.0 2.6420822
31 2053 0.5 3.5652065
31 497 4.0 3.8154762
31 914 3.0 3.1255698
31 920 0.5 3.4743984
31 1024 0.5 2.9953687
31 1947 0.5 3.1979158
31 1968 0.5 3.948803
31 2054 2.0 1.5042136
31 4306 1.0 3.332441
31 95 2.0 2.6749485
31 319 4.0 4.0119786
31 466 3.0 2.4047644
31 1213 5.0 3.1468575
31 1263 5.0 4.2119675
31 1393 0.5 2.7751682
31 1608 3.0 3.7731698
31 1674 3.0 2.929758
31 2150 3.0 3.921922
31 2278 3.0 3.6477294
31 2427 3.0 2.087706
31 14 3.5 3.0227854
31 235 2.5 3.7497272
31 455 0.5 0.5
31 1050 3.0 3.5652065
31 1080 5.0 2.741842
31 1945 0.5 3.33452
31 2359 3.0 2.366354
31 2502 4.0 4.2263265
31 3000 3.0 3.0805144
31 4226 4.0 3.715167
31 4294 5.0 3.33452
31 4848 5.0 2.3005514
31 5349 2.0 3.5881927
31 5464 0.5 3.33452
31 5673 4.5 4.33452
31 6874 5.0 2.5862064
31 7073 4.0 3.5652065
31 7438 5.0 2.527841
31 903 5.0 4.3522835
31 2123 2.0 2.2928371
31 2142 0.5 2.9331508
31 1348 4.0 3.3792434
31 2208 4.5 3.5652065
31 2519 2.0 3.5652065
31 2551 5.0 3.2406046
31 3088 4.0 4.326016
31 1047 4.0 1.9514478
31 3484 0.5 3.5652065
31 3105 0.5 4.079968
31 2023 3.0 2.871319
31 2505 0.5 3.3856971
31 1544 2.0 2.46366
31 2616 3.0 1.6420891
31 2723 1.0 2.9578054
31 1235 0.5 3.2809134
31 1273 5.0 3.4200861
31 2439 4.0 3.5652065
31 3712 0.5 3.5652065
31 88 0.5 3.5652065
31 101 4.5 3.1854775
31 166 5.0 3.5652065
31 232 3.0 3.5066452
31 322 0.5 3.0833993
31 507 3.0 3.5652065
31 659 0.5 2.8667145
31 709 1.0 3.1034439
31 735 5.0 3.8792434
31 1007 0.5 3.5652065
31 1011 0.5 2.7589154
31 1012 3.0 3.5652065
31 1017 2.0 3.2928371
31 1025 3.0 2.934425
31 1114 3.5 3.5652065
31 1209 5.0 3.7460504
31 1216 0.5 3.5652065
31 1222 5.0 3.517776
31 1301 3.5 3.8792434
31 1303 5.0 3.5652065
31 1587 5.0 4.0833993
31 1649 4.0 4.326016
31 1672 0.5 3.5652065
31 1676 5.0 2.6824925
31 1699 4.5 3.5652065
31 1713 3.0 2.8960736
31 1834 4.0 4.156635
31 1916 5.0 3.5652065
31 2015 0.5 3.5652065
31 2066 4.0 3.5652065
31 2301 3.0 3.31415
31 2315 3.0 2.8792434
31 2348 5.0 3.5652065
31 2356 1.5 3.5652065
31 2385 4.0 3.5652065
31 2403 0.5 3.4168594
31 2413 4.0 2.8849764
31 2460 4.5 3.5652065
31 2517 3.0 3.8792434
31 2583 4.0 3.5652065
31 2810 0.5 3.5652065
31 2819 3.0 3.5652065
31 2898 1.5 2.8792434
31 3181 4.5 3.5739074
31 3247 0.5 2.2928371
31 3262 5.0 3.5652065
31 3265 4.5 3.5652065
31 3339 5.0 3.5652065
31 3352 4.5 3.5652065
31 3364 5.0 3.5652065
31 3397 3.0 3.5652065
31 3494 3.5 3.5652065
31 3499 4.0 1.8119452
31 3535 3.0 2.866435
31 3598 4.5 0.5
31 3658 3.5 3.5652065
31 3717 1.0 1.3531028
31 3726 5.0 3.5652065
31 3730 5.0 3.5652065
31 3884 0.5 3.5652065
31 3968 3.0 1.8334767
31 4007 4.0 3.0598178
31 4066 0.5 3.5652065
31 4093 1.0 3.5652065
31 4313 1.0 3.5652065
31 4574 3.0 3.5652065
31 4587 1.0 3.5652065
31 4616 3.0 3.5652065
31 4624 0.5 3.5652065
31 4641 4.5 0.5739073
31 4799 2.0 3.5652065
31 4826 5.0 3.5652065
31 4842 3.0 3.5652065
31 4846 3.0 3.5652065
31 4865 3.0 3.4457285
31 4873 3.0 3.0833993
31 4887 1.0 3.5652065
31 4889 5.0 3.5652065
31 5120 4.0 3.5652065
31 5146 4.0 3.5652065
31 5184 4.5 3.5652065
31 5235 3.0 3.5652065
31 5293 0.5 3.5652065
31 5323 2.0 3.3792434
31 5325 4.0 3.5652065
31 5340 0.5 3.5652065
31 5451 1.0 3.5652065
31 5522 4.5 3.5652065
31 5531 2.0 3.5652065
31 5650 5.0 3.5652065
31 5680 4.0 3.5652065
31 5692 2.5 3.5652065
31 5908 4.5 3.5652065
31 5961 5.0 3.5652065
31 6009 4.0 3.5652065
31 6040 0.5 2.5518584
31 6058 2.0 0.8792433
31 6148 5.0 3.5652065
31 6185 3.5 3.5652065
31 6222 4.5 3.5652065
31 6229 5.0 3.5652065
31 6387 1.5 3.5791926
31 6478 5.0 3.5652065
31 6484 3.5 3.5652065
31 6537 2.5 3.5652065
31 6567 4.0 3.5652065
31 6610 1.5 3.5652065
31 6731 5.0 3.8792434
31 6754 0.5 3.675399
31 6757 4.0 3.5652065
31 6777 1.0 3.5652065
31 6817 5.0 3.5652065
31 6820 2.0 3.0234756
31 6862 4.0 3.5652065
31 6947 4.5 3.8939319
31 7010 0.5 3.5652065
31 7056 4.5 3.5652065
31 7300 4.5 3.5652065
31 7317 0.5 3.5652065
31 7318 1.5 3.5652065
31 7319 4.0 3.5652065
31 7442 2.0 3.5652065
31 8012 5.0 3.5652065
31 8042 5.0 3.5652065
31 8265 1.0 3.5652065
31 8371 4.0 3.5652065
31 8495 4.5 3.5652065
31 8595 4.0 3.5652065
31 8746 4.0 3.5652065
31 8790 5.0 3.5652065
31 8865 3.5 3.5652065
31 8914 5.0 2.942089
31 26152 4.0 3.5652065
31 26349 4.5 3.5652065
31 26603 3.0 3.5652065
31 33004 3.0 3.060082
31 33679 4.0 2.5518584
31 33834 5.0 3.5652065
31 34319 5.0 3.5652065
31 47646 4.5 3.5652065
31 47830 1.5 3.5652065
31 48142 4.5 3.5652065
31 49272 2.5 2.4485073
31 52241 3.5 3.5652065
31 52462 5.0 3.5652065
32 260 5.0 3.9470356
32 480 3.5 4.2595234
32 1198 5.0 3.841449
32 1214 0.5 4.4987617
32 1374 3.5 4.238635
32 2001 3.5 3.2250028
32 2571 4.0 4.632103
32 4085 4.0 4.0954895
32 7153 5.0 4.610071
32 236 3.5 4.60492
32 1246 4.0 4.0526958
32 2918 4.5 4.211837
32 1663 4.0 1.9952481
32 5989 4.5 3.444071
32 4639 3.5 4.12157
32 4896 3.0 3.2075214
32 1562 4.0 3.5652065
32 2671 3.5 2.8260822
32 4857 3.5 3.5652065
32 6947 5.0 4.503483
32 2137 3.0 5.0
32 2915 2.5 3.5652065
32 3255 3.0 3.5652065
32 4225 3.5 2.6904624
32 7263 4.5 3.5652065
33 1372 4.0 3.3954093
33 596 2.5 2.2382588
33 520 3.5 2.9632616
33 145 3.5 2.9632616
34 457 3.0 3.4708412
34 590 4.0 4.025443
34 2 3.0 3.4475045
34 500 4.0 2.5028114
34 62 4.0 3.498899
34 186 3.0 3.5347223
34 434 3.0 3.1433809
34 442 3.0 3.100331
34 454 3.0 3.2930212
34 151 3.0 4.1255617
34 168 3.0 2.7112195
35 318 5.0 4.635925
35 1876 3.5 2.4867647
35 1909 3.5 3.1988158
35 316 3.5 3.2508848
35 586 3.0 1.8143647
35 1722 3.0 4.6962028
35 2353 3.5 3.5652065
35 5445 3.5 3.6876385
35 3948 3.5 2.151269
35 1320 4.0 3.7408845
35 6957 4.0 4.4033656
36 110 5.0 3.9179883
36 480 3.0 2.948045
36 527 4.5 3.77611
36 1136 0.5 2.9876342
36 1200 2.0 2.7974758
36 1210 3.0 3.391748
36 1291 3.0 3.194639
36 1376 1.0 2.005222
36 1954 1.5 3.2992532
36 2268 4.0 2.0046375
36 2288 0.5 3.9452763
36 2571 5.0 3.6982577
36 364 3.0 3.507675
36 1584 4.0 3.2692938
36 356 4.5 3.781081
36 1246 4.0 3.800704
36 1961 3.5 3.0527003
36 3897 3.5 3.504464
36 4014 3.5 3.6194212
36 6565 4.0 3.6520698
36 839 4.5 3.5652065
36 8961 3.0 3.2944188
36 1393 3.0 2.7774675
36 1408 4.0 2.836478
36 2763 2.5 2.485905
36 805 3.5 3.033415
36 1124 2.5 3.5652065
36 4034 2.0 2.9982288
36 4226 0.5 3.4438524
36 5989 3.0 2.6914454
36 8636 3.5 2.6963563
36 8983 4.5 3.2536087
36 3114 2.5 3.678692
36 4246 3.0 2.8184352
36 4963 4.0 3.7398074
36 628 2.5 3.2111077
36 3499 4.0 2.12023
36 4776 2.0 4.51922
36 33679 4.5 2.4709473
36 4508 3.5 3.5652065
36 8010 2.5 3.5652065
36 8981 3.0 3.5652065
37 457 3.5 4.39582
37 924 1.5 4.5739064
37 1198 4.5 4.047779
37 1265 4.5 3.49364
37 3147 2.5 4.6244664
37 3793 3.5 3.408311
37 2617 2.5 3.2910452
37 5218 4.0 3.8876014
37 1961 4.0 3.6071937
37 4973 3.5 4.6290474
37 2959 5.0 4.217405
37 4886 3.0 4.3104854
37 8961 3.5 3.7909532
37 45499 3.5 3.268308
37 72998 4.0 3.1978781
37 150 4.5 4.343747
37 586 3.5 3.093932
37 2949 3.0 3.6204722
37 1704 4.5 4.3761096
37 2502 5.0 3.5991147
37 6539 4.0 4.442327
37 104 3.5 3.6736634
37 54503 5.0 4.258203
37 69122 5.0 4.095626
37 4878 2.0 4.017042
37 5378 3.0 3.7052882
37 44191 5.0 4.1836615
37 63082 3.0 3.768308
37 2857 2.0 4.0424657
37 49272 4.5 3.375184
37 575 4.0 3.0092866
37 1927 2.5 3.5652065
37 2470 3.5 3.6296043
37 53464 3.0 3.268308
37 54286 3.5 3.5652065
37 59615 2.5 3.5652065
37 68157 4.0 3.5652065
38 32 4.5 4.198061
38 318 5.0 5.0
38 1196 4.5 4.913171
38 2571 5.0 4.799944
38 6502 4.5 4.744372
38 68954 4.0 5.0
38 3107 3.0 2.443608
38 68358 4.5 4.4069476
38 5903 4.5 4.657051
38 52281 5.0 4.0732026
39 260 4.0 2.9295216
39 589 2.5 3.346488
39 1262 3.5 3.6316407
39 1610 3.5 3.0165164
39 2028 1.5 3.0365336
39 2542 3.5 2.347813
39 2791 1.0 3.3182313
39 7153 0.5 3.5993679
39 6365 0.5 2.261641
39 2959 4.0 3.1315467
39 4886 5.0 3.711048
39 58559 2.5 2.167589
39 89745 0.5 3.369392
39 97913 3.0 2.369392
39 1 5.0 4.171357
39 4011 3.0 2.9295692
39 4855 4.0 4.1936255
39 8949 3.5 1.0884602
39 919 3.0 2.4972754
39 3114 4.0 3.9394429
39 71535 3.5 4.0374904
39 5971 4.0 3.5652065
39 7502 2.5 3.5652065
39 71530 3.5 1.8693919
39 91542 1.0 2.869392
40 110 4.0 4.522893
40 1258 2.5 3.7317753
40 1261 2.0 3.8826666
40 1994 3.0 3.659062
40 3578 3.5 3.11027
40 2617 3.0 2.96087
40 5299 3.0 2.943593
40 597 2.0 2.7034237
40 1282 3.0 3.4882953
40 1968 3.0 4.0002203
40 163 4.0 3.0073297
40 3897 4.0 4.0807867
40 6711 4.0 3.134783
40 6863 4.0 3.2168043
40 48385 3.0 4.1856184
40 8961 3.5 2.59595
40 81417 2.0 3.5652065
40 82461 3.5 3.5652065
40 108945 4.0 3.5652065
40 111759 4.5 3.5652065
40 47 3.0 4.111554
40 471 4.0 3.9048483
40 2628 3.5 3.033496
40 3176 4.0 2.57176
40 2174 4.0 2.881054
40 2329 2.0 3.915775
40 3052 4.0 0.9481415
40 6539 4.0 4.1045914
40 8636 3.5 3.0631692
40 5502 3.5 2.744565
40 1967 4.5 3.455558
40 2141 3.5 3.5793867
40 3114 3.0 4.3894067
40 4963 3.0 3.7964675
40 46578 3.0 2.8443515
40 56367 5.0 2.8616016
40 66097 4.0 3.1645308
40 67734 4.0 2.0059476
40 31696 3.0 3.4064782
40 784 3.0 4.9481416
40 34437 3.0 3.5106852
40 1590 3.0 1.7741575
40 1882 3.5 1.4545395
40 1015 3.0 1.8427916
40 1202 4.5 4.5879135
40 3247 3.5 2.7409787
40 4015 2.0 4.4481416
40 5449 2.0 3.4481416
40 5507 2.0 0.9481415
40 7347 4.0 3.4481416
40 8914 3.5 3.3902307
40 51540 4.0 4.9481416
40 8784 4.0 3.0290527
40 70286 4.0 3.8724353
40 90469 3.5 3.5652065
40 96079 3.0 3.5652065
40 96610 3.5 3.0635934
40 2541 3.0 3.5652065
40 8607 3.5 4.919776
40 31545 4.0 3.5652065
40 33615 3.0 3.5652065
40 33779 3.0 3.5652065
40 34143 2.5 3.5652065
40 37380 3.0 3.5652065
40 37729 4.5 3.8697433
40 37741 5.0 3.5652065
40 45447 3.0 3.5652065
40 48043 2.0 3.5652065
40 48082 2.5 3.5652065
40 48738 4.0 3.5652065
40 53125 4.0 3.5652065
40 53519 4.0 3.5652065
40 56757 5.0 3.5652065
40 63113 3.0 3.5652065
40 64497 3.5 3.5652065
40 74916 4.5 3.5652065
40 77800 4.0 3.5652065
40 80846 2.0 3.5652065
40 81591 3.5 3.7202091
40 81845 4.5 4.0635934
40 82459 3.5 3.7995088
40 87234 4.5 3.5652065
40 87921 2.0 3.5652065
40 92192 2.5 3.5652065
40 94018 2.5 3.5652065
40 94864 1.5 3.5652065
40 94959 3.5 3.5652065
40 95309 4.5 3.5652065
40 96737 5.0 3.5652065
40 97701 3.5 3.5652065
40 100163 4.0 3.5652065
40 101362 3.0 3.5652065
40 101864 4.0 2.5635934
40 103659 4.0 3.5652065
40 106195 4.0 3.5652065
40 108932 4.0 3.5652065
40 110102 4.5 4.169776
41 364 5.0 4.141131
41 1721 4.0 3.213366
41 595 5.0 4.392336
41 1022 4.0 3.8863952
41 1951 4.0 3.5652065
41 551 2.0 5.0
41 1688 4.0 3.6293814
41 107 5.0 3.2406023
41 2083 5.0 3.5652065
41 2941 2.0 3.5652065
42 261 4.0 3.622414
42 186 3.0 3.3197465
42 282 4.0 3.1232913
42 317 3.0 3.3197465
42 357 4.0 4.2694674
42 509 5.0 3.7255304
42 539 4.0 3.2503924
42 586 2.0 3.242273
42 587 3.0 3.0624645
42 288 3.0 4.4060373
43 349 4.0 3.3517084
43 497 4.0 4.108798
43 21 3.0 3.899579
43 175 2.0 3.5652065
44 318 4.5 4.5511723
44 541 5.0 3.837492
44 592 4.5 3.7771378
44 1089 4.0 4.589238
44 1214 4.5 3.9093773
44 1219 4.0 4.302464
44 1220 3.5 4.166985
44 1291 4.5 4.0124583
44 1374 3.0 3.1795993
44 1732 4.5 4.1020627
44 1909 4.0 3.888159
44 2716 4.5 3.7343824
44 2947 4.0 2.8845482
44 3471 4.5 3.7953737
44 3578 4.0 3.308866
44 3996 4.5 4.8835454
44 5218 4.5 3.8158145
44 5299 4.0 3.566457
44 356 4.0 4.0952373
44 2302 3.5 3.9570968
44 3160 4.0 4.884548
44 3481 3.5 4.614123
44 51662 3.5 4.209613
44 79132 5.0 4.8821573
44 1 3.5 4.229569
44 158 3.0 4.240724
44 2797 3.5 3.7629626
44 3751 4.5 4.2996063
44 4855 3.0 3.6902058
44 7361 5.0 4.3986216
44 4963 3.5 4.577958
44 44555 5.0 5.0
44 910 3.5 3.1212053
44 1267 4.0 4.8507633
44 2657 5.0 3.2956438
44 33794 4.0 3.9528637
44 1207 4.0 4.6871037
44 68358 4.5 5.0
44 71535 3.5 3.1884272
44 85414 5.0 4.130608
44 96079 4.0 4.630608
44 84152 4.0 4.4364066
44 88744 3.5 4.4364066
44 47610 4.0 3.5652065
44 55442 4.5 5.0
44 67255 4.5 3.3561828
44 81788 3.0 3.5652065
44 90430 2.5 3.5652065
44 91535 2.5 3.5652065
44 91630 3.0 3.5652065
44 97304 3.5 3.5652065
44 103980 4.5 3.5652065
44 104879 4.0 3.5652065
45 198 3.0 4.7692595
45 296 5.0 4.2209053
45 608 5.0 3.866107
45 750 4.0 4.9178066
45 968 4.0 4.1529717
45 1200 5.0 3.7676592
45 1215 5.0 4.3704224
45 1265 3.0 3.7966943
45 1374 5.0 2.8545775
45 1394 4.0 4.2538304
45 1748 4.0 1.9334458
45 1953 4.0 4.6856103
45 2000 4.0 4.674086
45 2118 3.0 4.673984
45 2268 3.0 3.0932035
45 2478 3.0 2.3932884
45 2858 5.0 3.4174128
45 2947 4.0 2.673984
45 2968 4.0 4.93749
45 3044 4.0 3.5652065
45 3471 5.0 3.8691578
45 3703 5.0 5.0
45 953 5.0 4.3189607
45 1249 4.0 3.9732313
45 1275 4.0 2.8718526
45 1375 2.0 2.1414697
45 2712 3.0 3.2816496
45 3408 4.0 4.154575
45 1282 5.0 3.5638387
45 1639 4.0 3.4142845
45 2081 4.0 3.2631042
45 348 4.0 4.79156
45 441 3.0 3.518025
45 1678 4.0 4.4157014
45 1961 3.0 3.6374593
45 3160 5.0 4.2754374
45 21 3.0 3.3101892
45 329 3.0 2.9171603
45 357 4.0 4.1711044
45 1213 4.0 4.3709927
45 1225 4.0 4.641013
45 1722 4.0 3.174273
45 2797 4.0 2.6003945
45 2918 5.0 4.1884694
45 3072 4.0 4.686003
45 235 4.0 3.896834
45 508 3.0 4.5540714
45 1060 4.0 4.080719
45 1148 5.0 3.755761
45 2174 5.0 2.8774374
45 3421 4.0 3.2446833
45 912 4.0 4.746466
45 1033 3.0 4.209344
45 1566 3.0 3.4470253
45 1917 3.0 2.788159
45 2078 5.0 4.0376215
45 2082 2.0 1.6098456
45 2085 5.0 4.209344
45 2139 4.0 4.5081496
45 2761 4.0 3.3805048
45 452 3.0 4.2200713
45 904 5.0 3.1908906
45 2657 5.0 2.0126226
45 3081 4.0 4.075878
45 1591 3.0 3.3160732
45 2986 3.0 3.877336
45 2686 5.0 3.8446927
45 1371 3.0 2.507223
45 29 4.0 5.0
45 599 4.0 5.0
45 1175 5.0 5.0
45 2022 5.0 5.0
45 2064 4.0 4.38785
45 2165 4.0 3.673984
45 2275 4.0 3.673984
45 2348 5.0 3.5652065
45 2403 5.0 4.090843
45 3019 4.0 4.3322997
45 3034 5.0 4.159296
45 3683 5.0 4.173984
45 3893 4.0 2.673984
45 2470 4.0 3.2669675
45 1357 5.0 4.0844164
45 2193 4.0 3.7273588
45 82 5.0 5.0
45 271 4.0 3.5652065
45 514 4.0 3.5652065
45 538 4.0 3.4328992
45 994 5.0 3.5652065
45 1077 4.0 2.5674212
45 1119 3.0 3.5652065
45 1582 4.0 3.5652065
45 1594 4.0 3.5652065
45 2034 4.0 3.5652065
45 2091 3.0 3.5652065
45 2110 4.0 3.5652065
45 2114 4.0 3.5652065
45 2405 4.0 4.7573833
45 2411 2.0 3.5652065
45 2450 3.0 3.5652065
45 2471 3.0 3.5652065
45 2642 2.0 3.5652065
45 2677 4.0 3.5652065
45 2750 3.0 3.5652065
45 3569 5.0 3.5652065
45 3972 4.0 3.5652065
46 3481 5.0 4.4496493
46 3897 4.0 4.330369
46 3744 4.0 3.5652065
46 382 2.0 3.7487988
46 3146 2.0 2.2487988
46 1320 3.0 3.4488773
46 1342 5.0 4.3423204
46 3300 4.0 3.9639359
46 3624 4.0 3.8423207
46 879 2.0 3.5493774
46 2120 3.0 3.5652065
46 2338 3.0 1.3905933
46 2826 5.0 5.0
46 3755 4.0 3.1749184
46 3861 4.0 3.5652065
47 592 4.0 2.688212
47 153 3.0 2.3496332
47 329 5.0 3.1548278
48 260 5.0 4.3711514
48 367 5.0 2.1401172
48 1073 4.0 3.6008785
48 1196 5.0 4.5437794
48 1270 5.0 4.059764
48 1376 3.0 1.6417749
48 3471 3.0 4.13687
48 3527 5.0 3.7918217
48 4105 3.0 5.0
48 2053 4.0 3.5652065
48 2617 5.0 2.9583473
48 5 4.0 3.446567
48 1282 3.0 3.656125
48 2096 3.0 4.1363463
48 62 5.0 3.8957357
48 10 5.0 3.7763608
48 362 4.0 3.5652065
48 1552 4.0 2.4019237
48 1682 5.0 3.4501426
48 455 3.0 3.5652065
48 653 5.0 3.084334
48 2699 3.0 3.1389003
48 3671 5.0 4.104475
48 4034 3.0 4.620982
48 837 3.0 3.742523
48 1033 2.0 4.242523
48 1064 3.0 4.242523
48 1367 2.0 2.4015107
48 1917 3.0 3.0145192
48 2078 3.0 4.242523
48 2085 3.0 3.2558734
48 2139 2.0 4.0846057
48 2354 1.0 3.742523
48 2355 4.0 4.378316
48 4896 5.0 2.6988194
48 671 5.0 3.732929
48 1831 5.0 2.1705482
48 2706 5.0 3.7501147
48 1320 5.0 4.244213
48 1562 4.0 3.349252
48 2792 5.0 3.7851522
48 3438 4.0 4.2787976
48 216 5.0 3.2635868
48 2015 3.0 3.5652065
48 3034 4.0 4.154998
48 3535 1.0 2.0543196
48 3536 3.0 1.2071629
48 3752 5.0 2.4327505
48 2137 2.0 5.0
48 543 4.0 3.3037975
48 3033 5.0 3.460976
48 4270 4.0 2.9302595
48 54 3.0 3.5652065
48 239 4.0 3.5652065
48 248 3.0 3.5652065
48 637 4.0 3.5652065
48 810 2.0 3.5652065
48 813 3.0 3.5652065
48 833 4.0 3.5652065
48 1474 3.0 3.5652065
48 1707 3.0 3.5652065
48 2060 5.0 3.5652065
48 2162 3.0 3.5652065
48 2378 3.0 3.5652065
48 3157 3.0 3.5652065
48 3159 3.0 3.375226
48 4023 3.0 3.5652065
48 4701 3.0 3.5652065
49 2713 2.0 2.7633336
49 2396 4.0 4.086485
49 2395 4.0 3.682434
49 381 3.0 3.5652065
49 2722 2.0 3.529986
49 2772 3.0 3.5652065
49 2840 4.0 3.5652065
50 5299 3.0 3.3447106
50 4886 5.0 4.546019
50 4034 4.0 4.070343
50 5445 4.5 4.4011517
50 5459 5.0 4.3626804
50 2657 5.0 2.2455745
50 273 3.0 3.808119
50 2394 4.0 3.124774
50 5944 4.5 3.5652065
50 4447 2.0 3.5031533
50 3510 4.0 3.0786624
50 4638 4.5 4.236834
50 4890 3.0 2.3837953
50 3157 4.5 3.5652065
50 5316 4.5 3.5652065
50 7311 4.0 3.5652065
51 593 5.0 3.7897336
51 1092 3.0 3.1367662
51 1097 5.0 3.3593206
51 1197 5.0 4.304108
51 1200 4.0 4.332174
51 1259 5.0 3.9574075
51 1625 5.0 3.786989
51 2542 5.0 2.92015
51 2987 3.0 3.297148
51 3273 3.0 2.7529008
51 261 4.0 4.1123953
51 356 3.0 4.142394
51 377 2.0 3.11173
51 588 3.0 3.5100107
51 594 3.0 3.3820524
51 1032 5.0 2.5591514
51 1285 5.0 3.7494078
51 1968 5.0 4.4605947
51 1246 4.0 4.0583687
51 1644 1.0 2.6766691
51 2302 4.0 3.6452208
51 3897 4.0 3.8668191
51 4022 4.0 2.750379
51 2719 1.0 2.2429302
51 2762 4.0 4.289523
51 150 4.0 4.1657934
51 185 2.0 3.4365745
51 282 3.0 4.385588
51 1343 4.0 3.1981993
51 1921 5.0 4.2011113
51 4011 4.0 3.4838035
51 4034 5.0 3.2338443
51 4246 3.0 3.2681441
51 2428 1.0 2.6309984
51 1831 1.0 1.7122362
51 3081 2.0 3.5631242
51 1093 3.0 0.98951167
51 2739 5.0 3.54784
51 709 3.0 4.2768617
51 2513 3.0 1.3998688
51 2798 2.0 0.8998689
51 2810 5.0 3.5652065
51 3535 3.0 3.1143658
51 1061 3.0 3.4184253
51 60 3.0 2.692706
51 4090 5.0 3.692706
51 4975 4.0 2.5679321
51 3409 2.0 2.6141505
51 3742 1.0 3.7868261
51 3973 1.0 3.5652065
51 3993 4.0 3.5652065
51 4712 3.0 3.9737763
51 5111 3.0 3.5652065
52 260 3.5 3.5615985
52 1097 4.5 2.0456157
52 1199 4.0 2.9838521
52 1206 5.0 3.6881342
52 1214 4.5 3.5472999
52 1219 4.5 3.2420416
52 1261 3.0 2.7953556
52 1270 4.0 2.3085017
52 1278 3.5 2.7792711
52 1304 3.0 2.8507752
52 1321 3.5 3.8226106
52 1374 4.5 1.362459
52 1527 4.5 3.295612
52 2012 3.0 1.7002612
52 2118 2.0 3.6207566
52 2288 3.5 4.151321
52 2716 3.0 2.2367883
52 3018 4.0 3.6632903
52 3917 3.5 3.5435557
52 1101 3.0 1.9711416
52 4148 3.0 2.2435944
52 2719 3.0 2.0313203
52 173 1.5 2.0643518
52 328 1.5 2.8632247
52 8636 4.5 2.4309692
52 1334 3.0 0.5
52 2366 3.0 2.9467728
52 2454 3.0 3.5652065
52 2531 3.0 3.5652065
52 2657 3.0 1.4756433
52 4878 2.5 2.9071598
52 3081 4.0 2.6592598
52 1320 3.5 2.609182
52 1717 2.0 2.1616802
52 2614 1.5 0.5
52 2902 3.5 2.2628458
52 3264 3.0 2.8668165
52 70 3.5 3.276396
52 407 3.5 4.6207566
52 2140 3.5 2.9171882
52 2513 2.5 0.82261056
52 3970 3.5 4.6207566
52 4735 3.5 4.1207566
52 5853 4.0 3.2661223
52 6040 3.5 3.5652065
52 6290 3.0 4.6207566
52 6379 2.5 1.6207567
52 6742 2.5 0.5
52 6748 3.5 4.6207566
52 6774 4.5 4.2661223
52 7123 4.0 3.6023355
52 8265 3.5 3.5652065
52 8501 4.5 3.6207566
52 8019 4.0 3.5652065
52 879 1.5 2.379672
52 2338 3.0 0.5
52 2995 3.5 1.0413849
52 2279 2.0 1.2208878
52 3973 3.0 3.5652065
52 76 1.0 3.5652065
52 674 3.5 3.5652065
52 891 2.0 3.5652065
52 1241 3.5 3.037616
52 1323 3.0 3.5652065
52 1978 2.5 3.5652065
52 1993 2.5 3.5652065
52 2113 2.5 3.5652065
52 2117 3.5 3.632776
52 2159 3.5 3.194664
52 2163 3.5 3.5652065
52 2327 3.0 3.5652065
52 2368 2.5 3.5652065
52 2451 2.0 3.5652065
52 2461 2.0 3.5652065
52 2462 2.0 3.5652065
52 2465 2.5 3.5652065
52 2515 3.0 3.5652065
52 2655 2.0 3.5652065
52 2740 1.5 3.5652065
52 2790 3.0 3.5652065
52 2854 2.5 3.5652065
52 3216 2.5 3.5652065
52 3344 3.5 3.5652065
52 3459 3.5 3.5652065
52 3664 1.5 3.5652065
52 3692 2.5 3.5652065
52 3708 2.5 3.5652065
52 3942 2.5 3.5652065
52 4124 2.0 3.5652065
52 4195 3.5 3.194664
52 4277 3.0 3.5652065
52 4580 3.0 3.5652065
52 4665 3.0 3.5652065
52 4669 1.0 3.5652065
52 4682 3.0 3.5652065
52 4689 4.0 3.5652065
52 4753 1.0 3.5652065
52 4893 3.0 3.5652065
52 4986 1.5 3.5652065
52 5128 0.5 2.5923913
52 5183 3.5 3.5652065
52 5189 3.0 3.5652065
52 5192 2.0 3.5652065
52 5206 3.5 3.5652065
52 5311 4.0 3.5652065
52 5546 2.5 3.5652065
52 5567 2.5 3.5652065
52 5569 1.0 3.5652065
52 5731 2.5 3.5652065
52 5735 0.5 3.5652065
52 5774 2.0 3.5652065
52 6044 2.5 3.5652065
52 6140 5.0 3.5652065
52 6243 1.5 3.5652065
52 6305 3.5 3.5652065
52 6530 3.5 3.5652065
52 6653 4.5 3.5652065
52 6744 2.0 3.5652065
52 6803 4.0 3.5652065
52 7115 5.0 3.5652065
52 7117 2.0 3.5652065
52 7202 2.5 3.5652065
52 7239 3.0 3.5652065
52 7561 3.0 3.5652065
52 7713 3.5 3.5652065
52 7845 2.0 3.5652065
52 8482 2.0 3.5652065
52 8690 3.5 3.5652065
52 8778 2.5 3.5652065
53 2858 3.0 2.2788477
53 2719 3.0 1.482353
53 2355 4.0 2.9865553
53 3977 4.0 3.5984337
53 612 3.0 3.5652065
53 2759 3.0 3.5652065
54 2571 4.0 4.620669
54 2384 4.0 3.736698
54 4973 4.5 4.6587873
54 6365 3.0 3.2067127
54 150 2.5 4.512096
54 1293 4.0 3.859704
54 5989 4.5 3.5674677
54 54997 4.0 3.6185007
54 36529 4.5 3.5652065
54 5010 4.5 4.0668983
54 71535 4.0 3.309273
54 44665 4.5 3.5652065
54 47099 4.5 3.5652065
54 74228 3.5 3.5652065
54 84601 4.5 3.5652065
55 260 3.0 4.8378205
55 913 4.0 4.025779
55 2028 3.0 5.0
55 3168 5.0 4.3085146
55 1032 4.0 3.5652065
55 903 5.0 4.782292
55 1019 3.0 3.5652065
55 1207 4.0 5.0
55 262 5.0 3.5652065
55 3496 5.0 3.5652065
56 1198 5.0 4.2808876
56 1262 5.0 3.5652065
56 1270 5.0 4.2798176
56 1276 5.0 4.570296
56 1358 4.0 5.0
56 2401 3.0 3.5652065
56 5060 5.0 4.196379
56 2997 5.0 3.5020976
56 16 3.0 3.5652065
56 3072 4.0 1.7151947
56 1203 5.0 3.814298
56 1223 5.0 3.7553039
56 1945 3.0 3.207309
56 912 4.0 4.313135
56 919 5.0 3.9567828
56 1256 4.0 5.0
56 745 5.0 5.0
56 1207 5.0 4.570296
56 3157 3.0 3.5652065
56 2506 2.0 3.5652065
57 1721 4.0 2.05829
57 5952 4.0 3.3590732
57 468 2.0 3.628175
57 6378 4.0 3.2898135
57 6373 3.5 3.1894674
57 3259 4.0 3.5652065
57 3155 4.5 3.5652065
58 648 4.0 3.6878512
58 780 3.0 3.9576368
58 733 5.0 3.2331774
58 376 3.0 3.2030394
58 653 5.0 3.3884463
58 802 3.0 3.6850228
58 1544 4.0 2.6619449
58 880 3.0 3.5652065
58 1409 3.0 3.5652065
59 474 4.0 2.8679652
59 2194 5.0 2.9952888
59 1441 3.0 3.5652065
59 4027 4.0 3.83384
59 4034 4.0 3.606603
59 207 3.0 3.5652065
59 1093 4.0 2.9254386
59 425 4.0 3.9254386
59 1635 3.0 3.5652065
59 3953 2.0 3.5652065
59 4205 4.0 3.5652065
59 4220 5.0 3.5652065
60 1208 5.0 4.9604893
60 1265 4.5 3.6445434
60 2248 5.0 2.7780826
60 762 1.5 3.5652065
60 785 3.5 4.1415663
60 2455 3.5 3.8126307
60 3328 3.5 5.0
60 1663 4.0 3.0826106
60 3504 4.5 5.0
60 7361 4.0 4.9342556
60 72011 4.0 4.617971
60 2023 3.5 3.656518
60 714 4.5 5.0
60 2905 4.0 5.0
60 2976 4.0 4.3882513
60 3087 4.0 3.0826106
60 3730 5.0 3.5652065
60 6620 5.0 4.5826106
60 55118 4.5 5.0
60 3977 3.0 4.8939905
60 30812 4.5 4.177098
60 68157 5.0 3.5652065
60 2193 3.5 4.148824
60 2114 4.0 3.5652065
60 7925 4.0 3.5652065
60 25995 4.0 3.5652065
60 51277 5.0 3.5652065
61 32 4.0 3.7365487
61 50 5.0 4.5880694
61 110 3.0 5.0
61 17 5.0 4.3747764
61 708 3.0 3.3634965
61 348 3.0 4.816979
61 249 4.0 3.6131968
61 282 3.0 4.9409165
61 52 4.0 2.421055
61 376 3.0 3.346442
61 707 4.0 3.2258537
62 1196 3.0 2.696663
62 1617 3.0 3.6852014
62 342 3.5 1.9437915
62 357 3.0 3.3251166
62 52 1.5 2.813449
62 19 1.0 4.2202435
62 58 4.5 3.679591
63 260 4.0 3.8855295
63 750 5.0 4.9401226
63 1200 4.0 3.7643476
63 1387 4.0 3.8456223
63 1394 4.0 4.4367576
63 1953 4.0 5.0
63 2000 4.0 5.0
63 914 4.0 4.2094083
63 1028 3.0 3.5652065
63 1230 5.0 4.2178826
63 1247 4.0 4.0765967
63 1296 4.0 1.2128831
63 1957 5.0 4.421751
63 1960 5.0 3.8301988
63 154 4.0 3.5652065
63 1084 4.0 4.220087
63 1125 3.0 3.382004
63 1079 4.0 4.5604463
63 1193 4.0 4.4923344
63 1917 3.0 2.5028572
63 1264 3.0 3.2184386
63 1964 4.0 3.5652065
63 1222 5.0 3.5235083
63 1303 4.0 3.5652065
63 1949 3.0 3.6337025
63 1395 3.0 3.5652065
63 1077 3.0 2.6576827
63 1185 4.0 3.9597185
63 1913 4.0 3.5652065
63 615 3.0 3.5652065
63 1173 4.0 3.5652065
64 68954 5.0 3.5652065
64 5296 4.0 3.5652065
64 71899 4.0 3.5652065
65 1127 2.0 2.201409
65 1321 4.5 3.7745879
65 3386 4.0 2.996007
65 1272 4.0 2.1056743
65 412 3.5 3.5652065
65 1231 4.5 3.281142
65 1690 3.5 2.811818
65 7104 1.5 3.1143029
65 3510 3.5 1.9359537
65 55391 3.0 3.5652065
66 590 5.0 3.6610632
66 95 3.0 3.2387712
66 150 5.0 4.3786597
66 464 3.0 3.3106656
66 485 3.0 2.6499662
66 376 2.0 3.854485
66 551 2.0 4.0237174
66 546 4.0 0.8408962
66 741 5.0 2.8809035
67 349 3.0 3.5619724
67 356 4.0 3.4706137
67 377 3.0 3.3690808
67 344 3.0 1.867386
67 19 2.0 3.3286326
68 1089 4.0 4.390937
68 1210 5.0 3.9564285
68 1584 2.0 4.104737
68 539 4.0 3.5964642
68 1213 4.0 4.1469913
68 1608 4.0 4.8853707
68 1233 5.0 4.70176
69 593 5.0 4.3416367
69 858 5.0 5.0
69 1645 3.0 3.1215644
69 2542 4.0 4.129204
69 2944 5.0 5.0
69 2973 4.0 3.1215644
69 34 4.0 5.0
69 2396 5.0 4.905155
69 1307 4.0 4.8477325
69 908 5.0 4.96795
69 2628 2.0 3.8266087
69 3072 5.0 5.0
69 923 5.0 5.0
69 1641 5.0 3.9756489
69 1945 5.0 3.5652065
69 2160 5.0 5.0
69 2303 5.0 3.5652065
69 247 4.0 4.7244353
69 969 5.0 5.0
69 2238 5.0 3.5652065
69 111 5.0 5.0
69 4235 3.0 4.5848603
69 1251 5.0 5.0
69 2132 5.0 3.4269705
69 2919 4.0 4.383838
69 29 5.0 5.0
69 1076 5.0 4.4260926
69 1175 5.0 5.0
69 2905 5.0 5.0
69 3030 5.0 5.0
69 4262 5.0 5.0
69 4624 5.0 3.5652065
69 6184 5.0 5.0
69 4321 3.0 4.5832253
69 1300 5.0 4.4364724
69 1594 5.0 3.5652065
69 3819 5.0 5.0
69 728 5.0 4.037781
69 1104 5.0 5.0
69 1169 5.0 3.5652065
69 2068 5.0 3.5652065
69 2070 5.0 3.5652065
69 2360 5.0 3.5652065
69 3467 5.0 3.5652065
69 4331 4.0 3.5652065
70 260 5.0 4.216009
70 318 4.5 4.9889607
70 541 5.0 4.1433
70 593 5.0 4.5813904
70 780 4.0 4.4016953
70 1036 5.0 4.862764
70 1092 4.0 4.0241055
70 1198 5.0 4.016175
70 1200 3.5 4.2894564
70 1258 4.0 3.8510993
70 1374 5.0 3.332264
70 1580 4.5 3.9155478
70 2028 4.0 4.4827375
70 2268 4.0 3.0176158
70 2288 4.5 4.355342
70 2580 5.0 4.307791
70 2692 5.0 4.074382
70 2791 3.0 3.7639985
70 2987 3.0 3.6523972
70 3578 3.5 4.6128397
70 3702 3.5 3.8343437
70 1101 4.0 4.1762824
70 1721 4.0 2.41883
70 2617 4.0 2.776319
70 356 2.0 4.6176
70 377 4.0 3.6118639
70 830 4.0 3.0775423
70 934 4.0 3.8070498
70 1243 4.5 4.9783792
70 1380 2.0 3.7716455
70 3949 4.5 2.9116583
70 4014 4.0 4.569597
70 5952 5.0 4.8616896
70 6711 3.0 3.9793475
70 45499 3.5 3.5652065
70 1 4.0 4.622339
70 357 4.5 4.3327446
70 586 3.0 3.1203597
70 1302 3.0 3.354971
70 1608 3.5 4.8105326
70 2150 4.0 4.357489
70 2353 4.0 3.9931571
70 2144 5.0 3.2508752
70 6333 5.0 3.768439
70 8368 5.0 3.8336241
70 1917 3.0 3.275242
70 2761 4.5 3.786247
70 4963 5.0 4.6479387
70 39183 4.5 4.4519606
70 41566 4.0 3.1098945
70 2528 5.0 3.5652065
70 2657 4.0 3.0750716
70 1680 4.5 3.5652065
70 4995 4.5 4.861017
70 33794 4.5 4.0872436
70 44191 5.0 3.8365266
70 2490 4.0 3.454355
70 610 4.0 4.1559596
70 1222 4.5 4.5925193
70 1391 3.0 2.0909374
70 1676 4.0 3.7664685
70 1711 4.0 2.9279578
70 2420 4.0 2.2234755
70 3697 3.5 3.4166007
70 3704 5.0 2.9166007
70 3809 3.0 4.2078505
70 4019 4.0 4.649257
70 4025 4.0 3.97508
70 4816 4.0 3.9166007
70 34405 5.0 3.8556643
70 3255 3.0 3.5652065
70 1037 4.0 1.2426168
70 2572 4.0 3.5167317
70 4975 4.0 3.0846639
70 6583 5.0 3.5652065
70 7099 5.0 4.888235
71 750 3.0 3.5652065
71 5015 4.0 3.5652065
71 3536 4.0 3.5652065
71 3798 5.0 3.5652065
72 32 2.0 3.4423506
72 527 5.0 4.517036
72 913 4.0 4.3323045
72 1242 5.0 3.426202
72 1252 3.0 4.129473
72 1276 4.0 3.5188677
72 1407 3.0 2.4033675
72 900 3.0 3.5652065
72 908 4.0 3.9041722
72 1079 3.0 3.401202
72 1643 2.0 3.5652065
72 1256 5.0 3.5652065
72 1267 4.0 4.5713077
72 1222 3.0 4.184197
73 2791 4.5 3.7794807
73 1275 4.0 2.679511
73 2294 3.5 1.6246396
73 1693 4.0 2.5440748
73 1203 5.0 2.017166
73 5900 2.5 3.5652065
73 6502 4.0 3.596368
73 7345 0.5 3.5652065
73 54997 3.5 3.5652065
73 56176 0.5 3.5652065
73 1690 2.0 3.1258214
73 1729 4.0 4.0802917
73 8169 3.5 2.020947
73 92192 1.5 3.5652065
73 33629 4.0 3.5652065
74 608 5.0 4.0721974
74 509 5.0 4.600135
74 515 5.0 5.0
75 110 1.0 4.5560513
75 296 5.0 3.7590637
75 318 5.0 4.403585
75 350 3.0 2.8591554
75 1097 3.0 3.6852682
75 1196 3.0 3.7596946
75 1198 3.0 4.2170415
75 1200 3.0 2.9318054
75 1214 3.0 4.303632
75 1220 3.0 4.5418468
75 1270 3.0 3.5058916
75 349 2.0 3.386667
75 17 3.0 3.486198
75 45 3.0 3.4486678
75 377 2.0 2.6427746
75 916 3.0 3.3970492
75 1029 3.0 3.7738402
75 1639 3.0 3.7248166
75 613 3.0 4.4777193
75 21 3.0 2.933456
75 230 5.0 3.5652065
75 282 3.0 4.5196395
75 319 3.0 4.389943
75 344 3.0 2.3849483
75 733 2.0 3.7069519
75 1172 3.0 3.970446
75 1213 4.0 2.6070292
75 52 3.0 1.2410847
75 141 2.0 4.481689
75 194 4.0 3.5894625
75 246 5.0 4.1435843
75 412 4.0 3.6862106
75 534 3.0 3.5168238
75 778 4.0 3.272639
75 1079 2.0 3.3926365
75 903 4.0 3.7844312
75 1193 3.0 3.2646945
75 256 3.0 2.5168238
75 515 5.0 4.343588
75 1212 4.0 4.30714
75 111 3.0 3.2687936
75 382 2.0 1.620328
75 288 1.0 2.3416133
75 1513 3.0 2.9836426
75 159 3.0 4.7410846
75 950 3.0 3.2410846
75 1395 3.0 3.5652065
75 994 4.0 3.5652065
75 1030 3.0 2.5671008
75 1185 4.0 3.5671008
75 1211 4.0 3.7262826
75 1366 3.0 2.5671008
75 506 3.0 4.3977194
75 117 3.0 1.3377193
75 131 3.0 3.5652065
75 358 3.0 3.5652065
75 448 4.0 3.5652065
75 549 3.0 3.5652065
75 869 2.0 3.5652065
76 50 3.0 4.516645
76 1270 4.0 5.0
76 1291 3.5 3.4856489
76 953 3.5 1.3784965
76 4306 3.0 4.6078687
76 97304 3.5 3.5652065
77 318 4.0 5.0
77 590 4.0 4.338617
77 1573 4.0 4.162404
77 1617 4.5 4.260726
77 1645 3.5 4.9753084
77 2167 2.5 4.2405987
77 2529 2.5 3.8371186
77 3147 4.0 4.5700536
77 1721 4.0 3.5435154
77 266 4.5 4.1279407
77 316 2.5 4.3368115
77 2762 4.0 4.7005672
77 3418 4.0 3.7969298
77 508 5.0 4.8215446
77 4226 4.5 4.7841997
77 6333 2.5 3.984048
77 1784 4.0 3.8684845
77 4896 4.0 3.693885
77 207 3.0 3.5652065
77 5878 5.0 4.2051125
77 3593 2.0 1.2794954
77 5010 3.0 5.0
77 2605 3.0 3.5652065
77 1619 3.5 3.5652065
77 2540 2.0 3.5652065
77 6217 3.5 3.5652065
78 1136 4.0 3.564375
78 3362 4.0 4.1022725
78 4993 4.0 4.3882833
78 7147 4.5 4.452934
78 59725 2.0 2.8392856
78 68319 3.0 3.875
78 89745 3.0 4.0840807
78 293 3.5 4.014883
78 778 3.0 4.0667944
78 4027 2.5 4.1225023
78 7256 5.0 4.3628855
78 5225 4.5 4.1438174
78 5890 4.0 3.5652065
78 6502 1.5 4.4927936
78 51255 2.0 4.5637255
78 54503 4.0 4.076209
78 66097 3.5 3.9004586
78 67734 3.5 4.0637255
78 671 4.5 2.5802238
78 2105 2.5 3.402783
78 4235 3.5 3.5652065
78 8014 3.0 3.9867022
78 30749 4.5 3.9867022
78 40815 3.5 3.2327013
78 68157 4.5 3.6438172
78 68358 3.0 4.3493705
78 5971 4.0 3.5652065
78 3285 4.0 3.5802238
78 27660 2.5 3.5802238
78 68073 3.0 3.5802238
78 69951 4.0 3.5802238
78 74789 1.5 4.080224
78 94959 5.0 3.5652065
78 44665 4.0 3.6438172
78 97304 4.5 3.5652065
78 4975 5.0 2.6964285
78 6223 4.5 3.5652065
78 7976 4.0 3.5652065
78 33880 2.5 3.5652065
78 71264 3.0 3.5652065
78 72982 2.0 3.5652065
78 76173 4.5 3.5652065
79 32 4.0 4.212087
79 590 3.0 3.6523938
79 999 2.0 2.9136343
79 1198 4.0 4.011546
79 1210 5.0 4.129395
79 1219 4.0 3.683646
79 1240 2.0 4.077584
79 1270 3.0 3.23171
79 1617 3.0 4.0635843
79 2268 3.0 2.8284383
79 1307 4.0 3.0664778
79 1639 3.0 3.6369073
79 1183 4.0 4.262729
79 508 4.0 3.7468822
79 1224 4.0 3.8790092
79 1274 2.0 4.0448995
79 2371 4.0 2.769922
79 1917 1.0 2.8566756
79 2355 3.0 3.6038072
79 1222 3.0 3.4330578
79 1694 4.0 5.0
79 2372 4.0 2.6349156
79 1366 4.0 2.769922
79 2504 3.0 3.5652065
