1 50 5.0 3.7850595
1 110 4.0 3.3691304
1 164 3.0 3.5658352
1 474 3.0 3.6840413
1 480 4.0 3.4434943
1 492 3.0 3.0645308
1 593 5.0 3.6881227
1 750 3.0 4.3957424
1 780 5.0 4.2105913
1 858 5.0 3.967014
1 1034 3.0 5.0
1 1129 5.0 2.8152578
1 1199 2.0 4.4225135
1 1252 4.0 2.0717454
1 1258 5.0 4.5729628
1 1261 4.0 3.552351
1 1333 4.0 4.191755
1 1358 3.0 4.2473316
1 1372 3.0 2.9094362
1 1396 4.0 2.5517879
1 1589 3.0 0.5
1 1805 3.0 3.4638925
1 1909 3.0 3.3618762
1 2003 4.0 3.7204099
1 2012 3.0 2.7593715
1 2130 2.0 3.5658352
1 2401 4.0 2.265644
1 2532 3.0 3.5867486
1 2571 4.0 3.8865254
1 2664 4.0 3.5658352
1 2804 5.0 3.3119144
1 2858 4.0 2.7565014
1 2916 5.0 4.54889
1 2917 3.0 2.7491357
1 2948 4.0 2.6063673
1 3363 3.0 3.018814
1 3386 3.0 4.158206
1 3424 2.0 3.5658352
1 3551 5.0 2.265644
1 3699 5.0 2.9003806
1 3706 2.0 4.765644
1 3763 4.0 3.5658352
1 4082 3.0 3.5658352
1 4128 5.0 2.5867486
2 1387 4.0 5.0
2 1997 5.0 3.8815057
2 34 5.0 3.5872886
2 552 3.0 3.1739323
2 736 3.0 2.7108681
2 762 2.0 2.0508275
2 2496 4.0 3.5658352
2 2640 5.0 3.1246474
2 5218 4.0 3.7812796
2 5299 4.0 3.3755262
3 7 4.0 4.0950475
3 45 3.0 3.552091
3 236 5.0 4.0704584
3 265 4.0 4.381944
3 594 5.0 4.305251
3 605 3.0 3.5658352
3 900 4.0 4.4433403
3 928 5.0 3.5658352
3 938 5.0 3.5658352
3 1024 4.0 1.4598489
3 1031 3.0 3.9598489
3 1247 5.0 5.0
3 1296 5.0 1.4598489
3 1457 4.0 3.5658352
3 1487 5.0 3.5658352
3 1639 3.0 3.987723
3 1968 5.0 4.323642
3 2014 4.0 2.9384747
3 2084 2.0 3.5658352
4 1036 4.0 4.208744
4 2529 2.5 4.192522
4 2985 3.5 2.3569083
4 105 2.0 2.8826306
4 2617 2.0 3.9312003
4 3408 4.0 4.0396996
4 588 3.0 3.7266154
4 2080 4.0 3.0062826
4 163 4.0 3.2245927
4 316 3.5 3.165813
4 348 3.5 3.7868357
4 413 2.0 3.5658352
4 783 3.5 2.8863838
4 785 2.5 3.4461417
4 2302 4.0 3.4268284
4 2683 3.5 3.4293742
4 3160 4.0 4.6939015
4 4014 4.5 3.6878057
4 4643 2.5 3.6459126
4 7147 2.5 3.6474824
5 613 4.0 3.1512794
5 2959 4.0 3.953874
5 3513 1.5 5.0
5 4546 2.5 3.9188597
5 5015 2.5 3.5658352
5 8781 0.5 5.0
5 31878 3.0 3.5658352
5 48385 2.5 3.8608468
6 72998 4.0 2.5621111
6 74530 4.0 3.5658352
6 74698 2.5 3.5658352
6 78637 3.5 3.5658352
6 80615 4.0 3.6306603
6 81564 3.5 3.5658352
6 85261 4.0 3.5658352
6 85397 2.5 3.5658352
6 88785 3.0 3.5658352
6 89480 2.5 3.5658352
6 90405 4.0 3.5658352
6 90746 3.5 3.5658352
6 90890 3.0 3.5658352
6 93242 3.5 3.5658352
6 96964 3.5 3.5658352
6 103042 3.0 4.135094
6 103253 3.5 3.135094
6 105954 3.0 3.5658352
6 109673 3.5 2.135094
6 109864 2.5 3.5658352
6 111659 4.0 3.5658352
6 112138 3.0 3.5658352
6 115617 4.5 3.0339384
7 296 4.0 4.2173095
7 261 4.0 4.6003914
7 266 3.0 4.398376
7 339 5.0 4.0333786
7 356 3.0 4.6121597
7 47 5.0 4.040751
7 74 5.0 3.5658352
7 112 4.0 4.283074
7 122 4.0 3.5658352
7 135 4.0 3.5658352
7 160 4.0 3.4679604
7 186 4.0 3.3235605
7 315 4.0 4.283074
7 343 3.0 3.5658352
7 344 4.0 3.0416684
7 361 3.0 3.988879
7 410 5.0 3.9305832
7 491 3.0 3.5658352
7 509 4.0 5.0
7 539 4.0 4.015239
7 542 4.0 3.5658352
8 608 4.0 4.12886
8 1198 5.0 4.3576264
8 1610 4.0 4.447775
8 2529 4.0 4.0879965
8 3527 4.0 4.138274
8 3702 4.0 5.0
8 1377 2.0 2.9651005
8 1035 5.0 4.676887
8 1296 3.0 4.183178
8 2997 2.0 3.6111138
8 150 4.0 4.3570037
8 380 3.0 4.5314956
8 40 4.0 3.5658352
8 1186 4.0 2.6007113
8 1263 4.0 5.0
8 1272 4.0 4.495423
8 1293 5.0 4.0710425
8 1370 4.0 4.3950577
8 1438 2.0 3.5658352
8 1616 4.0 3.5658352
8 1722 4.0 3.5575244
8 1960 4.0 4.0289154
8 2058 4.0 3.8344412
8 2797 4.0 3.3853123
8 2949 4.0 3.5658352
8 3256 4.0 3.2009532
9 457 4.0 4.0145006
9 349 4.0 3.7967305
9 500 3.0 3.3996308
9 3 3.0 1.0915942
9 830 3.0 3.5915942
9 1035 4.0 1.8045373
9 10 4.0 3.3824246
9 11 4.0 3.9022288
9 282 3.0 4.2867236
9 355 3.0 2.925538
9 357 5.0 4.0007668
9 491 4.0 2.6755123
9 520 3.0 3.5568326
9 586 3.0 3.0446827
9 36 3.0 4.3595004
9 529 3.0 3.708711
9 1088 3.0 2.3422925
9 52 4.0 2.6727374
9 144 4.0 3.5658352
9 161 4.0 3.2204332
9 299 4.0 3.5658352
9 508 5.0 4.5985193
9 524 4.0 5.0
9 805 3.0 4.1176453
9 1125 3.0 2.8045373
10 527 4.0 4.6503773
10 608 3.0 4.46275
10 1089 3.5 4.4025335
10 1197 4.5 3.486801
10 1198 4.0 4.2163577
10 1259 4.0 4.242811
10 1376 2.0 2.0727196
10 1732 5.0 4.043728
10 1997 3.5 4.5073204
10 2692 4.0 4.6893315
10 2912 4.0 5.0
10 2948 3.5 3.019536
10 3424 4.0 3.3701193
10 3578 3.0 3.5571604
10 2396 3.5 4.0930543
10 955 3.5 3.5658352
10 1243 4.5 4.24528
10 1297 4.5 3.5658352
10 2054 2.0 2.8228102
10 908 4.0 4.1061234
10 2997 3.5 3.5714
10 4014 3.5 3.6299317
10 4993 4.0 4.9248605
10 4886 4.0 4.045766
10 353 2.0 3.6710727
10 357 3.5 4.3750753
10 1090 2.5 3.470042
10 300 4.5 3.7966473
10 508 2.0 4.2721376
10 551 4.5 4.008513
10 931 3.5 2.8950982
10 1103 4.0 3.4776995
10 1179 3.5 3.4776995
10 1188 4.5 3.5658352
10 1203 4.0 3.7941034
10 1248 4.0 4.803999
10 1350 3.5 3.4999173
10 1517 3.5 3.62777
10 1641 4.0 3.7727633
10 1643 3.5 3.5658352
10 2144 3.0 4.74528
10 2300 2.5 3.9928956
10 2329 4.5 4.3178
10 2871 3.5 3.5658352
10 3000 3.5 3.39387
10 3210 3.5 2.9337156
10 3253 3.5 3.8405826
10 3317 4.0 4.624788
10 3552 4.0 3.6095397
10 4280 1.0 3.5658352
10 4294 4.0 5.0
10 4848 2.5 4.501493
10 5013 4.0 4.4132257
10 5618 4.5 4.4631157
10 6104 3.5 4.678813
10 6306 4.5 3.5658352
10 6539 3.5 4.3961525
10 7090 5.0 4.74528
10 7137 4.0 3.5658352
10 7569 2.5 4.4999175
10 8807 4.5 5.0
11 4306 5.0 3.5845263
11 368 2.5 2.5190594
11 235 4.0 3.9828131
11 1537 2.5 3.5658352
11 1784 4.0 2.8046312
12 5364 2.0 3.5658352
12 5445 3.0 2.81193
12 5450 2.0 3.5658352
13 318 4.0 4.306298
13 2858 3.5 2.8354921
13 2 4.0 3.9261396
13 261 4.0 3.699619
13 595 5.0 3.9033124
13 838 4.5 3.0186138
13 2081 4.0 3.5610929
13 4886 4.0 3.8356504
13 72998 2.0 3.9178715
13 5377 3.5 3.613892
13 5481 3.0 3.7182238
13 38 3.0 3.5658352
13 145 3.0 3.0198286
13 986 3.5 1.885004
13 1023 3.5 3.5658352
13 1592 3.5 3.5658352
13 1907 3.0 2.850999
13 2059 3.5 3.5658352
13 2092 3.0 1.850999
13 2141 3.5 3.6004753
13 2142 3.5 2.3076077
13 2354 3.5 0.850999
13 4308 5.0 3.6927936
13 4386 4.0 3.5658352
13 5900 2.5 3.0113728
13 6485 3.0 3.5658352
13 6794 3.5 1.0213742
13 7444 4.0 3.5658352
13 7451 4.0 3.5658352
13 30793 2.5 2.1561105
13 31193 4.0 3.5658352
13 44225 2.5 3.5658352
13 54997 3.5 4.001259
13 57669 3.5 3.5658352
13 59014 0.5 3.5658352
13 59784 3.0 3.5658352
13 63131 4.0 5.0
13 63859 3.0 3.1561105
13 66304 3.5 3.5658352
13 68194 4.0 3.5658352
13 68554 2.0 3.5658352
13 68954 5.0 4.891166
13 74508 4.5 3.5658352
13 77264 4.0 3.5658352
14 110 5.0 4.6719713
14 318 5.0 4.855649
14 34 5.0 4.156505
14 153 3.0 3.0672104
14 17 5.0 3.8028562
14 266 4.0 4.5052805
14 339 3.0 4.2627664
14 377 3.0 3.6077008
14 597 3.0 2.8596413
14 165 2.0 3.3324997
14 237 4.0 3.9267418
14 292 3.0 3.2377238
14 329 4.0 3.6142693
14 586 3.0 2.5204856
14 587 3.0 3.3637261
14 272 5.0 4.1667175
14 222 5.0 3.2052956
14 300 4.0 3.9244397
14 207 4.0 2.9570532
14 247 4.0 3.5658352
15 589 4.0 4.809644
15 592 5.0 3.4821084
15 1097 3.0 4.175024
15 1198 4.0 4.974378
15 1201 1.0 4.492306
15 1210 4.0 4.60484
15 1242 3.0 3.2378886
15 1253 4.0 3.5180705
15 1304 2.0 3.9016435
15 1580 3.0 4.571035
15 1994 4.0 4.0096245
15 2000 3.0 4.1719346
15 2407 3.0 3.2805068
15 2553 4.0 3.5180705
15 2664 5.0 3.5658352
15 2987 5.0 3.7985442
15 3362 4.0 3.5767775
15 928 5.0 3.9198644
15 2455 4.0 4.6187468
15 1225 4.0 4.9157023
15 1945 3.0 4.140038
15 919 5.0 4.011422
15 905 4.0 3.3455374
15 911 4.0 4.3455377
15 922 5.0 5.0
15 927 3.0 4.582601
15 942 4.0 5.0
15 1267 5.0 4.5702143
15 1337 5.0 3.5658352
15 1873 5.0 3.5658352
15 2202 2.0 3.5658352
15 2206 3.0 3.5658352
15 2238 1.0 4.267206
15 2525 4.0 4.6048193
15 2531 2.0 4.1048193
15 2649 5.0 3.5658352
15 2863 5.0 4.267206
15 3095 3.0 3.5658352
15 3340 2.0 3.5658352
16 608 4.0 4.5355067
16 95 3.0 2.84057
16 733 4.0 3.5393488
16 1354 3.0 3.7135363
16 1444 1.0 3.5658352
17 1188 3.5 3.5658352
17 2359 1.0 3.5658352
17 306 3.0 3.5658352
17 107 3.5 3.5658352
17 327 0.5 3.5658352
17 1831 5.0 3.5658352
17 2094 3.5 3.5658352
17 2722 1.0 3.5658352
18 260 5.0 5.0
18 1089 5.0 3.4796493
18 2692 5.0 4.903607
18 7153 5.0 5.0
18 3949 5.0 5.0
18 2959 5.0 4.3881955
18 2329 5.0 5.0
18 1019 4.0 3.5658352
18 2183 5.0 3.5658352
18 3484 4.5 3.5658352
18 6679 4.0 3.5658352
18 31696 4.5 3.5658352
19 1092 4.0 3.5516467
19 1653 4.5 4.025181
19 5952 4.5 4.7086697
19 6711 4.0 4.2202964
19 293 4.0 3.8298671
19 5418 4.0 4.7505145
19 5445 3.5 4.7294536
19 5989 3.5 3.79803
19 6874 4.0 4.7564526
19 5630 4.0 3.5658352
19 33794 4.0 2.9875953
19 44761 3.0 3.5658352
19 45728 5.0 3.5658352
20 2012 3.0 3.908506
20 2571 5.0 4.481349
20 953 5.0 4.92705
20 4886 5.0 4.474268
20 3105 5.0 1.3768181
21 6 4.0 3.9048262
21 648 4.0 4.7678576
21 1073 4.0 4.476935
21 1356 3.0 2.9541323
21 736 3.0 3.4331248
21 783 3.0 3.652946
21 36 5.0 4.763062
21 141 5.0 3.5295107
21 647 4.0 4.9314284
21 788 5.0 2.07728
21 802 4.0 4.3760896
22 762 3.0 2.089218
22 1094 5.0 4.474196
22 6953 5.0 2.471809
22 5151 5.0 3.5658352
22 5810 5.0 3.5658352
22 35836 5.0 3.5160327
22 273 3.0 1.9103583
22 53318 5.0 3.5658352
23 780 3.0 3.2024322
23 1573 4.0 3.6119676
23 2701 3.0 1.1499778
23 2791 4.0 3.2314124
23 316 4.0 2.9652696
23 204 4.0 2.9281116
23 208 4.0 2.7862136
23 494 4.0 3.3273787
23 1722 3.0 3.4583068
23 253 2.0 3.0629451
23 849 3.0 3.4252868
23 1480 4.0 3.0319943
23 1544 3.0 2.5855193
23 1591 3.0 2.771601
23 1971 4.0 3.8065617
23 1974 4.0 3.224052
23 2746 4.0 3.4673316
23 2986 3.0 2.771601
23 3208 3.0 2.4854572
23 3257 3.0 3.5658352
23 3354 3.0 3.5658352
24 50 5.0 4.906909
24 1617 5.0 4.029238
24 736 2.0 3.536508
24 17 5.0 4.551565
24 45 4.0 3.8961155
24 344 3.0 3.1181557
24 475 4.0 4.3237777
24 1682 5.0 3.5724816
24 144 4.0 3.5658352
24 515 5.0 5.0
24 1508 3.0 3.5658352
24 1513 4.0 3.5195994
25 2858 5.0 3.831884
25 3160 4.0 4.9579806
25 2762 5.0 3.7988536
25 2676 4.0 3.5658352
25 2013 4.0 3.5658352
25 2686 4.0 4.9579806
25 3005 4.0 3.2777777
26 480 5.0 4.2380047
26 377 3.0 3.668431
26 47 3.0 3.8942637
26 292 3.0 3.4320576
26 357 3.0 4.483524
27 2003 4.5 3.9663038
27 3481 5.0 4.3055696
27 48385 4.5 4.7938595
27 1 4.0 4.5769773
27 6874 5.0 4.2767
27 2706 5.0 3.5446365
27 745 4.0 5.0
27 2792 3.5 5.0
27 64285 4.0 3.5658352
28 1278 4.0 3.4084737
28 1356 2.0 2.4545927
28 1186 3.0 3.2701383
28 535 5.0 2.1072936
28 1289 5.0 2.0689993
28 2289 5.0 3.5247705
28 1217 5.0 2.9843512
28 2501 4.0 2.7707765
28 1371 1.0 1.4195434
28 2065 1.0 3.187075
29 1259 5.0 4.2969565
29 910 4.0 4.3679786
29 969 5.0 4.3742814
29 848 4.0 3.8508408
29 1235 4.0 3.569669
29 1541 5.0 3.5658352
29 2731 4.0 4.5354457
29 2919 4.0 3.5354457
29 3196 4.0 5.0
29 3251 3.0 3.5658352
29 3841 4.0 3.7502024
30 480 5.0 3.6505866
30 553 5.0 2.9825006
30 153 4.0 3.1956356
30 364 4.0 3.5553348
30 588 5.0 3.9884837
30 122 4.0 3.5658352
30 208 4.0 2.7556305
30 231 4.0 3.3067684
30 383 3.0 4.1676683
30 434 4.0 3.4616413
30 516 3.0 3.7169259
30 223 4.0 3.6605384
30 551 4.0 3.769864
30 19 4.0 3.3530283
30 225 4.0 2.764391
30 333 4.0 2.5784225
30 550 4.0 3.5658352
31 50 2.0 4.105364
31 431 3.0 1.7343559
31 592 0.5 2.7594807
31 780 2.0 3.2093804
31 1129 5.0 3.1104105
31 1196 4.5 3.5095434
31 1197 4.0 3.4619062
31 1206 4.5 4.2717123
31 1240 3.0 3.384013
31 1252 5.0 3.7927165
31 1283 0.5 3.5218706
31 1321 4.0 4.4698935
31 1374 3.0 2.9744456
31 1387 4.0 3.5158784
31 1407 0.5 2.8103678
31 1610 3.0 2.714661
31 1617 4.0 3.373227
31 1732 3.5 2.8069668
31 1997 5.0 3.9063177
31 2000 5.0 3.3995552
31 2009 4.0 3.1586084
31 2028 2.0 3.9771373
31 2118 4.0 2.7648635
31 2194 3.0 2.5599034
31 2951 4.0 4.0920177
31 2987 3.0 2.388293
31 3147 1.5 3.5421598
31 3272 3.0 1.6808195
31 3476 2.0 3.2067983
31 3576 2.0 2.2669597
31 3681 5.0 4.0920177
31 3682 3.5 2.734356
31 3703 5.0 3.8613818
31 3735 3.5 2.734356
31 3793 3.0 2.6220746
31 3836 4.5 2.734356
31 4128 3.0 3.1570828
31 5060 4.5 3.0773494
31 1275 0.5 3.783893
31 2115 2.0 3.231378
31 3623 1.0 3.7146077
31 899 3.0 2.8853364
31 1059 2.0 3.045821
31 163 3.0 2.874283
31 180 0.5 3.0664668
31 316 3.0 2.5157695
31 1246 0.5 3.034946
31 2124 3.0 2.7757816
31 3160 4.0 3.72472
31 3328 5.0 2.430727
31 4022 3.0 3.0084527
31 4993 0.5 4.193061
31 2959 4.0 3.743226
31 3744 0.5 1.1476072
31 4448 3.0 1.6476072
31 8961 4.0 2.7367465
31 1 3.0 3.6213605
31 150 4.0 3.6710484
31 165 3.0 3.2315166
31 170 1.0 3.0664668
31 344 0.5 3.3195508
31 516 0.5 3.5658352
31 520 3.0 2.7047038
31 733 4.5 2.8944037
31 1411 4.0 3.0664668
31 1552 0.5 2.3444867
31 1682 3.0 2.864509
31 1687 0.5 3.5658352
31 1957 3.0 4.1995955
31 2949 5.0 2.8900871
31 3723 2.0 3.5658352
31 923 4.5 3.8792484
31 1204 3.0 3.7430396
31 1269 3.0 3.209247
31 2300 4.5 3.3494294
31 2871 5.0 3.4834917
31 3108 4.0 3.7669396
31 3317 2.0 3.5658352
31 3421 4.0 3.208877
31 3751 3.0 3.6856463
31 4011 3.0 3.5862997
31 4855 5.0 2.2193732
31 4979 4.5 2.913562
31 5445 2.0 3.1541603
31 5618 3.5 3.6420736
31 6807 4.5 3.1031165
31 6870 4.0 3.2324421
31 8622 4.5 3.1800256
31 5502 0.5 2.8885493
31 313 0.5 2.9786258
31 2138 5.0 4.478626
31 2761 4.0 2.2137585
31 3969 0.5 3.4786258
31 4519 3.0 2.1156328
31 26 2.0 3.4104655
31 930 4.0 3.5658352
31 1178 5.0 3.4834917
31 1212 5.0 3.5749311
31 1334 0.5 3.3211045
31 1690 2.0 3.042657
31 1924 1.0 2.8211045
31 2186 4.0 3.5658352
31 2398 0.5 2.0664668
31 2428 2.5 1.6152016
31 832 2.0 3.6750379
31 3083 3.0 3.5658352
31 784 4.5 0.97283083
31 3081 3.0 3.184758
31 5630 0.5 3.5658352
31 44761 4.0 3.5658352
31 2662 0.5 3.5658352
31 1320 4.0 3.1689475
31 1339 1.0 2.6403787
31 2986 4.0 2.2861435
31 4754 2.0 4.6264844
31 33166 2.0 4.2726073
31 2490 3.0 4.792103
31 2731 2.0 3.4834917
31 20 1.5 3.5658352
31 245 4.0 3.5658352
31 481 0.5 3.5658352
31 488 4.5 3.5658352
31 610 3.0 3.1991405
31 663 4.0 3.5658352
31 714 4.5 3.430727
31 933 3.5 1.8620381
31 954 2.0 3.5658352
31 1015 0.5 3.329625
31 1018 1.0 3.5658352
31 1076 3.0 3.4834917
31 1202 5.0 3.2861435
31 1207 0.5 3.72472
31 1218 4.0 3.5658352
31 1245 5.0 3.5658352
31 1342 3.0 4.3211045
31 1681 0.5 4.3296247
31 1711 4.5 1.6451287
31 1801 0.5 3.0664668
31 1809 4.0 3.5658352
31 1856 5.0 3.5658352
31 1866 3.0 3.5658352
31 2022 4.5 4.281903
31 2033 0.5 1.9811283
31 2048 2.0 3.2861435
31 2064 4.0 3.4093487
31 2089 1.0 3.5658352
31 2095 0.5 3.5658352
31 2140 3.0 3.552974
31 2178 4.5 3.5658352
31 2282 4.0 3.5658352
31 2344 3.0 3.5658352
31 2402 0.5 3.5658352
31 2458 1.0 3.5658352
31 2513 1.0 2.7133524
31 2718 3.0 3.5658352
31 2720 0.5 2.300009
31 2726 5.0 3.5658352
31 2730 4.0 1.7456721
31 2788 4.0 3.8622181
31 2900 4.5 3.8211045
31 2991 2.0 3.5658352
31 3019 4.5 2.8622181
31 3238 4.5 3.5658352
31 3248 0.5 3.5658352
31 3384 2.0 3.4834917
31 3431 3.5 3.5658352
31 3435 5.0 3.5658352
31 3441 4.0 3.5658352
31 3466 0.5 3.5658352
31 3555 1.0 3.5658352
31 3693 0.5 3.8211045
31 3698 1.0 4.066467
31 3802 2.0 3.5658352
31 3838 3.5 3.8211045
31 3871 0.5 3.5658352
31 3916 0.5 3.5658352
31 3925 5.0 3.5658352
31 4019 2.0 3.4761753
31 4029 3.0 3.5658352
31 4055 0.5 3.5658352
31 4144 5.0 3.5658352
31 4146 4.0 3.5658352
31 4251 5.0 3.5658352
31 4282 1.0 3.5658352
31 4299 4.0 3.5658352
31 4326 3.0 0.5
31 4387 2.0 3.3407233
31 4488 4.0 3.5658352
31 4518 4.5 2.8211045
31 4553 5.0 4.3211045
31 4571 3.0 3.817031
31 4645 4.5 3.5658352
31 4650 1.5 3.5658352
31 4654 3.0 3.5658352
31 4713 4.0 3.5658352
31 4720 2.0 3.0925179
31 4728 3.0 3.5658352
31 4751 2.0 3.5658352
31 4756 0.5 3.5658352
31 4833 0.5 5.0
31 4947 3.0 3.5658352
31 5017 4.0 3.5658352
31 5152 2.0 3.5658352
31 5165 2.0 4.3211045
31 5219 3.0 3.8211045
31 5268 5.0 3.5658352
31 5294 4.0 3.5658352
31 5463 3.0 3.5658352
31 5500 3.0 3.5658352
31 5507 0.5 3.5658352
31 5509 5.0 3.5658352
31 5605 4.5 3.5658352
31 5632 4.0 3.5658352
31 5666 2.0 3.5658352
31 5780 4.5 3.5658352
31 5799 3.5 3.5658352
31 5808 4.5 3.5658352
31 5847 4.5 3.5658352
31 5876 2.5 3.5658352
31 5944 0.5 3.5658352
31 5956 4.0 3.930727
31 5965 3.0 3.5658352
31 6001 4.0 3.5658352
31 6184 4.5 4.1130166
31 6188 3.0 3.5658352
31 6213 2.0 3.5658352
31 6288 4.0 3.5658352
31 6301 5.0 3.5658352
31 6323 1.0 2.2266302
31 6356 4.0 3.5658352
31 6500 3.5 2.8211045
31 6506 4.0 3.5658352
31 6548 5.0 3.5658352
31 6552 2.0 3.5658352
31 6586 2.5 3.5658352
31 6595 3.0 3.5658352
31 6615 3.0 3.3211045
31 6664 1.0 3.5658352
31 6676 4.0 3.5658352
31 6707 3.5 4.3211045
31 6764 2.5 3.5658352
31 6818 4.5 3.5658352
31 6857 4.5 3.5658352
31 6920 5.0 3.5658352
31 7063 5.0 3.5658352
31 7116 1.0 3.5658352
31 7222 2.0 3.5658352
31 7226 4.5 3.5658352
31 7348 5.0 3.5658352
31 7360 5.0 4.0859566
31 7367 3.5 3.5658352
31 7418 3.0 3.5658352
31 7460 5.0 3.430727
31 7586 5.0 3.5658352
31 7897 4.5 3.5658352
31 7951 3.5 3.5658352
31 8207 4.0 3.5658352
31 8253 5.0 2.908266
31 8370 4.5 3.5658352
31 8491 5.0 3.5658352
31 8501 4.0 4.8211045
31 8528 3.5 3.5658352
31 8917 1.0 1.511113
31 26283 5.0 3.5658352
31 26840 5.0 3.5658352
31 32029 2.0 3.5658352
31 32892 4.5 3.5658352
31 33493 5.0 2.0687742
31 37733 5.0 3.430727
31 40959 4.0 3.5658352
31 53127 5.0 3.5658352
31 53996 4.0 3.5658352
31 55118 4.5 4.014856
32 1196 5.0 3.8724482
32 1396 3.5 4.135784
32 1610 3.5 3.6674972
32 364 3.5 3.3097177
32 500 4.5 4.1348376
32 1377 3.5 3.5719779
32 1721 3.5 2.839038
32 588 3.0 3.677414
32 1961 4.5 3.6480365
32 3897 4.0 3.650639
32 4306 5.0 4.520016
32 5952 5.0 4.524163
32 4886 4.5 3.627068
32 5418 4.5 3.726265
32 5459 3.5 2.6357841
32 2085 2.5 3.1002522
32 3114 5.0 4.2445993
32 2094 4.0 3.5149815
32 420 3.5 3.133089
32 4002 4.5 4.08386
32 1298 1.0 3.1357841
32 4018 4.0 3.5658352
32 6708 4.0 3.5658352
32 6753 4.5 3.5658352
32 6936 2.5 3.5658352
33 4886 4.5 4.5026736
33 1148 2.5 3.5658352
33 6539 4.0 4.190429
33 35957 2.5 3.5658352
33 40815 4.0 3.5658352
34 480 3.0 3.4771924
34 589 3.0 3.140149
34 597 3.0 2.1538854
34 380 3.0 4.0007644
34 587 3.0 3.3833783
35 736 2.5 2.386038
35 5952 4.5 4.620827
35 1552 1.5 2.3524365
35 145 4.0 3.7180245
36 457 4.0 3.1560826
36 590 4.0 3.5068946
36 593 4.5 3.3475251
36 1036 4.0 2.707144
36 1097 4.0 2.5046296
36 1127 4.0 2.83525
36 1387 2.0 3.4462428
36 1617 3.0 2.9885008
36 1909 4.0 3.0621836
36 2012 1.5 2.2425292
36 2194 2.5 2.5670245
36 3793 2.5 2.7068696
36 105 3.0 2.337334
36 5218 4.0 2.9087152
36 5299 2.0 2.279032
36 261 3.5 3.844082
36 1380 3.5 1.3473821
36 1485 1.0 3.5658352
36 4306 2.0 3.9621387
36 6942 4.0 3.4395032
36 7147 2.0 2.9739492
36 47 5.0 3.4052377
36 36 4.5 3.059211
36 1682 2.5 3.3983297
36 2150 1.5 3.738013
36 1079 2.0 2.7759511
36 1343 2.5 1.2737014
36 1704 4.0 3.9166596
36 2700 0.5 3.8760672
36 3994 3.0 2.9174821
36 5349 3.0 2.8366032
36 5445 4.5 3.2563674
36 7438 3.5 2.9526408
36 19 2.5 1.762826
36 4896 3.5 2.4537709
36 832 3.5 3.2285867
36 1320 2.0 3.0340827
36 1544 2.0 3.069707
36 6979 3.0 3.2347782
36 2140 3.0 3.6288357
36 3916 4.5 3.5658352
36 4225 2.0 2.838165
36 7254 2.5 2.3013399
36 1271 3.0 2.193626
36 2125 3.0 3.5658352
36 2336 3.5 3.5419786
36 3179 4.0 3.5658352
36 4646 1.5 3.5658352
36 5991 3.0 2.8376234
36 6385 4.0 3.5658352
36 7143 4.5 3.2482054
36 8132 5.0 3.7695203
37 527 5.0 4.8500357
37 858 4.0 4.5038257
37 1197 5.0 4.351912
37 2028 3.0 4.347542
37 3578 3.0 3.6795766
37 1721 2.5 3.2359614
37 7153 5.0 4.5262303
37 356 5.0 4.7335153
37 2054 2.0 3.1572857
37 3949 3.0 3.1118033
37 4993 5.0 4.7612157
37 2762 4.0 3.8250408
37 10 4.5 3.764205
37 4011 3.5 4.159178
37 5349 4.0 3.6750221
37 6333 3.5 3.8961127
37 8368 4.0 3.3479724
37 8874 4.0 4.2223406
37 4963 4.5 4.118116
37 41566 2.5 3.6704133
37 51255 2.5 4.583774
37 68954 5.0 4.1240964
37 33166 4.5 3.5658352
37 56174 3.0 3.5658352
37 33493 2.5 2.7274241
37 53996 3.0 3.7347941
37 40815 4.0 3.530058
37 34162 4.5 3.5658352
37 55820 2.5 4.0900035
38 541 5.0 4.3458357
38 58559 5.0 4.3724885
38 60684 4.5 3.0921705
38 3108 4.0 4.206965
38 5445 4.5 4.2043905
38 4878 4.0 2.9957361
38 44191 4.5 5.0
38 1882 3.5 2.4932492
38 2746 4.0 3.0502322
38 54995 5.0 4.77153
38 51709 4.5 3.5658352
39 32 4.0 2.5149415
39 50 3.5 3.676064
39 457 1.5 2.9313698
39 1196 3.0 3.0338116
39 1200 1.5 3.2397408
39 1201 4.0 3.3435051
39 1291 2.5 3.0700545
39 1732 4.0 2.931352
39 2011 4.0 3.483864
39 4993 0.5 3.9353814
39 2762 1.0 3.142462
39 293 4.0 2.7210486
39 5618 4.0 3.5862348
39 7361 3.5 3.5179107
39 56174 0.5 2.120471
39 3275 2.0 3.5658352
39 3698 3.5 2.109732
39 109487 2.5 3.3525555
40 260 3.5 3.2644894
40 1197 3.5 3.189129
40 1200 4.0 3.2087166
40 1321 3.5 3.9530916
40 1527 4.0 3.0941746
40 2011 3.0 3.586233
40 2028 4.0 3.257616
40 2692 3.5 4.352625
40 2987 4.5 3.4573457
40 364 3.5 4.169488
40 1101 3.0 3.1285498
40 1721 3.0 3.0396605
40 5218 3.0 3.40954
40 7153 5.0 3.712297
40 588 4.5 4.320136
40 1022 3.0 3.9473908
40 1059 2.5 3.1637018
40 1485 2.5 3.5658352
40 180 4.0 3.8724246
40 783 3.0 3.025597
40 4306 2.0 3.9965224
40 6942 3.5 3.9186888
40 7293 2.0 3.2033358
40 2719 4.0 3.4107606
40 2762 3.5 3.7486334
40 59315 4.0 3.475886
40 72998 4.0 3.6101837
40 79132 4.5 4.8251925
40 89745 4.0 2.7283304
40 91529 4.0 3.4044774
40 97752 5.0 1.8649061
40 102125 4.5 3.864906
40 106487 4.0 2.3830807
40 112852 4.0 3.864906
40 208 4.0 2.762237
40 223 4.0 3.768078
40 1080 3.5 4.01323
40 1148 3.5 4.6011333
40 3751 3.0 4.3275695
40 4226 4.0 3.818378
40 5679 5.0 3.9909496
40 32587 4.0 4.791083
40 104 2.5 3.1374023
40 1566 3.0 3.6778686
40 1588 3.0 3.4128711
40 2018 3.0 4.6419477
40 2138 3.5 4.9031086
40 4308 3.5 3.8936553
40 4896 3.0 2.7877662
40 8360 3.0 3.3513825
40 8641 5.0 4.4031086
40 30793 5.0 2.0592191
40 45517 3.0 4.168263
40 61024 4.0 0.9031085
40 68554 3.0 3.5658352
40 68954 3.5 4.75586
40 69122 2.0 4.8565044
40 671 2.5 4.559236
40 2528 4.0 3.7118216
40 337 4.0 4.289386
40 709 3.0 3.5658352
40 1025 3.0 3.5658352
40 1676 3.5 3.4909496
40 2090 3.0 4.1633472
40 2140 5.0 3.7106264
40 2143 4.5 3.5658352
40 2694 2.0 3.3989007
40 2720 2.5 2.7227888
40 3034 3.0 4.1662607
40 4223 3.5 4.605122
40 4728 3.0 2.6213324
40 6242 5.0 3.5658352
40 6709 3.5 3.5658352
40 6754 3.0 3.5658352
40 7247 3.5 3.5658352
40 33004 3.5 3.4909496
40 33493 3.5 2.4909496
40 7143 4.0 3.7652059
40 5816 3.0 3.1970243
40 34162 3.0 3.5658352
40 53464 3.0 2.7652059
40 71535 5.0 3.6827478
40 78499 4.0 4.7623086
40 609 3.0 3.5658352
40 1126 3.0 3.5658352
40 4792 3.0 3.5658352
40 6541 3.5 3.5658352
40 6952 3.0 3.5658352
40 7649 4.0 3.5658352
40 26903 3.0 3.9355958
40 31184 3.0 3.5658352
40 34532 3.0 3.5658352
40 35347 2.0 3.5658352
40 37830 5.0 3.5658352
40 45672 3.0 3.5658352
40 47629 3.0 3.5658352
40 51562 3.5 3.5658352
40 55269 4.5 3.5658352
40 55768 2.5 3.5658352
40 56921 4.5 3.5658352
40 58998 4.5 3.4355958
40 62912 1.0 3.5658352
40 64575 3.0 3.5658352
40 71464 4.0 4.4355955
40 72117 4.0 3.5658352
40 72171 4.5 3.5658352
40 74685 3.0 3.5658352
40 74789 4.0 2.1900902
40 77427 3.5 3.5658352
40 77780 4.5 3.5658352
40 81847 4.0 3.5592191
40 84954 4.0 3.5658352
40 87306 4.0 3.0592191
40 91500 4.0 2.5592191
40 92058 0.5 3.5658352
40 93475 3.0 3.5658352
40 93840 4.0 3.5658352
40 95207 0.5 3.5658352
40 102445 5.0 3.5658352
40 103249 4.5 2.5592191
40 103306 4.0 3.5658352
41 900 4.0 4.7108846
41 918 3.0 5.0
41 1028 5.0 3.8455322
41 1380 5.0 5.0
41 1487 5.0 3.5658352
41 2087 4.0 4.4252477
41 1088 4.0 2.3236246
41 1081 3.0 3.5658352
41 1207 4.0 5.0
41 310 5.0 3.5658352
42 265 5.0 3.991288
42 356 4.0 4.254659
42 440 3.0 2.9977071
42 11 3.0 3.1937284
42 300 4.0 3.7374983
42 551 1.0 3.599419
43 588 2.0 3.2914126
43 165 2.0 3.753967
43 14 4.0 3.6148767
44 296 4.0 4.8250375
44 1097 5.0 3.5806131
44 1206 4.0 4.358247
44 1210 4.5 3.984857
44 1258 4.5 4.747011
44 1265 4.0 3.9340434
44 1527 3.5 4.3423667
44 1610 3.5 3.194424
44 2000 3.5 4.154615
44 2011 4.0 3.5895169
44 2407 3.5 3.0966823
44 2571 4.5 4.7763243
44 2858 4.0 2.8159459
44 3408 4.0 3.8535838
44 2100 3.5 3.5546198
44 2997 4.0 2.9752235
44 58559 4.5 4.702887
44 72998 4.5 4.5589705
44 89745 4.5 2.6901734
44 97913 3.5 4.0882254
44 99145 3.5 3.5658352
44 102125 3.5 3.5658352
44 102903 2.5 3.5658352
44 106487 4.0 1.5882255
44 106696 4.5 1.5882255
44 168 3.0 3.9317305
44 805 4.0 3.0775871
44 2174 4.5 3.1914454
44 3448 3.0 3.667075
44 1193 4.5 4.413862
44 5225 4.5 4.9347596
44 50872 4.0 4.4130354
44 66097 4.5 3.6415653
44 68954 5.0 4.6214485
44 4878 5.0 4.3678484
44 802 3.0 4.077587
44 2006 3.0 3.097003
44 55118 5.0 4.894715
44 48780 5.0 3.5658352
44 48394 5.0 4.2525806
44 71530 3.0 4.5882254
44 54001 3.5 3.4407809
44 80463 4.0 3.9407809
44 81845 4.5 4.940781
44 102445 4.0 3.5658352
44 55290 4.5 3.5658352
44 73017 4.0 3.3763766
44 84392 4.0 4.77353
45 260 4.0 4.398819
45 1198 4.0 4.3673677
45 1210 4.0 3.7454617
45 1252 5.0 4.6884127
45 1259 4.0 4.227772
45 1278 4.0 4.5411615
45 1291 4.0 3.9390974
45 1304 5.0 4.6317234
45 1376 3.0 2.4151566
45 1500 5.0 3.957428
45 1527 3.0 4.2659698
45 1805 2.0 3.5767608
45 1909 3.0 3.7515006
45 1997 4.0 4.899783
45 2003 2.0 4.1404643
45 2076 5.0 2.9805977
45 2194 4.0 4.173568
45 2987 4.0 3.2472086
45 3578 5.0 3.8247375
45 2 2.0 3.6729178
45 34 5.0 3.3921998
45 1584 4.0 3.814691
45 2396 5.0 4.2778726
45 3996 5.0 4.13305
45 17 4.0 3.7303863
45 899 4.0 4.204953
45 1029 5.0 3.868796
45 1297 2.0 3.7540076
45 1307 4.0 3.3265276
45 1947 5.0 2.7559988
45 2080 4.0 3.6079068
45 2096 4.0 3.819811
45 345 5.0 4.4125624
45 1288 5.0 4.3708034
45 2455 4.0 4.382485
45 196 2.0 4.119082
45 293 3.0 3.4780178
45 319 5.0 4.4489965
45 529 4.0 4.434273
45 1263 5.0 5.0
45 1293 5.0 3.8255298
45 1299 4.0 3.694075
45 1302 3.0 2.644403
45 2021 4.0 3.133227
45 25 4.0 4.0926266
45 222 3.0 3.5658352
45 314 3.0 3.6694524
45 1125 4.0 2.9932663
45 1171 4.0 3.5658352
45 1228 4.0 4.8252273
45 1641 4.0 3.8647857
45 2699 4.0 3.8053112
45 2871 5.0 4.197348
45 4027 5.0 4.085353
45 1784 4.0 3.602468
45 2141 4.0 3.736239
45 2355 4.0 4.230243
45 3114 5.0 3.9615226
45 247 4.0 3.057395
45 253 3.0 2.964779
45 1250 4.0 4.1847115
45 1924 4.0 3.5596223
45 1235 4.0 3.5077975
45 2857 4.0 4.6619024
45 2859 5.0 4.6619024
45 610 3.0 4.0031285
45 709 3.0 2.5229244
45 1147 5.0 3.7138565
45 1603 3.0 3.7138565
45 1676 3.0 4.289962
45 1912 4.0 5.0
45 2089 3.0 3.2893736
45 2282 4.0 3.5658352
45 2394 4.0 1.2138563
45 2420 2.0 2.7114055
45 2513 2.0 3.4854074
45 3727 5.0 5.0
45 1298 5.0 4.3033648
45 58 5.0 4.6503315
45 2161 3.0 4.030405
45 13 3.0 3.5658352
45 85 4.0 3.5658352
45 290 4.0 3.5658352
45 866 1.0 5.0
45 1037 1.0 3.7803233
45 1185 4.0 4.339015
45 1277 2.0 3.5658352
45 1295 4.0 5.0
45 1366 3.0 3.8523538
45 1392 3.0 3.5658352
45 1466 4.0 3.809757
45 1611 3.0 3.5658352
45 2263 4.0 3.5658352
45 2437 4.0 3.5658352
45 2481 4.0 3.5658352
45 2574 2.0 3.5658352
45 2590 4.0 3.5658352
45 2693 4.0 3.5658352
45 2735 3.0 3.5658352
45 3910 4.0 3.5658352
46 1215 4.0 4.945828
46 2167 4.0 3.5658352
46 3578 4.0 5.0
46 3793 5.0 3.3143194
46 3408 4.0 4.5941753
46 196 4.0 4.174227
46 253 5.0 4.235202
46 3081 4.0 3.2790616
46 1339 4.0 3.1399162
46 1717 3.0 3.1742272
46 2560 4.0 3.5658352
46 3301 4.0 3.5658352
46 3717 5.0 2.9120557
47 318 4.0 3.6174817
47 349 4.0 2.993081
47 339 3.0 3.1055863
47 150 4.0 3.618658
47 434 3.0 3.2507565
47 454 3.0 2.8694088
48 593 4.0 4.634929
48 648 5.0 3.6205122
48 1097 3.0 4.315789
48 1136 5.0 4.073606
48 1198 4.0 4.450094
48 1210 5.0 4.556947
48 1214 5.0 3.4052157
48 1240 4.0 3.7733436
48 1356 4.0 3.262024
48 1527 5.0 4.3443437
48 1610 4.0 3.6072156
48 2012 5.0 3.5129755
48 3793 5.0 3.4386392
48 3827 3.0 2.404731
48 4121 4.0 3.404731
48 153 4.0 3.671161
48 736 4.0 3.0043826
48 1923 4.0 4.1025705
48 2294 3.0 2.4826303
48 3623 4.0 3.5658352
48 377 5.0 3.848496
48 595 3.0 4.245919
48 934 3.0 3.5996602
48 1029 3.0 3.3726707
48 1485 5.0 3.5658352
48 783 3.0 2.6102982
48 1246 3.0 3.8415017
48 2762 5.0 4.2998013
48 1 5.0 4.739976
48 185 5.0 3.4921162
48 208 5.0 3.2736247
48 586 4.0 2.5844631
48 733 4.0 4.607538
48 1438 4.0 3.5658352
48 2918 4.0 4.2550817
48 3072 1.0 3.3603868
48 551 3.0 2.9009385
48 3396 3.0 4.4545207
48 19 5.0 2.1734576
48 104 5.0 3.5201454
48 1566 4.0 3.5066617
48 2123 3.0 3.047891
48 2142 3.0 1.1703752
48 832 5.0 3.9914796
48 107 5.0 3.7116306
48 3269 3.0 3.2633193
48 1591 4.0 3.5658352
48 1882 5.0 1.8372874
48 3082 5.0 3.5658352
48 24 3.0 3.234147
48 546 4.0 3.141329
48 709 3.0 4.722972
48 1025 4.0 3.670375
48 1665 5.0 1.1703752
48 2048 3.0 3.5658352
48 2089 3.0 3.2458925
48 3247 3.0 1.8372874
48 4447 3.0 3.2756472
48 575 3.0 4.0110984
48 2161 4.0 3.9151993
48 4638 4.0 4.352385
48 2421 4.0 3.5658352
48 3617 5.0 3.5658352
48 3785 4.0 3.960157
48 169 2.0 3.5658352
48 818 3.0 3.5658352
48 1016 3.0 3.5658352
48 1099 3.0 3.469262
48 1359 3.0 3.5658352
48 1453 3.0 3.5658352
48 1646 3.0 3.5658352
48 2253 4.0 3.5658352
48 2549 3.0 3.5658352
48 2572 3.0 3.6920414
48 3113 4.0 3.5658352
48 3440 4.0 3.5658352
48 3799 2.0 3.5658352
48 3964 3.0 3.5658352
48 4006 5.0 3.5658352
48 4686 3.0 3.5658352
49 913 5.0 3.303093
49 2174 3.0 3.4848845
49 1513 3.0 2.8994832
49 2976 4.0 3.211883
49 3826 2.0 3.6022606
49 4015 2.0 3.5658352
50 3996 4.5 3.8469076
50 2683 5.0 3.7460878
50 4993 5.0 4.895852
50 1722 4.0 5.0
50 647 4.5 4.002761
50 3967 3.5 3.5658352
50 5378 4.5 3.5379603
50 1320 5.0 4.1150846
50 2393 4.5 4.1327753
50 3175 3.0 3.9971342
50 5872 4.5 3.5658352
50 2470 3.0 4.005316
50 4016 5.0 4.569608
50 6218 4.0 2.8786676
50 3287 4.0 4.143466
50 2622 2.0 3.5658352
51 350 4.0 3.3418822
51 648 3.0 3.7190437
51 1215 4.0 4.166855
51 1265 2.0 3.7687247
51 1387 3.0 3.819023
51 1527 5.0 4.359502
51 1805 4.0 2.7202268
51 1909 4.0 3.5139146
51 1994 5.0 4.2618794
51 2858 5.0 3.0537868
51 3471 2.0 4.240856
51 2291 3.0 3.4683633
51 2617 2.0 3.2038393
51 3996 5.0 3.7350166
51 708 3.0 2.606383
51 1282 2.0 3.7079563
51 1499 1.0 2.3507998
51 1 4.0 4.198942
51 2918 5.0 4.057949
51 1060 3.0 4.069758
51 903 3.0 4.7682643
51 919 3.0 3.284817
51 1967 5.0 4.2757998
51 2355 5.0 3.5618577
51 1267 5.0 3.8620143
51 1344 4.0 3.610345
51 1717 3.0 2.7793117
51 1884 4.0 3.4999516
51 2137 5.0 2.6445813
51 2324 5.0 3.495942
51 2338 1.0 3.2173028
51 3755 3.0 3.7175202
51 3785 2.0 3.6502264
51 2025 4.0 3.5658352
51 2279 2.0 2.715164
51 2447 2.0 3.5658352
51 2672 1.0 3.5658352
51 2771 3.0 3.5658352
52 32 4.0 3.5449312
52 432 1.5 2.48513
52 480 3.5 2.1581783
52 924 4.5 3.3832057
52 1347 4.0 2.9422767
52 1396 4.0 2.3897328
52 1982 4.0 3.6505852
52 2553 3.0 2.4132514
52 2664 2.5 3.5658352
52 2617 2.0 2.119758
52 1644 2.5 1.2716331
52 4993 4.0 3.550179
52 6250 1.0 1.3364266
52 2797 1.0 2.435163
52 2160 4.0 3.029434
52 5349 5.0 2.7143357
52 1348 3.0 3.7133694
52 2010 3.0 3.7133694
52 2105 3.5 2.8444412
52 2633 3.5 2.032152
52 2867 2.0 2.0569904
52 2710 3.0 2.9127908
52 1345 3.0 3.5111246
52 2662 3.0 3.5658352
52 1969 2.5 3.1934383
52 2448 3.0 3.1934383
52 188 1.5 0.5
52 565 1.5 4.1788955
52 1301 3.5 3.1788955
52 2517 3.5 2.6788955
52 3013 2.5 2.1788955
52 3499 1.0 2.8241193
52 3652 4.0 4.6788955
52 3802 1.0 3.5658352
52 3840 4.0 1.6788955
52 4852 2.0 1.6788955
52 5478 3.0 2.6788955
52 5609 3.5 0.5
52 5891 3.0 0.5
52 6741 2.5 2.6788955
52 6820 2.0 1.6788955
52 6880 4.5 1.6788955
52 7022 4.0 3.6650782
52 7029 4.0 4.6788955
52 7387 4.5 4.6788955
52 7951 3.0 3.5658352
52 8491 5.0 3.5658352
52 33493 3.0 1.7537096
52 7254 4.0 2.6204836
52 1077 1.5 2.3361793
52 2232 4.0 2.3897328
52 152 3.5 3.5658352
52 512 0.5 3.5658352
52 606 3.5 3.5658352
52 1105 2.0 3.5658352
52 1232 2.5 3.5658352
52 1756 1.5 3.5658352
52 1762 2.5 3.5658352
52 1979 2.0 3.5658352
52 1980 3.0 3.5658352
52 2097 4.0 3.5658352
52 2256 3.0 3.5658352
52 2367 3.0 3.5658352
52 2464 3.0 3.5658352
52 2668 2.0 3.5658352
52 2754 2.5 3.5658352
52 2783 3.0 3.5658352
52 2789 3.0 3.5658352
52 2851 3.5 3.5658352
52 2853 2.0 3.5658352
52 2855 2.0 3.5658352
52 2878 2.5 3.5658352
52 3024 3.0 3.5658352
52 3205 4.5 3.5658352
52 3294 2.5 3.5658352
52 3485 2.5 3.5658352
52 3661 1.0 3.5658352
52 3662 1.0 3.5658352
52 3665 0.5 3.5658352
52 3770 3.5 3.5658352
52 3930 3.5 3.5658352
52 3931 3.0 3.5658352
52 3939 1.5 3.5658352
52 3940 1.5 3.5658352
52 4030 1.0 3.5658352
52 4096 3.0 3.5658352
52 4514 1.5 3.5658352
52 4561 2.5 3.5658352
52 4576 1.5 3.5658352
52 4744 3.0 3.5658352
52 4944 3.0 3.5658352
52 5163 3.5 3.5658352
52 5305 1.5 3.5658352
52 5433 1.0 3.5658352
52 5489 1.0 3.5658352
52 5556 1.5 3.5658352
52 5587 1.5 3.5658352
52 5606 3.0 3.5658352
52 5640 3.0 3.5658352
52 5695 4.5 3.5658352
52 5715 3.5 3.5658352
52 5717 3.0 3.5658352
52 5749 2.5 3.5658352
52 5797 1.0 3.5658352
52 5833 0.5 3.5658352
52 5862 1.0 3.5658352
52 5884 3.0 3.5658352
52 5981 3.0 3.5658352
52 5983 3.5 1.9055257
52 6066 2.0 3.5658352
52 6094 0.5 3.5658352
52 6304 2.5 3.5658352
52 6848 3.0 3.5658352
52 6910 3.0 3.5658352
52 6966 3.0 3.5658352
52 7281 3.5 3.5658352
52 7650 3.5 3.5658352
52 8578 3.5 3.5658352
52 8783 2.5 3.5658352
52 8815 3.0 3.5658352
52 8854 3.0 3.5658352
52 8894 3.0 3.5658352
52 31026 1.0 3.5658352
52 31424 2.5 3.5658352
53 3578 5.0 3.3662705
53 2683 4.0 3.3803637
53 2722 3.0 1.4364326
53 2688 4.0 2.4364326
53 2541 2.0 3.3235295
53 2826 4.0 4.0579042
54 4011 4.5 4.052637
54 6502 5.0 3.4422414
54 56174 4.5 3.1028469
54 1222 4.5 3.8019502
54 2403 4.0 2.6539469
54 49272 3.0 3.1705728
54 54286 4.5 2.7264702
54 68237 4.0 3.3473313
54 26614 4.5 3.8146956
54 3461 3.5 3.5658352
54 5672 0.5 3.5658352
54 26444 2.0 3.5658352
54 49530 5.0 3.5658352
54 55765 5.0 3.5658352
54 56171 2.5 3.5658352
54 56339 4.0 3.5658352
54 67508 4.5 4.1028466
54 80398 4.5 3.5658352
55 480 3.0 4.7571616
55 858 4.0 5.0
55 1219 5.0 4.9608088
55 588 5.0 5.0
55 594 3.0 4.4660897
55 898 4.0 5.0
55 914 5.0 3.5658352
55 1131 5.0 3.5658352
55 1204 4.0 4.8695583
55 2075 5.0 2.771059
55 1233 5.0 5.0
55 1281 5.0 3.5658352
55 3742 5.0 3.5658352
55 1913 5.0 3.5658352
55 2971 4.0 3.5658352
55 4424 5.0 3.5658352
56 260 5.0 5.0
56 1252 4.0 5.0
56 1617 4.0 4.8365636
56 1247 4.0 5.0
56 1225 3.0 4.4265075
56 1263 4.0 4.163411
56 1641 3.0 4.095142
56 3114 5.0 4.4974265
56 1250 5.0 3.5658352
56 2324 4.0 1.3148184
56 2313 5.0 4.5436625
57 54286 4.0 2.9786851
57 6879 3.0 3.5658352
57 27808 4.5 3.5658352
58 999 3.0 3.5658352
58 1573 3.0 4.471929
58 1485 3.0 1.5683569
58 1 4.0 4.687918
58 95 4.0 2.6741464
58 1367 4.0 2.9252658
58 86 4.0 3.6741464
58 628 4.0 3.6741464
58 1049 4.0 3.8578305
59 750 4.0 3.9514062
59 1307 3.0 3.67016
59 4148 5.0 2.8946238
59 733 5.0 2.1075802
59 4161 3.0 4.005543
59 3617 1.0 3.5658352
59 2771 2.0 3.5658352
59 3270 4.0 3.5658352
59 4060 2.0 3.5658352
60 296 4.5 4.475017
60 593 5.0 5.0
60 858 4.5 5.0
60 1136 4.0 3.8270855
60 1197 3.5 4.1976004
60 2716 5.0 3.9290025
60 3949 2.0 4.047966
60 4973 4.0 5.0
60 1213 4.0 4.489933
60 778 5.0 4.050272
60 3671 4.0 4.5806193
60 30810 4.0 5.0
60 3173 4.5 4.547899
60 2859 3.5 5.0
60 2330 3.5 3.5658352
60 26471 4.0 3.5658352
61 318 5.0 4.3342433
61 592 4.0 3.3203337
61 648 3.0 4.6333547
61 780 3.0 3.4835105
61 736 1.0 3.0356326
61 440 4.0 3.1690352
61 357 4.0 4.134545
61 509 5.0 5.0
61 587 3.0 3.5003784
61 272 5.0 4.3509803
61 14 4.0 3.9583566
61 222 3.0 3.5658352
61 628 4.0 3.9094841
61 786 3.0 2.933617
62 5 3.0 1.9743314
62 1968 3.0 2.8643126
62 151 3.0 3.566892
62 1094 5.0 4.0461693
62 337 3.5 3.7515094
63 1201 4.0 4.7721815
63 1206 5.0 4.449522
63 1208 5.0 4.9150677
63 1278 3.0 4.587034
63 1291 4.0 3.9560766
63 1304 3.0 3.994129
63 1909 4.0 3.9596426
63 1965 3.0 4.2056847
63 2001 4.0 4.0818086
63 1307 3.0 3.45923
63 1961 3.0 3.4925795
63 1186 3.0 4.5625377
63 1078 3.0 4.1954627
63 1882 1.0 2.4749374
63 1292 4.0 2.7718513
63 659 4.0 1.793698
63 1207 5.0 4.3255305
63 2006 3.0 3.7754278
63 1298 4.0 3.3489003
63 702 3.0 4.2040815
63 909 4.0 4.2040815
63 1956 3.0 3.5658352
64 69406 4.5 3.5658352
64 8638 5.0 3.5658352
64 72737 5.0 4.4801726
65 6502 3.0 2.898056
65 1479 1.0 2.9099154
65 2641 1.0 0.7589219
65 4792 3.0 3.5658352
65 2133 2.0 3.5658352
65 6383 1.0 3.5658352
65 8610 3.5 3.5658352
65 34004 3.5 3.5658352
65 80350 0.5 3.5658352
66 110 5.0 3.4923244
66 198 5.0 4.3223987
66 474 4.0 3.7704349
66 153 2.0 3.220894
66 588 4.0 3.550902
66 594 5.0 3.057796
66 47 5.0 3.6947742
66 112 5.0 3.003725
66 293 4.0 2.4942744
66 434 3.0 3.0685284
66 733 4.0 3.7792256
66 458 2.0 3.5658352
67 480 3.0 3.6310701
67 527 4.0 4.207072
67 153 3.0 2.673297
67 185 4.0 2.707247
67 208 4.0 2.656864
68 1265 3.0 4.4191566
68 2028 5.0 3.9731638
68 2302 2.0 3.9868553
68 1682 4.0 4.1006737
68 300 4.0 4.3512416
68 1343 4.0 3.3323066
68 1704 5.0 4.934713
68 1784 5.0 3.8282406
68 111 5.0 4.483964
68 1801 3.0 3.5658352
68 1888 2.0 3.5658352
68 363 5.0 4.6485014
69 590 4.0 4.539802
69 1227 5.0 5.0
69 1240 5.0 5.0
69 1252 5.0 4.8417926
69 1258 3.0 5.0
69 1266 4.0 5.0
69 1953 5.0 5.0
69 2692 4.0 4.559353
69 2701 3.0 2.536967
69 2921 4.0 5.0
69 2948 5.0 4.1941237
69 2951 5.0 5.0
69 3471 4.0 5.0
69 3476 2.0 4.6351657
69 3681 5.0 5.0
69 2712 1.0 4.442382
69 3996 3.0 4.6032352
69 899 5.0 5.0
69 915 5.0 5.0
69 1247 5.0 5.0
69 1639 5.0 4.4936657
69 2081 5.0 4.3430424
69 1288 5.0 5.0
69 509 5.0 5.0
69 1411 5.0 5.0
69 3176 2.0 4.575757
69 446 5.0 4.0574374
69 778 5.0 5.0
69 1103 5.0 4.6219287
69 1885 4.0 3.730174
69 3911 3.0 4.947235
69 912 5.0 5.0
69 919 5.0 5.0
69 911 5.0 3.1820297
69 1250 5.0 5.0
69 1264 4.0 4.146296
69 3075 5.0 2.7327938
69 3365 4.0 3.7327938
69 2245 3.0 4.4645543
69 1207 5.0 5.0
69 1209 5.0 5.0
69 1729 2.0 4.925319
69 2064 5.0 4.971299
69 2732 5.0 2.0165083
69 3181 5.0 5.0
69 3435 5.0 3.5658352
69 3728 5.0 5.0
69 4282 5.0 3.5658352
69 4329 4.0 5.0
69 4641 2.0 5.0
69 1277 5.0 3.5658352
69 3676 5.0 4.837613
69 4195 5.0 5.0
69 1948 5.0 3.7959185
69 458 1.0 3.315395
69 334 5.0 5.0
69 562 5.0 4.315395
69 2239 5.0 3.5658352
69 2495 5.0 3.5658352
69 3224 5.0 3.5658352
69 3422 5.0 3.5658352
69 3473 5.0 3.5658352
69 3507 5.0 3.5658352
69 3655 5.0 3.5658352
69 3950 1.0 3.5658352
69 4179 5.0 3.5658352
69 4296 1.0 3.5658352
69 4741 5.0 3.5658352
69 6460 5.0 3.5658352
70 110 4.0 5.0
70 590 4.0 3.9239652
70 1127 5.0 3.4647388
70 1214 3.0 4.3455896
70 1220 5.0 4.076317
70 1240 5.0 3.6946225
70 1291 5.0 4.1916723
70 1625 4.5 5.0
70 1732 2.0 4.0903707
70 2716 5.0 3.853884
70 364 3.5 4.4659944
70 500 3.0 3.7671843
70 736 3.5 3.1131744
70 1375 4.0 4.2413893
70 2115 5.0 3.8643172
70 2712 3.5 4.243883
70 3408 4.0 5.0
70 3996 4.5 5.0
70 597 5.0 3.2143924
70 1297 5.0 3.5658352
70 2054 3.0 2.615403
70 783 4.0 3.7324197
70 4993 5.0 5.0
70 2762 4.0 4.2909603
70 10 4.0 3.7586868
70 172 4.0 4.3333197
70 539 3.5 3.9517982
70 1393 4.0 3.1384737
70 1552 4.0 2.723862
70 1682 3.5 3.3571682
70 2763 3.5 3.5129452
70 2797 4.0 3.5778823
70 235 4.0 3.601459
70 1231 4.5 4.0475984
70 1704 4.5 4.145456
70 2321 4.0 4.75472
70 2699 3.0 3.1698444
70 3000 5.0 3.716672
70 3052 5.0 3.5633054
70 3253 4.0 4.1621737
70 3911 4.0 4.3136363
70 5617 5.0 4.113334
70 6807 4.0 4.458139
70 912 3.0 5.0
70 2138 4.0 3.5658352
70 3114 4.0 4.559739
70 30793 3.5 2.5682695
70 2105 5.0 3.554731
70 327 3.0 1.6460841
70 4878 4.5 3.6878188
70 3081 4.0 3.7428043
70 2706 4.0 4.4451814
70 786 3.0 3.0794737
70 1717 3.0 3.2546377
70 2717 3.0 3.412389
70 2723 3.0 3.083102
70 2140 5.0 4.63507
70 4370 3.0 3.409252
70 5500 3.0 3.5658352
70 6378 4.5 3.8619835
70 8910 3.5 5.0
70 4361 3.0 3.7865617
70 7143 4.5 4.274256
70 30812 3.0 4.3122163
70 2470 5.0 3.7084231
70 5816 4.0 3.7675397
70 5903 4.5 4.4565854
70 2193 4.0 3.6543233
70 2541 3.5 4.4815774
70 2134 5.0 2.2196767
70 2681 5.0 3.5658352
70 37857 5.0 3.5658352
70 46965 3.0 3.5658352
70 47952 3.5 3.5658352
71 1721 5.0 3.174812
71 1416 4.0 3.5658352
71 1693 4.0 3.5658352
71 2792 0.5 3.5658352
71 2125 4.0 3.5658352
71 1476 3.0 3.5658352
71 40629 5.0 3.5658352
72 457 3.0 3.6801786
72 593 5.0 3.6824114
72 608 5.0 3.9350438
72 1073 2.0 3.394211
72 1136 4.0 2.9559257
72 1196 2.0 3.5627358
72 1610 3.0 3.4101858
72 1617 5.0 3.823949
72 497 4.0 4.2700214
72 899 5.0 3.537898
72 1288 4.0 4.090661
72 319 3.0 3.3477805
72 1131 3.0 2.5344088
72 1272 3.0 4.029832
72 1641 5.0 3.7678583
72 1178 5.0 3.8485756
72 29 3.0 3.9216688
72 1211 4.0 4.1071405
72 1277 4.0 3.5658352
72 1009 3.0 3.0151863
72 940 4.0 2.8834033
72 1226 4.0 3.5658352
73 1214 4.0 2.1877499
73 2150 4.0 3.5566258
73 3072 4.0 1.3443623
73 585 2.0 2.7952888
73 1320 2.0 3.601122
73 3755 3.5 1.3396262
73 6383 1.0 3.5658352
73 31420 3.0 3.5658352
73 33085 2.0 3.5658352
73 47725 4.0 3.5658352
73 86142 3.0 3.5658352
74 318 5.0 4.6996927
74 590 4.0 4.6569448
74 17 3.0 4.772566
74 838 4.0 3.4958823
74 36 4.0 4.8754096
74 1183 5.0 4.6216645
74 25 5.0 3.5658352
74 111 5.0 4.637627
74 800 4.0 4.4880815
74 1357 5.0 4.97528
74 78 2.0 3.5658352
75 50 4.0 4.1721053
75 541 4.0 3.7591064
75 1073 4.0 3.405594
75 1089 4.0 3.6776993
75 1206 2.0 4.3297668
75 1227 2.0 4.9002523
75 1234 3.0 3.6670113
75 1242 3.0 3.1769292
75 1304 3.0 3.5729241
75 1356 3.0 3.9925263
75 364 3.0 3.8587008
75 1101 2.0 2.941128
75 1249 3.0 3.3888144
75 417 2.0 3.5658352
75 440 3.0 3.5448344
75 497 4.0 3.7639227
75 830 3.0 2.6655612
75 920 3.0 2.7454674
75 1247 3.0 3.9412713
75 441 3.0 2.684056
75 112 3.0 2.8980436
75 293 4.0 3.0040917
75 616 3.0 3.6542344
75 1299 4.0 3.23677
75 1411 4.0 3.2675803
75 25 3.0 3.6303878
75 161 3.0 3.017356
75 300 3.0 3.3282993
75 1095 4.0 3.41818
75 1080 3.0 3.9621
75 1120 4.0 2.9588144
75 1171 3.0 4.0223007
75 1223 3.0 4.0790668
75 912 4.0 3.9903476
75 253 3.0 2.823332
75 904 3.0 3.737615
75 926 4.0 3.7123625
75 930 3.0 3.4173987
75 969 4.0 3.4709134
75 1041 4.0 3.9126222
75 232 4.0 3.578585
75 1147 4.0 3.2011135
75 1300 3.0 3.5733726
75 373 2.0 3.5658352
75 787 4.0 3.5658352
75 1151 3.0 3.5658352
76 1198 3.5 4.843727
76 2571 4.0 4.5342383
76 89745 4.0 3.9965045
76 112852 5.0 3.9660616
76 102445 4.0 3.5658352
76 110102 4.5 4.6011558
76 92259 4.0 3.5658352
77 50 4.5 4.1600237
77 480 4.0 3.841825
77 589 3.5 4.8790507
77 1196 4.0 3.9775403
77 1221 4.5 4.1658654
77 1287 5.0 3.6526783
77 1580 2.5 3.9640987
77 2028 4.0 4.8224645
77 2571 4.5 4.198929
77 2701 2.5 1.6717333
77 3578 4.0 3.2937782
77 356 5.0 3.9417982
77 920 5.0 4.0147243
77 2959 4.5 4.272551
77 1263 4.5 5.0
77 2002 2.0 3.8696015
77 2150 4.5 3.8539457
77 4034 4.5 3.545546
77 1193 4.5 4.326754
77 5876 4.0 3.5658352
77 2324 4.5 2.8660753
77 4446 2.5 4.2628555
77 307 4.5 5.0
77 2961 3.5 3.5658352
77 5992 4.5 3.5658352
78 7153 4.5 3.799348
78 4014 4.0 3.3563986
78 6283 3.5 2.9882329
78 51662 4.0 3.4967973
78 60069 4.0 4.316433
78 4011 4.0 4.137835
78 59784 3.5 3.5658352
78 69122 3.5 4.9182224
78 48516 3.0 4.2842293
78 741 2.5 2.4386175
78 3429 3.5 4.931769
78 7254 4.5 3.534459
78 48774 4.0 3.8750134
78 48394 4.0 4.114802
78 68952 3.0 4.5644045
78 76251 3.5 4.594656
78 64614 4.0 4.025848
78 5608 2.5 3.8971531
78 50851 3.5 3.8971531
78 7099 4.5 4.555354
78 3646 3.5 3.5658352
78 6935 3.0 3.5658352
78 33162 2.5 3.5658352
78 52885 4.5 3.5658352
78 61236 5.0 3.5658352
78 69481 3.0 3.5658352
78 71745 3.0 3.5658352
78 74553 5.0 3.5658352
79 50 4.0 4.4459887
79 110 4.0 4.5129757
79 260 5.0 4.718404
79 1208 5.0 4.350587
79 1220 4.0 3.1234174
79 1221 4.0 3.9529068
79 1374 3.0 3.964393
79 1748 1.0 3.3311052
79 1275 3.0 4.2077208
79 2291 2.0 3.2722585
79 17 4.0 3.5191472
79 1230 5.0 3.7071073
79 1247 4.0 3.8302724
79 1961 4.0 3.325269
79 11 4.0 3.7445254
79 344 2.0 2.8669245
79 36 3.0 4.3117905
79 1090 2.0 3.4526546
79 1411 4.0 3.7109842
79 1693 3.0 2.504577
79 778 4.0 3.2616632
79 1103 4.0 3.4567657
79 26 4.0 3.7679875
79 41 4.0 3.677922
79 1541 3.0 3.5658352
79 2859 3.0 3.5658352
79 2413 3.0 3.8020399
79 2872 3.0 3.6944888
79 1883 3.0 3.5658352
79 2269 3.0 3.5658352
