1 50 5.0 3.6887774
1 110 4.0 3.354144
1 198 3.0 3.699641
1 366 2.0 2.9383233
1 432 2.0 2.2692618
1 492 3.0 3.4015326
1 527 4.0 4.4341516
1 589 5.0 2.6303017
1 858 5.0 3.3746104
1 996 2.0 3.8213563
1 1097 5.0 3.4651983
1 1130 3.0 3.5370324
1 1196 4.0 3.6528177
1 1208 3.0 3.0935104
1 1210 3.0 3.3885112
1 1221 5.0 3.761006
1 1278 3.0 3.9085658
1 1283 4.0 4.056178
1 1387 5.0 4.346544
1 1573 5.0 3.1389534
1 1617 3.0 2.7159512
1 1799 3.0 2.817525
1 1805 3.0 2.4528677
1 1892 3.0 3.2760794
1 1953 4.0 3.8282967
1 1954 5.0 3.2591465
1 1997 3.0 3.3706658
1 2001 3.0 3.0432305
1 2003 4.0 3.6200342
1 2194 3.0 3.966391
1 2391 4.0 3.3555524
1 2553 3.0 3.3749566
1 2692 2.0 4.4082084
1 2921 4.0 3.7831748
1 2922 5.0 3.2593997
1 2973 2.0 3.390179
1 3032 3.0 3.3952913
1 3074 3.0 3.1885912
1 3273 3.0 2.8859308
1 3363 3.0 3.5663712
1 3424 2.0 2.5808585
1 3471 4.0 2.5445712
1 3476 2.0 4.2953625
1 3550 3.0 3.8570845
1 3682 3.0 3.4807498
1 3699 5.0 3.1939313
1 3735 3.0 3.201489
1 3763 4.0 3.2491016
1 3839 4.0 3.6248858
1 4037 3.0 3.7478538
1 4085 4.0 3.4701104
1 4086 3.0 3.1639037
1 4126 3.0 3.2379036
2 1387 4.0 4.5555525
2 34 5.0 4.0264583
2 153 4.0 2.3722785
2 500 4.0 3.7107253
2 762 2.0 3.891381
2 1101 3.0 3.5004492
2 1249 4.0 2.936508
2 1923 5.0 3.9663603
2 2496 4.0 3.6781902
2 7153 4.5 4.3083577
3 367 2.0 4.6924024
3 500 5.0 2.9953544
3 1721 3.0 3.2494283
3 5 4.0 4.342187
3 7 4.0 3.9344113
3 39 4.0 3.5239224
3 236 5.0 3.969515
3 265 4.0 4.8884587
3 898 4.0 4.090306
3 899 5.0 4.98735
3 914 5.0 4.7155337
3 915 5.0 4.598089
3 934 5.0 3.4443321
3 955 5.0 3.5810752
3 1028 5.0 3.6879585
3 1230 5.0 4.0169873
3 1247 5.0 4.7865577
3 1282 3.0 3.622894
3 1747 3.0 3.7056599
3 1835 4.0 2.383802
3 1968 5.0 5.0
3 2081 4.0 5.0
3 2087 3.0 4.3779187
4 318 5.0 4.116662
4 780 4.0 3.4194236
4 1036 4.0 4.0999823
4 2804 4.5 3.6837215
4 2617 2.0 2.9048104
4 3408 4.0 3.3693419
4 39 3.5 3.4351323
4 2080 4.0 3.3790689
4 441 3.0 3.3309608
4 2683 3.5 3.6737542
4 2709 4.5 3.7527077
4 2997 1.5 2.0742557
4 4306 5.0 3.1676521
4 6365 2.5 3.8847961
4 7293 4.5 2.9797547
5 3744 1.5 2.353193
5 8781 0.5 3.7640564
5 31878 3.0 2.9572554
5 51662 3.0 3.710868
6 7153 4.0 3.9585402
6 4310 3.5 3.1976945
6 72641 3.5 3.211632
6 74580 3.5 3.0381942
6 74698 2.5 3.259225
6 78772 3.5 3.4835868
6 81417 0.5 2.4634798
6 85367 3.5 2.955852
6 87430 3.5 3.1848688
6 87876 1.0 3.3376117
6 88125 3.5 3.1320844
6 88785 3.0 3.1272483
6 90531 3.5 3.5234964
6 93982 2.5 3.3500202
6 94323 3.5 3.506254
6 95067 3.0 3.2458408
6 96655 3.5 3.265795
6 99145 4.0 2.9511127
6 99813 4.0 3.3389337
6 100390 3.0 3.3342793
6 102407 3.5 3.270909
6 104312 3.5 3.1674676
6 105653 3.0 3.1064858
6 105954 3.0 3.3022506
6 106072 3.5 3.0770469
6 106540 3.0 3.2858214
6 108190 3.5 3.072671
6 109864 2.5 3.11088
6 110773 0.5 3.097903
6 111113 2.5 2.8189328
6 111759 3.5 3.4316072
6 112138 3.0 3.145958
6 113453 2.0 3.2660646
6 113604 2.0 3.5634906
6 114180 3.5 3.537519
6 115569 1.5 3.0511937
6 115664 2.5 3.0199952
6 118997 0.5 3.2181048
7 110 5.0 3.7918053
7 589 4.0 3.7725782
7 236 4.0 4.1725893
7 261 4.0 4.586519
7 356 3.0 4.992361
7 440 4.0 4.085808
7 595 4.0 4.2075396
7 44 4.0 3.251855
7 93 4.0 3.9152746
7 122 4.0 4.064529
7 196 4.0 3.5345538
7 208 3.0 4.042764
7 317 4.0 3.5441098
7 351 1.0 3.8628192
7 442 3.0 3.1686947
7 445 4.0 3.9127767
7 464 3.0 3.6702776
7 466 4.0 3.3620799
7 540 3.0 3.71287
7 542 4.0 3.9404566
7 548 3.0 3.6752417
7 667 3.0 3.732187
8 480 4.0 4.245525
8 1200 4.0 4.504815
8 1259 4.0 4.551554
8 1573 5.0 3.857196
8 1876 3.0 3.349388
8 2467 5.0 3.9561417
8 3527 4.0 3.8054643
8 736 4.0 2.7403069
8 1968 4.0 4.3620324
8 345 2.0 3.5037165
8 2302 4.0 3.8816516
8 11 4.0 4.1110997
8 380 3.0 3.5635614
8 1088 2.0 3.0125813
8 1183 5.0 4.522391
8 1370 4.0 3.8094225
8 2021 4.0 4.3865905
8 2797 4.0 3.725449
8 2918 4.0 4.9107456
8 3198 4.0 4.513437
8 3246 5.0 4.4880567
9 350 5.0 2.9081604
9 480 3.0 3.503813
9 527 5.0 4.966213
9 593 4.0 4.4822745
9 780 4.0 2.5266886
9 1036 3.0 4.2431636
9 266 4.0 4.1255374
9 316 3.0 3.2687883
9 348 4.0 3.5817487
9 185 3.0 3.4394822
9 196 3.0 3.9888425
9 292 3.0 3.1651876
9 357 5.0 3.6076512
9 381 4.0 4.020031
9 383 4.0 3.5275602
9 520 3.0 3.2067518
9 539 5.0 3.2810297
9 4 3.0 3.7635553
9 132 3.0 4.032322
9 141 4.0 4.0049615
9 151 5.0 3.8128903
9 193 2.0 3.2976239
9 299 4.0 2.8510697
9 300 5.0 3.5456688
9 455 3.0 2.3556712
9 505 3.0 3.5775366
9 508 5.0 5.0
9 524 4.0 3.4474545
9 534 3.0 3.965424
9 1135 3.0 3.5199368
10 296 4.0 4.3598037
10 527 4.0 3.5076466
10 541 4.0 4.6764956
10 553 4.0 3.8416202
10 589 3.5 3.2897482
10 750 4.5 3.4743412
10 1197 4.5 4.3036647
10 1201 4.5 3.7799973
10 1252 4.0 3.4352539
10 1276 4.0 4.17116
10 1278 4.5 3.432714
10 1358 4.0 3.8098218
10 1387 3.5 2.7501123
10 2580 3.5 3.6250107
10 2716 3.5 4.2259116
10 2947 3.5 3.5152419
10 2951 4.0 4.3636703
10 3424 4.0 2.0659745
10 3578 3.0 3.1687279
10 3793 2.5 4.1871476
10 4086 2.0 3.365453
10 1653 4.0 2.6595461
10 1923 3.0 3.813623
10 2396 3.5 4.0620575
10 3100 3.5 4.053098
10 3996 4.0 4.3824015
10 45 4.5 3.2932196
10 1243 4.5 3.3548594
10 1639 5.0 3.662809
10 908 4.0 4.230826
10 4993 4.0 3.848317
10 2762 4.0 3.8637204
10 249 2.5 3.5530612
10 454 3.5 2.741145
10 1090 2.5 3.766674
10 246 3.5 4.6323824
10 1079 4.0 3.5898755
10 1120 3.0 3.838186
10 1148 3.5 3.7007403
10 1179 3.5 3.4317598
10 1223 3.5 3.7979126
10 1643 3.5 3.4043877
10 1663 3.5 3.3475053
10 2144 3.0 4.2244396
10 2160 3.5 3.917772
10 2174 3.5 3.287164
10 2321 4.5 3.819524
10 2502 3.0 3.5556858
10 3000 3.5 3.797623
10 3052 4.5 4.0263815
10 3098 4.0 3.1467175
10 3210 3.5 3.834332
10 3253 3.5 3.586661
10 3267 3.5 3.9311469
10 3396 4.5 3.288229
10 3994 3.0 3.7938657
10 5349 4.0 3.3115609
10 5445 4.0 3.5964487
10 5618 4.5 4.4142137
10 5945 1.5 3.3752933
10 6003 3.5 3.9805999
10 6333 4.0 3.6870162
10 6807 3.5 4.0061927
10 8364 3.5 3.756557
11 1208 5.0 4.5401254
11 1220 4.0 4.6512947
11 1610 3.0 2.2370634
11 2987 3.0 3.115419
11 3793 3.5 2.5323684
11 1080 5.0 4.965667
11 104 3.0 3.3038716
12 5380 4.0 3.13956
12 5415 1.0 3.253113
12 5459 4.0 4.044184
12 5506 2.0 3.364772
12 5893 4.0 3.4160051
13 22 3.5 3.4053526
13 2987 4.5 3.9914927
13 5218 3.5 3.5209823
13 2124 3.0 3.3058846
13 5952 5.0 4.5527167
13 8961 3.5 3.381495
13 319 3.5 3.8637445
13 3396 3.5 3.214243
13 181 3.0 3.6640365
13 313 3.5 3.277872
13 585 3.0 3.116947
13 837 3.5 2.9984834
13 965 4.0 3.785812
13 1688 3.0 3.2099075
13 1917 3.5 2.4532187
13 2059 3.5 3.7061987
13 2354 3.5 3.6556177
13 3990 3.5 3.6737776
13 4639 3.0 3.390612
13 4700 3.5 3.5236363
13 5048 3.5 3.4900155
13 5092 3.0 3.4377556
13 5810 4.0 3.5836203
13 6593 3.5 3.4696846
13 6624 4.0 2.4451358
13 7345 3.5 2.3852043
13 26662 4.0 3.8409634
13 30793 2.5 2.6828933
13 31429 3.0 3.642208
13 31502 1.0 3.7340963
13 33830 3.0 3.8617034
13 44225 2.5 3.6090314
13 46976 3.5 3.889483
13 47516 0.5 3.5626569
13 49274 3.5 3.4406068
13 50149 3.0 3.694876
13 50442 4.0 3.4853787
13 51255 4.5 2.8005261
13 53121 3.5 3.7269258
13 53956 3.5 3.572146
13 56367 4.0 2.419629
13 56949 3.5 3.4381778
13 57669 3.5 3.8079298
13 59333 2.0 3.4332244
13 60141 3.5 3.7314281
13 62999 3.5 3.522806
13 63853 4.0 4.504112
13 67734 4.0 3.0450153
13 68954 5.0 4.312605
13 69757 4.0 3.3646133
13 77264 4.0 3.129008
14 110 5.0 4.563254
14 2 4.0 3.905298
14 349 3.0 3.634228
14 364 4.0 4.437454
14 552 3.0 3.630908
14 356 4.0 3.974245
14 10 3.0 3.8804219
14 357 4.0 3.9608214
14 374 3.0 3.0662801
14 529 4.0 3.502519
14 28 5.0 3.881227
14 31 3.0 3.398562
15 474 3.0 4.292875
15 589 4.0 3.2253103
15 592 5.0 3.5585275
15 648 3.0 3.4697087
15 858 2.0 4.64809
15 924 3.0 4.017603
15 1199 5.0 3.876675
15 1321 3.0 4.684491
15 2194 4.0 4.1901774
15 2407 3.0 3.205537
15 2527 3.0 3.485811
15 2553 4.0 3.7618132
15 2716 3.0 3.4506383
15 953 5.0 2.3657806
15 2640 5.0 3.1812127
15 733 5.0 3.4543228
15 1087 4.0 3.434567
15 1945 3.0 3.8005524
15 2300 5.0 2.7986562
15 922 5.0 4.27056
15 1212 5.0 4.206387
15 1264 3.0 3.4908738
15 1284 2.0 4.5032043
15 1334 3.0 3.5422964
15 1924 4.0 3.4152582
15 1942 5.0 3.7532995
15 2202 2.0 3.7668955
15 2238 1.0 3.5557826
15 2488 4.0 4.1000767
15 2657 3.0 3.56268
15 2863 5.0 3.6979394
15 2967 4.0 3.7728744
15 3075 2.0 3.6000888
15 3088 3.0 4.4227815
17 1186 0.5 3.4303334
17 1027 0.5 2.4807992
18 2858 5.0 4.374773
18 3949 5.0 5.0
18 3498 4.0 5.0
18 904 4.5 4.907478
18 3146 3.0 3.4847348
18 6679 4.0 4.349643
18 8014 5.0 4.2622013
18 31696 4.5 4.2476845
19 110 4.0 3.8892198
19 296 4.0 4.4724293
19 1092 4.0 3.675099
19 5952 4.5 4.2761765
19 48385 5.0 4.0245824
19 150 4.0 3.5861363
19 370 3.5 3.3627663
19 151 4.0 3.6715374
19 6874 4.0 3.403205
19 7361 4.5 4.4775767
19 6016 4.5 4.0762334
19 7445 4.0 4.031128
19 40583 4.0 3.4878654
20 350 4.0 3.6266246
20 1220 3.0 4.0907207
20 920 5.0 4.394762
20 6377 5.0 4.484057
21 6 4.0 4.5281477
21 260 5.0 4.2278285
21 5 4.0 3.1385057
21 1 5.0 4.6877475
21 36 5.0 4.3406787
21 733 5.0 4.41091
21 9 3.0 3.8394108
21 628 4.0 3.869093
21 745 5.0 4.6954355
21 788 5.0 3.90143
22 589 1.0 2.3342676
22 150 3.0 3.190543
22 19 4.5 1.6069018
22 273 3.0 2.5275671
22 2505 5.0 2.1030176
22 39231 3.0 3.3724205
22 49932 0.5 2.9504774
22 54190 4.5 3.1586072
23 457 5.0 4.0354757
23 1258 5.0 2.3539386
23 2288 5.0 3.9741871
23 208 4.0 3.9194546
23 329 3.0 3.4009163
23 344 2.0 4.1601253
23 380 5.0 3.0730107
23 494 4.0 3.9287379
23 1370 4.0 3.381438
23 2628 4.0 3.6220925
23 2699 5.0 3.080539
23 786 3.0 3.4051027
23 1479 4.0 2.5943422
23 1973 4.0 3.4438276
23 1975 3.0 3.4360979
23 1987 3.0 3.5711174
23 2616 2.0 3.5231094
23 2986 3.0 3.4925926
24 318 5.0 5.0
24 1210 5.0 5.0
24 377 3.0 2.5853646
24 380 5.0 3.802502
24 529 5.0 4.284635
24 144 4.0 3.931383
25 1270 4.0 3.5814462
25 2716 4.0 4.34549
25 2858 5.0 3.534162
25 1193 5.0 5.0
25 2392 4.0 2.6857398
25 2739 4.0 4.1168714
25 2770 3.0 3.9849367
25 2975 4.0 4.0446777
25 3005 4.0 4.363706
26 480 5.0 3.3353891
26 590 3.0 4.1773534
26 339 3.0 3.8672557
26 208 3.0 3.415585
26 292 3.0 3.4870481
26 434 3.0 2.7601194
26 454 4.0 3.6380785
27 1580 4.5 4.047066
27 2003 4.5 3.5204875
27 1035 3.0 2.645883
27 3481 5.0 4.063833
27 5014 4.0 4.3942385
27 58559 5.0 3.9618692
27 27706 4.0 3.6693206
27 2792 3.5 4.014552
27 519 2.0 2.0801337
27 2382 1.5 3.9773943
27 33166 5.0 4.0041237
27 54995 4.5 4.6318607
27 57368 3.0 3.7970185
28 260 2.0 4.181005
28 1374 2.0 4.3116074
28 2501 4.0 3.2120106
28 1779 2.0 3.6802666
29 1200 3.0 4.269423
29 3362 4.0 4.07331
29 2424 5.0 3.7327726
29 969 5.0 4.4450016
29 2023 4.0 4.5234375
29 1292 4.0 4.3784566
29 1541 5.0 4.4134727
29 2132 5.0 4.0475125
29 2245 4.0 3.3623338
29 3251 3.0 4.1993065
30 296 5.0 4.9708624
30 366 3.0 3.6265628
30 432 4.0 2.9892168
30 589 5.0 3.4172845
30 593 4.0 3.8036315
30 356 5.0 4.329346
30 47 5.0 4.0829077
30 112 4.0 3.61359
30 282 5.0 3.8958812
30 353 4.0 3.0308092
30 380 4.0 3.8772807
30 434 4.0 3.9315758
30 548 3.0 3.4520347
30 524 5.0 3.6411555
30 19 4.0 2.1933339
30 585 3.0 4.092317
30 288 1.0 4.6212163
30 490 3.0 3.7912793
30 502 2.0 3.652691
30 550 4.0 3.6995282
31 296 5.0 4.241273
31 318 2.0 4.3902125
31 474 3.0 3.510277
31 590 3.0 3.0744114
31 750 5.0 3.9301193
31 780 2.0 2.3306808
31 996 3.0 3.9284651
31 1127 2.0 3.2436745
31 1129 5.0 3.885238
31 1206 4.5 3.3932734
31 1227 5.0 3.9447474
31 1265 4.0 3.004524
31 1276 5.0 3.741912
31 1283 0.5 3.9984076
31 1500 3.0 4.6651053
31 1573 3.0 3.704994
31 1617 4.0 4.166909
31 1909 3.0 3.069894
31 2001 4.0 3.573904
31 2542 3.0 3.3405612
31 2701 0.5 1.3640016
31 2804 4.0 4.335535
31 2912 4.5 3.6202292
31 2944 5.0 4.1960196
31 3104 2.0 3.5942404
31 3527 2.0 3.3086338
31 3576 2.0 3.4407692
31 3703 5.0 4.0684423
31 3735 3.5 3.4215434
31 3793 3.0 3.2380881
31 4128 3.0 3.7651618
31 500 0.5 4.159036
31 1777 1.0 2.2796476
31 2291 3.0 4.307152
31 3623 1.0 3.6586711
31 3996 3.5 4.5438156
31 497 4.0 3.9026017
31 899 3.0 4.006917
31 914 3.0 3.899736
31 1059 2.0 3.8304935
31 1307 0.5 3.9185417
31 441 3.0 3.5729282
31 2997 3.0 3.5517483
31 3398 3.0 3.5756066
31 4306 1.0 3.676255
31 4993 0.5 4.344104
31 6250 3.0 2.6449144
31 2959 4.0 3.564087
31 6283 3.0 3.9416735
31 4310 4.0 3.5317616
31 11 0.5 3.993337
31 16 5.0 3.619478
31 47 4.0 2.9798543
31 79 0.5 3.9192083
31 170 1.0 2.5395336
31 344 0.5 2.9431484
31 494 2.0 3.612147
31 1370 1.0 3.3078992
31 1957 3.0 4.441151
31 1960 3.0 4.410344
31 2058 2.0 3.2940552
31 3723 2.0 3.498371
31 300 4.0 3.9904387
31 1084 4.5 3.926627
31 223 2.0 4.7747407
31 923 4.5 4.3795004
31 1080 5.0 3.6024256
31 1204 3.0 3.8114877
31 1248 5.0 3.8778288
31 1269 3.0 3.4759893
31 2108 3.0 4.391213
31 2871 5.0 3.5036132
31 3361 5.0 3.7373438
31 3751 3.0 4.0279922
31 3994 3.0 3.7175994
31 4226 4.0 3.9794447
31 4855 5.0 2.9763799
31 5617 3.0 3.8494437
31 5669 2.0 3.639322
31 5945 3.0 3.9466753
31 6874 5.0 2.8640575
31 7156 5.0 3.9465494
31 8622 4.5 3.7295914
31 8636 3.0 3.4587994
31 8807 4.5 3.9941485
31 32587 3.5 4.1287045
31 104 3.0 3.3265092
31 5506 3.0 3.4406083
31 673 0.5 3.4844487
31 2138 5.0 3.7089136
31 2139 4.0 3.1544492
31 4896 0.5 3.4210613
31 930 4.0 3.3733888
31 2186 4.0 3.692561
31 2202 2.0 3.6171346
31 2208 4.5 3.9469936
31 2551 5.0 3.354415
31 2633 2.0 3.2553155
31 832 2.0 4.3253655
31 107 0.5 3.8249195
31 3083 3.0 3.3434234
31 784 4.5 1.9409878
31 5630 0.5 3.6475933
31 6787 4.0 4.428211
31 1345 3.0 4.1810427
31 3208 2.0 3.453504
31 2702 5.0 2.888704
31 4351 5.0 3.4313166
31 6893 5.0 3.8592925
31 6979 2.5 3.5233307
31 2490 3.0 4.3448095
31 2072 3.0 3.486439
31 555 4.0 3.8026388
31 20 1.5 3.3993251
31 42 3.5 3.6817315
31 70 4.0 4.3694773
31 101 4.5 3.6509933
31 424 5.0 3.3567572
31 429 4.5 3.9058533
31 714 4.5 3.7074609
31 970 5.0 3.3440764
31 1015 0.5 2.7917037
31 1128 2.0 3.8846726
31 1167 0.5 3.8196433
31 1303 5.0 3.440448
31 1391 1.0 3.1171813
31 1649 4.0 4.0876174
31 1681 0.5 3.8779006
31 1694 5.0 3.628432
31 1788 4.0 3.2106245
31 1801 0.5 2.874692
31 1834 4.0 4.4065933
31 1889 5.0 3.665251
31 1916 5.0 3.6568809
31 2006 3.0 2.9525821
31 2077 2.0 3.814477
31 2372 2.0 3.3630364
31 2399 0.5 3.6501553
31 2431 0.5 3.9395764
31 2440 4.0 3.713277
31 2456 2.0 3.6690023
31 2458 1.0 3.5611742
31 2460 4.5 3.7470555
31 2511 4.5 3.3337898
31 2513 1.0 2.9385934
31 2560 4.5 3.4962013
31 2561 4.0 3.378942
31 2583 4.0 3.3462505
31 2596 2.0 3.6346312
31 2694 0.5 3.0436594
31 2729 3.5 3.4634805
31 2732 0.5 3.8963313
31 2745 3.0 3.6628115
31 2810 0.5 4.0655355
31 2924 3.0 3.227525
31 3007 5.0 3.778962
31 3120 0.5 3.6230297
31 3175 3.0 3.7824788
31 3247 0.5 3.0019794
31 3248 0.5 3.500991
31 3275 1.0 3.3137305
31 3352 4.5 3.375805
31 3429 5.0 3.830639
31 3466 0.5 3.6126018
31 3521 5.0 3.411754
31 3535 3.0 2.880219
31 3627 3.0 3.3685038
31 3633 3.0 3.6723685
31 3652 5.0 3.652205
31 3683 3.5 3.897478
31 3697 2.5 3.3716457
31 3698 1.0 2.9276543
31 3838 3.5 3.7502491
31 3840 2.0 3.773694
31 3896 5.0 3.7812748
31 4033 2.0 3.563332
31 4047 2.0 3.5379639
31 4055 0.5 3.2203147
31 4161 1.0 3.4341373
31 4215 0.5 3.496223
31 4370 3.0 3.9700408
31 4406 5.0 3.8108957
31 4433 5.0 3.0762718
31 4498 2.0 3.642105
31 4515 0.5 3.6823008
31 4574 3.0 3.304768
31 4616 3.0 3.4033842
31 4624 0.5 3.2851782
31 4645 4.5 3.7605093
31 4723 0.5 3.597601
31 4728 3.0 3.2716184
31 4842 3.0 3.4747348
31 4852 2.0 3.571936
31 4932 1.0 3.2725332
31 4956 3.0 3.7502007
31 5110 3.5 3.6591716
31 5165 2.0 3.7826498
31 5268 5.0 3.379105
31 5323 2.0 3.6725767
31 5479 4.5 3.4667516
31 5650 5.0 3.5312924
31 5666 2.0 3.727057
31 5678 3.0 3.5968368
31 5712 2.0 3.4217036
31 5956 4.0 4.2541943
31 6040 0.5 3.2624073
31 6162 4.0 3.298344
31 6166 1.0 3.5519245
31 6170 5.0 3.5762906
31 6185 3.5 3.4526372
31 6213 2.0 3.383155
31 6220 3.0 3.9825056
31 6301 5.0 3.6054857
31 6379 2.0 3.4149637
31 6395 5.0 3.452686
31 6440 5.0 3.4224753
31 6506 4.0 3.3870864
31 6567 4.0 3.6605725
31 6664 1.0 3.4889297
31 6731 5.0 3.8320804
31 6757 4.0 3.502597
31 6764 2.5 3.400545
31 6774 5.0 4.312646
31 7022 3.5 3.7943213
31 7029 5.0 3.7687113
31 7040 5.0 3.6423664
31 7104 3.5 2.8072293
31 7116 1.0 3.7946944
31 7123 4.5 3.6779137
31 7226 4.5 3.7175832
31 7236 5.0 3.0830698
31 7317 0.5 3.5356655
31 7319 4.0 3.643643
31 7325 3.5 3.5523026
31 7347 3.0 3.723533
31 7391 1.5 3.4850314
31 7410 5.0 3.3083456
31 7418 3.0 3.4295251
31 7439 2.5 3.5246167
31 7474 4.0 3.9330564
31 7484 5.0 3.2942138
31 7897 4.5 3.4763556
31 8016 4.0 3.0812218
31 8141 4.0 3.258261
31 8169 1.5 3.3844724
31 8207 4.0 3.7146928
31 8265 1.0 3.63092
31 8491 5.0 4.084509
31 8493 0.5 3.6357958
31 8746 4.0 3.660881
31 8947 4.0 3.3872292
31 26547 4.0 3.7198243
31 26840 5.0 3.5177226
31 30707 5.0 3.0240235
31 32029 2.0 3.4564283
31 33679 4.0 3.1660395
31 37386 2.5 3.3241212
31 47044 5.0 3.8318098
31 47646 4.5 3.6940403
31 48142 4.5 3.2455115
31 49272 2.5 2.3587906
31 50794 4.0 3.8800416
31 53996 4.0 3.4378052
32 1610 3.5 1.8975989
32 7153 5.0 4.499001
32 48 1.0 5.0
32 2302 3.0 4.1945367
32 4886 4.5 3.0498984
32 1225 5.0 3.5338004
32 1784 3.0 3.1926622
32 2085 2.5 3.5619438
32 4246 3.5 3.3416345
32 4896 3.0 3.0025833
32 6593 3.0 3.8964014
32 2671 3.5 3.1461978
32 6947 5.0 4.2508273
32 1298 1.0 3.7040823
32 1962 4.0 4.084284
32 2137 3.0 4.0822816
32 3066 3.0 3.6111577
32 7161 3.5 3.4364638
32 7263 4.5 3.5142853
33 1148 2.5 4.3896236
33 3114 4.0 4.360585
33 35957 2.5 3.7609603
33 38038 0.5 3.807816
34 380 3.0 3.3278625
34 442 3.0 3.0096192
34 161 3.0 3.134867
35 22 3.0 3.2446115
35 48 3.0 4.1469517
36 1127 4.0 3.243476
36 1196 3.5 2.93011
36 1265 2.0 3.8826537
36 1610 2.5 3.5645297
36 2028 4.5 4.0310116
36 2194 2.5 3.4405804
36 3408 4.0 3.4118598
36 3996 3.0 2.8056757
36 265 4.5 4.587844
36 1835 5.0 2.0664072
36 3897 3.5 2.8369892
36 4022 2.0 2.306239
36 5952 4.0 4.535597
36 7147 2.0 2.6631258
36 4886 3.5 3.415589
36 342 4.0 2.10475
36 370 1.5 3.3265326
36 1302 2.5 2.9137414
36 1408 4.0 2.6552742
36 2700 0.5 3.0896106
36 3421 0.5 3.194277
36 4034 2.0 3.0656188
36 4226 0.5 3.4686217
36 5679 3.0 3.35827
36 5782 2.0 3.483271
36 8983 4.5 3.3442552
36 3988 1.0 3.2032874
36 6377 3.0 3.3204875
36 6979 3.0 3.244211
36 1371 1.0 3.62248
36 4720 3.0 2.7700927
36 5010 5.0 3.8957777
36 33493 2.0 2.4817624
36 7254 2.5 4.2328978
36 2125 3.0 3.3961234
36 3179 4.0 2.9537454
36 6385 4.0 3.4372754
36 8010 2.5 3.0674279
36 8957 3.5 3.422459
36 8958 4.5 3.0515418
36 8970 3.5 3.214486
37 260 4.0 3.8050847
37 457 3.5 3.7364268
37 858 4.0 3.9967914
37 924 1.5 3.6233761
37 1136 5.0 4.0747733
37 1198 4.5 4.5148993
37 1219 3.0 4.442117
37 2571 5.0 4.742643
37 2948 3.0 3.5408022
37 3147 2.5 4.026803
37 3793 3.5 3.135951
37 500 3.5 2.1044073
37 1653 5.0 3.3677113
37 5299 3.5 3.2024045
37 7153 5.0 3.3391366
37 2054 2.0 2.58068
37 4993 5.0 3.3979971
37 6365 3.0 3.6303406
37 60069 5.0 4.2353754
37 4886 3.0 4.671309
37 45499 3.5 3.2768893
37 74458 3.5 3.9930482
37 586 3.5 2.1091757
37 2628 2.5 2.4314532
37 1704 4.5 3.146374
37 2502 5.0 3.6396008
37 4226 4.0 3.5944142
37 5349 4.0 3.9421387
37 6333 3.5 3.6436288
37 54503 5.0 3.841733
37 68954 5.0 4.1486917
37 69122 5.0 4.2084723
37 4980 3.5 2.9584534
37 33493 2.5 3.1776645
37 575 4.0 3.338152
37 5816 3.5 3.1209066
37 34162 4.5 3.3072224
37 68358 5.0 4.2580676
38 3793 4.0 3.650809
38 59315 4.5 3.768737
38 193 1.0 3.7419493
38 6333 4.0 4.0286655
38 1479 3.0 3.5019302
38 1882 3.5 4.1242766
38 2490 3.0 4.355026
38 48774 4.5 4.1001167
38 5903 4.5 4.419958
38 70286 4.5 4.236735
39 50 3.5 3.1806254
39 1200 1.5 2.5797796
39 1210 3.5 3.6459987
39 1527 3.0 3.8433383
39 1748 3.5 2.4333656
39 1965 4.5 1.9552468
39 2916 3.5 2.9108255
39 2294 0.5 2.9112203
39 6365 0.5 2.1049762
39 2959 4.0 4.254512
39 106696 0.5 3.3284695
39 1225 4.0 3.0441432
39 1302 3.5 2.418425
39 2502 3.5 3.2769954
39 4855 4.0 2.186709
39 919 3.0 3.2920783
39 50872 4.0 3.5566938
39 6934 0.5 2.574848
39 48394 2.5 3.483459
39 88140 1.0 2.562311
39 90469 0.5 2.6066434
39 103228 0.5 2.4143484
40 110 4.0 4.589269
40 480 4.5 3.5748148
40 1197 3.5 3.5760329
40 1240 3.0 3.745139
40 1259 3.5 4.199609
40 3578 3.5 3.1698744
40 3793 4.0 3.837243
40 1101 3.0 3.399554
40 7153 5.0 3.8037622
40 588 4.5 3.1550937
40 597 2.0 3.1089215
40 1029 3.0 3.7603853
40 1031 3.5 3.3287055
40 1059 2.5 3.8044832
40 783 3.0 3.4637709
40 4306 2.0 3.9399226
40 4993 5.0 3.910014
40 7293 2.0 3.07624
40 8961 3.5 3.712051
40 103042 4.5 3.5416348
40 108945 4.0 2.4042315
40 47 3.0 3.470619
40 208 4.0 3.368653
40 353 5.0 3.2590854
40 1682 4.0 3.9201148
40 3176 4.0 3.5131674
40 1080 3.5 2.7391398
40 3751 3.0 4.338786
40 5349 4.0 2.9977424
40 5679 5.0 4.021761
40 7361 4.0 4.095333
40 8636 3.5 3.4175613
40 673 3.5 3.774102
40 919 4.0 4.0748515
40 1588 3.0 3.583277
40 2141 3.5 3.4427273
40 6377 4.0 3.6997097
40 8360 3.0 3.184859
40 30793 5.0 3.0196927
40 35836 3.5 3.7392192
40 56367 5.0 2.8978255
40 68269 4.0 3.6050272
40 69122 2.0 4.1298976
40 671 2.5 4.184339
40 784 3.0 2.0070858
40 3081 4.5 3.6148734
40 788 2.0 3.44374
40 6264 3.0 3.2266538
40 64957 4.0 4.161119
40 101 3.5 3.6865351
40 741 2.5 3.9234746
40 1202 4.5 4.12625
40 1342 4.0 4.289722
40 2720 2.5 2.544331
40 4103 4.0 4.205915
40 4223 3.5 2.9219353
40 6242 5.0 4.20004
40 6709 3.5 3.8750885
40 7360 3.0 4.311823
40 7373 3.0 3.7500603
40 8914 3.5 4.060717
40 8644 4.0 3.5993702
40 68237 4.0 3.7716463
40 70286 4.0 3.9533055
40 7502 4.0 3.4440596
40 4270 3.0 4.6458945
40 4367 2.5 3.7003329
40 4792 3.0 3.6115587
40 6882 4.5 3.675906
40 7458 3.5 3.8394167
40 8331 4.0 3.5507283
40 8376 1.0 3.4463449
40 8972 3.0 3.5822778
40 33615 3.0 3.974876
40 33779 3.0 3.645126
40 34532 3.0 3.5601032
40 45447 3.0 3.479576
40 51562 3.5 3.4339428
40 52722 3.0 3.6815722
40 52973 4.0 3.811482
40 53125 4.0 3.6854231
40 54001 3.0 3.3937974
40 55269 4.5 3.505908
40 62912 1.0 3.605155
40 63433 5.0 3.536352
40 64575 3.0 3.6108983
40 74789 4.0 3.0614126
40 79251 2.5 3.7479856
40 79702 5.0 3.374054
40 84732 3.0 3.6150775
40 85131 4.0 3.6056695
40 87921 2.0 3.4838622
40 91500 4.0 3.0500724
40 93475 3.0 3.8388493
40 94018 2.5 3.3991404
40 94780 3.0 3.6234112
40 94813 1.0 3.3920088
40 94864 1.5 3.6734357
40 101864 4.0 3.0984654
40 106642 4.0 3.6017992
40 106920 5.0 3.5552173
41 364 5.0 4.3198504
41 595 5.0 4.321215
41 918 3.0 4.5685716
41 1028 5.0 3.3082047
41 1035 5.0 3.905762
41 1487 5.0 4.529275
41 1088 4.0 3.538146
41 107 5.0 4.577216
41 73 5.0 4.0461106
41 310 5.0 4.029431
42 593 2.0 4.1332126
42 356 4.0 4.425691
42 317 3.0 2.84622
42 300 4.0 3.5187063
42 337 3.0 2.8824131
43 292 3.0 2.7627044
43 329 3.0 3.8273964
43 194 4.0 3.6398876
43 302 5.0 3.3558726
44 110 3.0 3.992762
44 480 4.0 3.6987817
44 589 4.0 3.9924252
44 590 4.0 3.488411
44 1089 4.0 4.1336517
44 1127 4.0 3.603442
44 1196 4.0 4.272018
44 1374 3.0 3.8399854
44 1580 3.5 3.5407608
44 2571 4.5 4.01661
44 3699 3.5 3.6525922
44 5218 4.5 3.5523002
44 5299 4.0 3.5278084
44 3160 4.0 3.8869238
44 4973 5.0 4.0861483
44 2959 5.0 4.206347
44 4886 5.0 4.0301833
44 60684 5.0 2.6264098
44 72998 4.5 3.4957767
44 74458 5.0 4.500616
44 81564 4.0 3.868716
44 97913 3.5 3.9316967
44 99145 3.5 3.5497003
44 104841 4.0 3.5532217
44 109673 2.5 3.61394
44 1 3.5 4.367187
44 520 3.5 3.539353
44 551 5.0 3.781414
44 1079 3.5 3.6548805
44 2174 4.5 3.3410926
44 3448 3.0 3.4344
44 4011 4.0 4.314357
44 4034 4.0 4.1724896
44 5418 3.0 4.2909865
44 32587 4.0 4.7254415
44 145 3.5 3.4343529
44 68954 5.0 4.2867723
44 802 3.0 3.9296768
44 1207 4.0 4.1174436
44 68358 4.5 4.040874
44 48394 5.0 4.2112694
44 96079 4.0 3.4585242
44 3033 5.0 3.850133
44 80463 4.0 3.5935435
44 81847 4.0 3.7091293
44 84152 4.0 4.2266474
44 87306 3.5 3.978675
44 88744 3.5 3.7812529
44 102445 4.0 4.406896
44 47610 4.0 4.011304
44 55290 4.5 3.9360397
44 55442 4.5 4.708086
44 90430 2.5 3.4963381
44 97304 3.5 4.035718
45 589 4.0 4.000065
45 750 4.0 4.731084
45 968 4.0 3.680281
45 1206 5.0 4.901894
45 1210 4.0 4.2940426
45 1219 5.0 4.2240314
45 1265 3.0 3.2521954
45 1270 3.0 4.521274
45 1304 5.0 3.7132757
45 1805 2.0 3.4566033
45 2407 3.0 2.9556906
45 2529 4.0 3.8275712
45 2542 4.0 3.5810921
45 2858 5.0 3.9755006
45 3044 4.0 3.560227
45 552 3.0 3.1831045
45 1101 3.0 3.3737516
45 1923 3.0 4.8831153
45 2294 4.0 3.6189313
45 2396 5.0 4.3257213
45 899 4.0 4.289271
45 1282 5.0 3.7912579
45 1639 4.0 3.0413477
45 2054 1.0 2.9740665
45 2080 4.0 3.628507
45 316 3.0 2.456405
45 441 3.0 3.7095401
45 1268 4.0 3.599438
45 1288 5.0 4.1272516
45 3160 5.0 4.0297127
45 1 4.0 4.9727054
45 329 3.0 2.0390809
45 1183 3.0 4.478881
45 1293 5.0 4.1531262
45 2949 4.0 3.6732032
45 3176 4.0 3.7491748
45 194 4.0 3.9240043
45 314 3.0 3.4939046
45 1148 5.0 4.520568
45 1188 5.0 4.1865172
45 1289 3.0 4.910379
45 2174 5.0 2.4976358
45 2371 3.0 3.5070302
45 2871 5.0 3.8139908
45 3108 5.0 4.020307
45 3361 4.0 4.0610065
45 3751 4.0 4.3339963
45 4011 5.0 3.6049614
45 4027 5.0 3.9082747
45 1566 3.0 3.9014044
45 2142 5.0 2.559911
45 1924 4.0 2.9882495
45 2867 3.0 2.8420684
45 1354 4.0 3.2671602
45 327 3.0 1.3158096
45 745 5.0 4.4426394
45 849 3.0 3.5502906
45 1480 3.0 2.3396714
45 1591 3.0 3.7582245
45 3082 3.0 4.1251645
45 2686 5.0 3.8397696
45 1371 3.0 1.9933391
45 2859 5.0 3.8891387
45 2089 3.0 2.791397
45 2165 4.0 3.509834
45 2394 4.0 2.9789836
45 2926 1.0 3.8042092
45 3727 5.0 4.727846
45 1298 5.0 3.9951591
45 2137 3.0 3.0958776
45 2161 3.0 2.5433247
45 4016 3.0 3.988868
45 271 4.0 3.6144783
45 290 4.0 3.5402925
45 1185 4.0 3.9161503
45 1306 4.0 3.5894542
45 1366 3.0 3.6962864
45 2005 2.0 3.9826398
45 2114 4.0 3.9078524
45 2145 3.0 3.481876
45 2179 4.0 3.7647915
45 2263 4.0 3.3667383
45 2390 4.0 3.666986
45 2468 3.0 3.5861487
45 2471 3.0 3.7215147
45 2574 2.0 3.7000356
45 2872 4.0 3.5334451
45 3163 5.0 3.7144485
45 3852 3.0 3.6575408
45 3863 5.0 2.799432
46 1198 4.0 3.978378
46 1215 4.0 4.481256
46 1356 5.0 4.260121
46 1805 3.0 3.2982714
46 3273 3.0 3.4598536
46 3578 4.0 4.042947
46 2617 4.0 4.4744205
46 3408 4.0 3.8729792
46 3623 4.0 3.9802954
46 3751 4.0 4.3807673
46 1339 4.0 3.4125786
46 1717 3.0 3.4665465
46 3717 5.0 4.2431726
46 3615 4.0 3.5147138
46 3624 4.0 3.8300757
46 879 2.0 3.848157
46 2120 3.0 3.682524
46 2338 3.0 3.2787042
46 2891 3.0 3.8165286
46 2995 2.0 3.2471132
46 3755 4.0 3.8959382
46 3785 4.0 3.6973348
46 3861 4.0 3.7356198
47 592 4.0 3.2151005
47 349 4.0 3.4982474
47 339 3.0 3.268793
47 10 3.0 3.398431
47 434 3.0 2.1683102
47 161 4.0 3.3998938
48 480 5.0 3.819325
48 589 5.0 3.232501
48 1196 5.0 4.1644707
48 1270 5.0 3.4237134
48 1580 5.0 4.210129
48 1610 4.0 4.6272798
48 2011 5.0 4.1899276
48 2571 5.0 4.61125
48 2692 5.0 4.326612
48 2987 4.0 4.1779914
48 3578 5.0 4.6401963
48 3827 3.0 2.981886
48 4105 3.0 4.7103424
48 736 4.0 2.7703846
48 1584 4.0 3.705239
48 1923 4.0 3.5949266
48 3623 4.0 3.9515991
48 5 4.0 3.7172425
48 48 3.0 3.0235143
48 597 3.0 3.0840414
48 2054 4.0 2.456108
48 2080 2.0 3.6159055
48 316 4.0 3.3432667
48 783 3.0 3.5282428
48 2100 3.0 3.3957958
48 3398 3.0 4.1517253
48 2959 5.0 4.70035
48 2762 5.0 3.7136068
48 158 4.0 3.4999285
48 160 4.0 3.4836113
48 196 5.0 4.0152116
48 317 4.0 3.540503
48 442 5.0 3.1051652
48 539 2.0 2.8311968
48 1438 4.0 2.88004
48 1552 4.0 2.2841477
48 1608 5.0 3.7273285
48 1274 5.0 4.4484773
48 3751 3.0 4.4448357
48 4226 5.0 4.306929
48 19 5.0 3.2124915
48 585 4.0 3.5880427
48 1367 2.0 3.4135997
48 1588 3.0 3.8155243
48 2018 2.0 4.278933
48 2078 3.0 3.8631806
48 2354 1.0 3.7144566
48 4896 5.0 3.3084812
48 256 3.0 3.4293628
48 1690 5.0 3.9277954
48 2501 4.0 4.3829446
48 1544 4.0 3.02223
48 2723 4.0 3.4817853
48 709 3.0 3.5251305
48 1015 4.0 3.376869
48 1017 4.0 3.5755568
48 1025 4.0 3.7086198
48 1920 3.0 3.2413447
48 2394 3.0 3.4287233
48 4447 3.0 3.045076
48 3977 3.0 4.4658895
48 543 4.0 3.3998032
48 4016 5.0 4.2819176
48 4366 4.0 3.823609
48 2471 4.0 3.7778747
48 3755 2.0 3.8307946
48 60 3.0 3.7673397
48 169 2.0 3.9123108
48 248 3.0 3.670725
48 558 3.0 3.7927165
48 637 4.0 3.5802178
48 801 2.0 3.6785629
48 1495 2.0 3.8142574
48 2296 3.0 3.750604
48 2453 3.0 3.8447893
48 3159 3.0 3.456873
49 2719 2.0 2.9487202
49 2722 2.0 3.825734
49 3016 3.0 2.989693
49 3863 3.0 2.5415676
49 3453 2.0 3.564796
50 2529 5.0 3.7235768
50 2542 3.5 3.4536111
50 2081 3.5 3.848156
50 2683 5.0 4.3750668
50 4306 5.0 4.28321
50 4886 5.0 4.5607467
50 6377 4.5 3.94762
50 5378 4.5 3.9073792
50 4161 4.5 3.5366802
50 4728 3.0 4.0191097
50 2470 3.0 4.087005
50 3156 3.0 4.1937165
50 3157 4.5 3.6756094
50 3159 3.5 3.67999
50 2539 2.5 3.3617432
51 350 4.0 2.232533
51 527 5.0 3.3614628
51 1197 5.0 4.6180286
51 1215 4.0 4.49585
51 1754 3.0 2.5428371
51 2580 4.0 3.4057422
51 2712 3.0 4.258263
51 3996 5.0 5.0
51 595 4.0 3.3701985
51 1059 4.0 4.035786
51 2096 4.0 3.9228203
51 1644 1.0 3.261333
51 2719 1.0 3.3743708
51 2762 4.0 3.7738073
51 1060 3.0 2.6116126
51 1921 5.0 4.6328773
51 2174 4.0 2.924621
51 4226 5.0 3.9254947
51 919 3.0 3.7478828
51 4039 3.0 3.3278315
51 3081 2.0 3.560929
51 2710 4.0 3.015094
51 3005 3.0 3.945867
51 3203 4.0 3.606324
51 4239 3.0 4.061537
51 2324 5.0 3.2288816
51 2336 5.0 3.8765643
51 3755 3.0 3.7843697
51 213 5.0 3.4796598
51 662 3.0 3.289074
51 1330 1.0 2.286343
51 2369 3.0 2.4364958
51 3993 4.0 3.3503983
51 4712 3.0 3.5854719
52 541 4.5 3.6370196
52 1097 4.5 2.287939
52 1210 4.0 3.744089
52 1321 3.5 3.7691169
52 1407 2.0 2.5387166
52 1982 4.0 3.1831844
52 1997 5.0 3.3676744
52 2003 3.0 2.174795
52 2012 3.0 1.6436458
52 2532 3.0 2.6975324
52 2553 3.0 2.7817326
52 2716 3.0 2.2869759
52 3471 4.0 2.7358985
52 3576 1.5 2.6861622
52 3703 4.0 3.7688289
52 4105 5.0 3.5510674
52 196 2.5 2.281458
52 2021 1.5 2.7950714
52 2797 1.0 2.8466206
52 8636 4.5 2.5656369
52 1917 0.5 1.7139252
52 1348 3.0 3.3529017
52 2488 3.0 2.7283366
52 2531 3.0 2.31356
52 832 3.0 3.4717746
52 4878 2.5 2.6791093
52 3081 4.0 2.7536938
52 273 2.5 2.2982523
52 1339 2.0 2.7854056
52 1717 2.0 2.1455197
52 1973 2.5 3.1156206
52 1974 4.0 2.5324764
52 2614 1.5 2.096048
52 2902 3.5 2.339004
52 2004 3.0 2.1747901
52 3959 3.5 2.9007912
52 426 3.5 2.6379063
52 1175 4.0 3.5477667
52 1327 3.0 2.2123976
52 1342 4.0 3.0177171
52 2119 2.5 2.5636058
52 2315 2.5 2.7840092
52 2328 3.5 3.0259414
52 2377 3.5 2.6483028
52 2456 3.0 2.801487
52 2459 4.5 3.172154
52 2513 2.5 1.6807289
52 2517 3.5 2.9021122
52 2606 3.0 3.0824118
52 3535 0.5 1.7808102
52 4735 3.5 3.0487313
52 4852 2.0 2.6042993
52 4865 3.0 2.9134884
52 5105 3.5 2.2283983
52 5219 3.5 3.0393083
52 5323 3.0 2.7006135
52 5609 3.5 2.46852
52 5853 4.0 3.1045346
52 5891 3.0 2.2981691
52 6040 3.5 2.6807787
52 6379 2.5 2.7050629
52 6615 3.0 2.8579175
52 26285 3.0 2.6355402
52 2148 2.0 2.389209
52 799 2.0 2.7006843
52 2338 3.0 1.9253715
52 2995 3.5 2.2269278
52 1991 3.0 2.255786
52 220 3.0 2.663803
52 1168 1.0 2.8540697
52 1232 2.5 2.7468317
52 1255 3.0 2.9700716
52 1977 2.5 2.8094468
52 1978 2.5 2.8967073
52 2113 2.5 2.9196813
52 2367 3.0 2.9692
52 2451 2.0 3.0750194
52 2530 3.5 2.7647183
52 2613 2.5 2.7522871
52 2668 2.0 2.7810895
52 2754 2.5 2.892542
52 3205 4.5 2.8499043
52 3216 2.5 2.669293
52 3485 2.5 2.8243027
52 3563 2.0 2.855659
52 3664 1.5 2.6227782
52 3708 2.5 2.6854134
52 3981 3.0 2.7666996
52 4143 3.0 2.8222797
52 4222 2.0 2.5426478
52 4266 2.0 2.6955278
52 4560 3.0 2.693614
52 4561 2.5 2.7237144
52 4580 3.0 2.6232991
52 4618 1.5 2.5625663
52 4658 4.0 2.6142068
52 4685 2.0 2.7604976
52 4812 3.5 2.5265086
52 4839 2.5 2.68419
52 5310 1.5 2.8907833
52 5410 3.5 2.7227073
52 5555 4.0 2.890232
52 5567 2.5 3.01231
52 5592 2.0 2.6421695
52 5738 0.5 2.6128068
52 5754 2.5 2.5797148
52 5774 2.0 2.8447661
52 5779 2.5 2.738349
52 5797 1.0 2.9269826
52 5884 3.0 3.0378785
52 6746 2.0 2.94593
52 6888 1.0 2.582721
52 7115 5.0 2.8811572
52 7564 4.0 2.7817593
52 7636 2.5 2.8587584
52 7646 2.5 2.7104414
52 7984 3.5 3.1327956
52 7991 4.0 2.73958
52 8369 0.5 3.0486116
52 8482 2.0 2.7021065
52 8507 3.5 2.7026174
52 8855 1.0 2.7225168
52 8861 2.5 2.8169131
52 8906 3.0 2.9460168
53 2028 5.0 2.5185823
53 2713 2.0 2.4837074
53 3578 5.0 3.7012188
53 2706 4.0 2.7726142
53 3175 2.0 3.690807
53 3977 4.0 2.5248337
53 3863 4.0 2.4286177
53 2826 4.0 3.0719497
53 2995 1.0 2.3365686
53 2597 3.0 2.9871044
54 1215 5.0 3.7683594
54 2571 4.0 4.208873
54 163 4.0 3.5065043
54 58559 4.0 4.607446
54 44 0.5 4.031371
54 3198 5.0 4.209945
54 4011 4.5 3.9332912
54 531 0.5 4.2057595
54 56174 4.5 2.7337682
54 3535 4.0 3.3057363
54 8253 3.5 4.1516304
54 55118 5.0 4.271495
54 3638 3.5 3.9235961
54 3461 3.5 3.8982954
54 48872 4.5 3.2712228
54 50851 4.0 3.8409593
54 56171 2.5 3.5542893
54 56339 4.0 3.5352938
54 62203 5.0 3.593735
54 74228 3.5 3.2443886
55 260 3.0 4.95007
55 913 4.0 4.8343196
55 2067 5.0 4.822597
55 588 5.0 4.295629
55 918 5.0 4.9226475
55 1282 5.0 4.1091304
55 969 5.0 4.032254
55 2075 5.0 4.066895
55 2398 5.0 3.5846455
55 3251 4.0 4.331809
55 971 5.0 4.67128
55 1913 5.0 4.535144
55 4427 5.0 4.271808
56 1262 5.0 4.639461
56 1249 5.0 5.0
56 1230 4.0 4.2671814
56 1247 4.0 4.41743
56 16 3.0 3.1294665
56 1148 5.0 4.2208734
56 1641 3.0 4.0822883
56 1945 3.0 4.5763125
56 919 5.0 4.5247865
56 1267 5.0 4.1612806
56 2863 4.0 4.4112334
56 2324 4.0 2.790638
57 4014 4.0 3.6584952
57 1608 4.0 3.6091316
57 2150 4.0 3.4862573
57 2763 2.0 3.1766303
57 2993 3.0 3.2708828
57 8665 4.0 3.7753832
57 1344 0.5 3.4759104
57 4361 1.5 3.2216702
57 8533 4.5 3.1918302
58 608 3.0 4.4109693
58 1573 3.0 2.5892158
58 1485 3.0 2.2306936
58 79 3.0 4.276414
58 95 4.0 3.551336
58 1544 4.0 2.8036447
58 800 4.0 3.879202
58 801 3.0 3.6269536
58 100 4.0 3.2198782
58 719 3.0 3.5840802
59 750 4.0 3.9148064
59 3897 4.0 3.3876095
59 1093 4.0 2.3270857
59 4228 2.0 3.7070572
60 260 4.5 4.636031
60 1129 3.5 4.167538
60 1208 5.0 3.6921582
60 3949 2.0 4.9756384
60 4993 4.5 4.2754655
60 2019 5.0 4.0578833
60 3552 4.0 4.2321553
60 4226 3.5 4.4931164
60 4979 4.0 4.3990035
60 5618 4.0 4.7400403
60 111 4.5 3.3359065
60 31410 4.5 3.832839
60 1339 4.5 3.4380457
60 2859 3.5 4.553981
60 2905 4.0 4.5759587
60 3030 4.5 4.6731725
60 3730 5.0 4.3706512
60 3809 4.0 3.8316488
60 4378 5.0 4.2989416
60 5853 4.0 4.2522483
60 7123 4.0 4.293248
60 2324 4.0 3.888756
60 68157 5.0 4.5954337
60 2330 3.5 4.196278
60 3040 3.5 3.9613042
60 26729 4.5 3.9329877
60 62437 4.5 4.1798415
60 69640 4.5 3.7050834
60 69849 4.0 3.805038
61 110 3.0 4.847614
61 497 5.0 3.747965
61 708 3.0 3.832423
61 345 5.0 3.78023
61 613 5.0 4.090679
61 282 3.0 4.1766253
61 454 3.0 3.9988852
61 471 4.0 3.5560355
61 52 4.0 3.9012787
61 805 3.0 3.96822
61 515 5.0 4.6144953
61 628 4.0 3.7546465
61 788 1.0 3.8726523
61 707 4.0 3.6479712
62 527 4.5 2.5885065
62 1304 3.0 2.9755788
62 1968 3.0 3.7843106
62 16 4.0 3.5052273
62 342 3.5 1.987083
62 919 5.0 2.9164622
62 2355 4.0 3.348401
62 4995 3.0 3.6207657
63 1199 4.0 4.757452
63 1201 4.0 3.8287356
63 1276 4.0 4.17813
63 1387 4.0 3.1016085
63 1909 4.0 3.452563
63 5060 3.0 3.23361
63 1307 3.0 3.740938
63 1131 4.0 4.245034
63 1172 4.0 3.8174086
63 1225 4.0 3.943987
63 1674 3.0 3.5549576
63 1080 3.0 3.7359715
63 1193 4.0 4.012662
63 2013 2.0 3.7085547
63 1207 5.0 3.4687145
63 1303 4.0 3.685782
63 2006 3.0 3.0640948
63 680 4.0 3.9481652
63 1952 4.0 4.0168896
63 1173 4.0 3.8433368
63 1419 4.0 3.7757046
63 1948 3.0 3.9117036
64 46976 4.5 4.0598245
65 1200 4.0 4.782248
65 2791 4.0 4.176405
65 3363 2.0 3.0287688
65 1459 3.0 3.1559372
65 2094 2.0 2.9180472
65 5049 4.5 3.5998676
65 8169 2.0 2.9609323
65 4792 3.0 2.986603
65 720 1.0 3.9201164
65 2311 3.0 3.1687286
65 2522 2.0 3.1798575
65 3206 3.0 2.9881787
65 5136 4.0 3.2099042
65 6658 1.0 2.8664298
65 53207 3.0 2.9630506
65 80350 0.5 2.827876
66 32 5.0 3.7757282
66 457 5.0 3.725
66 592 2.0 3.5777566
66 47 5.0 3.3635933
66 112 5.0 3.25846
66 172 4.0 3.7239604
66 185 3.0 4.0148463
66 204 3.0 3.537792
66 208 3.0 3.6852825
66 442 4.0 3.221859
66 733 4.0 5.0
66 145 4.0 3.053965
66 519 2.0 2.4695034
66 239 3.0 3.8308527
67 527 4.0 4.7088485
67 377 3.0 3.3692539
67 329 4.0 2.3855526
68 1089 4.0 3.8108246
68 1805 4.0 3.7094798
68 1721 3.0 1.7724847
68 2291 3.0 4.0496526
68 1682 4.0 4.3961453
68 508 4.0 4.0596595
68 1641 4.0 4.3585196
68 1784 5.0 3.9032152
68 2393 4.0 3.8593616
68 1233 5.0 5.0
68 73 4.0 3.9147263
68 1888 2.0 1.633606
69 590 4.0 4.8917365
69 1208 5.0 4.5141497
69 1240 5.0 4.894124
69 1333 5.0 5.0
69 1732 4.0 5.0
69 2948 5.0 4.035076
69 2985 5.0 4.119216
69 3362 5.0 4.2831416
69 3471 4.0 4.139096
69 899 5.0 5.0
69 2997 5.0 4.5840545
69 3503 5.0 3.5468287
69 1090 4.0 3.9671488
69 1411 5.0 4.678982
69 3072 5.0 3.8274353
69 1248 4.0 4.288008
69 1641 5.0 4.5602174
69 3253 5.0 4.3985
69 904 5.0 4.6284347
69 910 5.0 3.2828617
69 1250 5.0 4.857557
69 2023 4.0 4.271115
69 1235 5.0 3.897786
69 659 5.0 4.602284
69 1233 5.0 4.9498606
69 2064 5.0 4.61387
69 3384 5.0 3.9648411
69 4329 4.0 4.631571
69 4624 5.0 3.9728947
69 4321 3.0 3.8095493
69 1594 5.0 4.1792855
69 971 5.0 4.4735646
69 4424 5.0 4.765313
69 702 5.0 3.8023608
69 909 5.0 4.447832
69 728 5.0 3.9859192
69 937 5.0 4.374736
69 1904 5.0 3.9189508
69 2131 5.0 4.3066587
69 3134 5.0 4.2109356
69 3473 5.0 4.8929286
69 3655 5.0 4.1390204
69 4179 5.0 4.2325635
69 4331 4.0 4.1308436
69 4334 4.0 4.3207583
69 6460 5.0 4.230715
70 750 4.0 4.1821203
70 1097 4.0 4.373925
70 1197 5.0 4.937327
70 1220 5.0 3.663626
70 1259 5.0 4.5156837
70 1527 5.0 5.0
70 2268 4.0 3.4749248
70 2580 5.0 3.751696
70 2692 5.0 4.5249443
70 3147 5.0 4.3806243
70 3471 4.5 2.4332817
70 3578 3.5 3.6059432
70 4128 5.0 4.5290112
70 953 3.5 2.6256294
70 1275 5.0 4.4100175
70 1375 4.0 3.2267506
70 1653 4.5 2.97952
70 2291 4.0 3.8314974
70 2406 5.0 3.4663334
70 2712 3.5 3.6542113
70 356 2.0 3.9197116
70 588 4.0 4.0694857
70 934 4.0 3.5046792
70 180 4.0 4.277039
70 316 5.0 3.502814
70 1246 4.0 4.307865
70 2683 5.0 4.1894894
70 4973 4.5 4.492054
70 4886 4.5 4.214065
70 47 4.0 5.0
70 170 4.0 2.7011223
70 353 3.5 3.4450743
70 471 4.5 3.8113189
70 529 4.0 4.108145
70 1088 3.5 3.2332928
70 1302 3.0 3.5910308
70 1552 4.0 2.9050612
70 2150 4.0 4.038804
70 2353 4.0 3.390193
70 2628 3.0 2.6993837
70 1231 4.5 3.9617562
70 1704 4.5 3.5977292
70 2700 3.5 4.1743374
70 4011 4.0 4.4238505
70 4226 5.0 4.2178435
70 5349 3.5 4.4115505
70 8874 5.0 3.8841515
70 5459 3.0 4.0339575
70 6377 4.0 4.0302677
70 253 5.0 3.2460356
70 1690 3.5 3.8311732
70 2528 5.0 4.165644
70 2657 4.0 3.9584765
70 327 3.0 3.276697
70 786 3.0 3.655048
70 724 4.0 3.448174
70 6979 5.0 4.1306458
70 2490 4.0 4.4318233
70 2723 3.0 3.4931166
70 1222 4.5 3.441889
70 1801 4.0 3.8224428
70 2420 4.0 3.4485025
70 3697 3.5 3.97789
70 4019 4.0 4.389403
70 6378 4.5 3.9804075
70 30707 4.0 4.4410577
70 4447 4.0 3.516751
70 5816 4.0 3.6511352
70 45722 3.0 3.679127
70 2193 4.0 3.7968285
70 31658 5.0 4.7295732
70 37729 4.0 4.315841
70 1077 3.5 2.8307362
70 3785 4.0 3.2365618
70 880 3.5 3.6408284
70 1911 3.0 3.3331742
70 2572 4.0 3.2729936
70 2046 3.0 3.5148714
70 4642 5.0 3.951428
70 37857 5.0 4.1724997
70 47952 3.5 4.0426
71 4993 5.0 3.6945229
71 1416 4.0 3.0743737
71 2501 3.0 4.917759
71 3555 1.0 4.559477
72 110 3.0 4.7753863
72 457 3.0 3.891981
72 913 4.0 3.3749578
72 1200 4.0 3.3070455
72 1266 4.0 3.9078293
72 1276 4.0 3.0588136
72 1617 5.0 3.8683667
72 953 3.0 2.8417974
72 899 5.0 3.4219186
72 928 4.0 3.9335017
72 1288 4.0 3.7341485
72 319 3.0 3.845524
72 475 4.0 4.227743
72 223 3.0 3.447469
72 1224 4.0 3.8779874
72 1248 4.0 3.8625038
72 903 2.0 3.8151958
72 800 4.0 3.876503
72 950 4.0 3.258997
72 940 4.0 3.2578452
72 1226 4.0 3.1117308
73 32 4.5 2.7918572
73 7293 1.5 2.8599005
73 51662 4.0 3.6464593
73 529 3.0 3.8065486
73 2150 4.0 2.4612656
73 2329 3.0 3.5893223
73 19 1.5 3.2480018
73 2792 3.5 2.9301019
73 92192 1.5 3.064013
73 3155 3.5 3.125402
73 2117 4.0 3.3776243
73 4467 4.0 3.3961902
73 4748 0.5 3.6304286
73 4749 0.5 3.5358353
73 6287 2.0 3.5059023
74 318 5.0 4.6834884
74 527 5.0 5.0
74 590 4.0 3.582861
74 830 3.0 4.927797
74 1183 5.0 4.7999387
74 515 5.0 4.515661
74 1399 4.0 3.9204059
74 55 4.0 3.6926389
75 32 3.0 3.8766556
75 110 1.0 3.8130987
75 260 3.0 5.0
75 480 3.0 3.359763
75 541 4.0 4.207029
75 608 3.0 3.919976
75 924 3.0 4.3798723
75 1073 4.0 3.1637235
75 1092 1.0 3.3402367
75 1097 3.0 2.3801422
75 1136 3.0 4.860265
75 1220 3.0 3.7361155
75 1387 3.0 4.192324
75 1394 3.0 3.379408
75 349 2.0 3.481129
75 39 3.0 2.6384153
75 588 3.0 3.3000267
75 594 3.0 2.3732007
75 1285 3.0 4.1837826
75 1296 3.0 2.813343
75 1246 3.0 3.493077
75 1288 4.0 4.206427
75 11 3.0 4.1775446
75 112 3.0 2.533729
75 208 2.0 3.6605859
75 344 3.0 2.9585083
75 509 5.0 4.117416
75 1408 3.0 3.535124
75 14 3.0 3.9824355
75 25 3.0 3.824304
75 161 3.0 3.2262306
75 246 5.0 4.156337
75 314 3.0 3.5815442
75 534 3.0 3.4871805
75 923 4.0 4.1433334
75 1120 4.0 3.2002785
75 1171 3.0 3.7419593
75 1248 3.0 4.02451
75 28 5.0 3.593803
75 531 3.0 4.0101285
75 1212 4.0 4.182676
75 1047 2.0 2.980289
75 111 3.0 3.1254466
75 848 3.0 3.3565803
75 159 3.0 4.0256023
75 1011 3.0 2.8062332
75 1013 2.0 2.684454
75 720 5.0 4.090526
75 1211 4.0 4.112981
75 1295 5.0 3.477542
75 1366 3.0 3.6106565
75 1466 3.0 3.4427986
75 213 4.0 3.488881
75 43 3.0 3.8782938
75 1244 3.0 4.528108
75 125 3.0 3.5691025
75 668 4.0 3.5375595
75 1104 4.0 3.7224376
75 148 3.0 3.322969
75 211 3.0 3.4539604
75 373 2.0 3.2992353
75 650 3.0 3.2409644
75 949 4.0 3.816606
75 1414 3.0 3.3671432
76 3793 3.0 2.5585096
76 58559 4.0 3.7089117
76 106072 2.0 3.4123497
76 112852 5.0 3.4357283
76 115617 3.5 3.8868086
76 4226 4.5 3.877699
76 110102 4.5 3.8701653
77 50 4.5 4.6973724
77 110 4.0 4.831892
77 527 4.5 4.816979
77 541 3.0 3.865273
77 593 4.0 4.4536257
77 1196 4.0 3.8139179
77 1210 3.5 4.893752
77 1221 4.5 4.3941455
77 1876 3.0 3.3720493
77 2529 2.5 3.4848638
77 356 5.0 4.584274
77 1263 4.5 4.5484347
77 2002 2.0 3.7225902
77 2150 4.5 3.7551904
77 4027 4.5 4.044412
77 4226 4.5 4.529858
77 2355 3.5 4.212398
77 207 3.0 3.6174672
77 5878 5.0 3.8192818
77 5010 3.0 4.428409
77 2324 4.5 2.8971012
77 307 4.5 4.824584
77 2540 2.0 3.8899205
77 2621 4.0 3.9024787
78 50 4.5 4.4436245
78 1089 3.5 3.9572682
78 1136 4.0 3.9436002
78 7153 4.5 4.3529963
78 4014 4.0 3.6067746
78 4973 5.0 3.9544966
78 51662 4.0 3.9303827
78 8961 1.0 3.443032
78 74458 4.0 4.40711
78 89745 3.0 4.0811205
78 778 3.0 3.5240068
78 8874 3.0 3.8134973
78 5890 4.0 3.6037319
78 6377 4.5 3.2904665
78 6502 1.5 4.0503774
78 50872 3.0 3.9444163
78 67734 3.5 2.6709287
78 2105 2.5 3.8072171
78 4235 3.5 3.6282861
78 4878 4.5 4.13214
78 54995 3.5 4.1815057
78 741 2.5 3.4060302
78 1884 5.0 3.6959174
78 3175 2.0 4.159218
78 4873 5.0 3.4069526
78 8917 2.0 2.996555
78 40815 3.5 3.6134603
78 68358 3.0 4.0504837
78 27904 2.5 3.6320274
78 52281 4.5 3.6217778
78 3581 3.0 3.6606877
78 31658 3.0 4.2284713
78 37729 4.0 3.8779688
78 58998 3.5 4.085217
78 82459 4.0 3.511774
78 73017 3.0 3.516359
78 72737 4.5 4.676009
78 6344 4.5 3.403624
78 6350 4.0 3.5979848
78 6935 3.0 3.7488654
78 7976 4.0 3.6079965
78 32562 4.5 3.4104145
78 33880 2.5 3.3637404
78 36517 5.0 3.3492138
78 47491 4.0 3.562587
78 55814 3.0 3.4267879
78 59387 3.5 3.7441895
78 71108 3.0 3.447777
78 74668 4.0 3.5211866
79 590 3.0 2.9645908
79 1196 5.0 3.6500022
79 1199 3.0 4.363259
79 1208 5.0 4.2718325
79 1219 4.0 4.13374
79 1221 4.0 2.8170807
79 1242 4.0 2.8070078
79 2478 3.0 2.8836246
79 2571 4.0 4.2622614
79 2987 2.0 4.0887375
79 1721 1.0 2.7540963
79 497 5.0 3.6642008
79 1059 4.0 2.7973242
79 344 2.0 2.8642495
79 1090 2.0 3.1110551
79 1172 5.0 3.5263038
79 1272 4.0 3.5551383
79 2797 3.0 3.2808852
79 508 4.0 3.6114461
79 923 5.0 4.1129284
79 1704 5.0 3.3585162
79 2371 4.0 3.302778
79 912 5.0 4.0124984
79 26 4.0 3.2288015
79 2105 3.0 3.5458252
79 1694 4.0 3.120682
79 2420 1.0 2.6695604
79 2324 5.0 2.7488992
