1 6 2.0 3.417969
1 22 3.0 2.992233
1 296 4.0 3.3795924
1 318 3.0 4.477478
1 431 2.0 3.3176475
1 590 2.0 3.228787
1 592 3.0 3.336716
1 593 5.0 3.651389
1 750 3.0 3.7769027
1 780 5.0 3.4487147
1 1092 3.0 3.5470483
1 1129 5.0 3.3646388
1 1136 4.0 3.2498946
1 1197 4.0 4.596741
1 1198 5.0 4.134448
1 1214 3.0 4.4775457
1 1220 4.0 3.5332384
1 1227 3.0 4.1975455
1 1240 5.0 3.9999704
1 1259 3.0 3.9217231
1 1265 4.0 3.4266071
1 1358 3.0 3.955017
1 1374 3.0 2.3404539
1 1376 3.0 3.2475243
1 1378 3.0 2.8189428
1 1500 4.0 4.2622995
1 1527 3.0 4.827677
1 1589 3.0 3.319917
1 1597 3.0 2.735314
1 1610 3.0 1.8623947
1 1689 3.0 2.8546088
1 1748 2.0 3.3697264
1 1965 3.0 3.0181122
1 1994 5.0 3.1338694
1 2000 4.0 3.311951
1 2009 5.0 3.1314557
1 2011 4.0 2.5931535
1 2028 3.0 4.3498125
1 2248 2.0 3.4218717
1 2288 3.0 4.011776
1 2401 4.0 2.9867306
1 2467 3.0 3.48211
1 2478 1.0 2.6448898
1 2916 5.0 3.696433
1 2944 4.0 3.8637223
1 2947 4.0 3.5636985
1 2951 5.0 4.0237336
1 2987 3.0 2.578617
1 3044 4.0 3.4231653
1 3147 4.0 3.4567993
1 3272 1.0 3.199504
1 3543 3.0 3.107039
1 3551 5.0 3.2142537
1 3681 5.0 3.9863963
1 4105 5.0 3.6784043
1 4132 3.0 3.3491302
2 858 4.0 5.0
2 1625 5.0 3.940802
2 1275 5.0 4.7849126
2 2053 3.0 3.5439305
2 2067 5.0 4.437754
2 2294 5.0 3.044561
2 2396 4.0 4.080303
2 3408 3.0 3.7876751
2 3996 3.0 4.8666563
2 5218 4.0 3.5542696
2 5299 4.0 3.9262388
3 260 5.0 4.1200676
3 1073 5.0 2.9096887
3 34 5.0 3.5501578
3 364 5.0 3.6691194
3 17 4.0 3.518827
3 261 5.0 3.9148216
3 377 5.0 3.055612
3 440 4.0 3.225198
3 497 5.0 3.275228
3 1024 4.0 3.614797
3 1029 5.0 4.6232452
3 1285 3.0 5.0
3 1307 5.0 4.6895823
3 1380 5.0 4.1962304
3 1457 4.0 3.9918103
3 1485 2.0 2.1455367
3 1487 5.0 4.154339
3 1951 3.0 3.7107806
3 2014 4.0 3.8036456
3 2038 3.0 3.0760217
3 2054 3.0 2.165192
3 2080 4.0 3.9560878
4 750 4.0 2.8919904
4 1270 3.5 2.2644725
4 2529 2.5 3.9508235
4 920 4.5 3.2382317
4 1285 4.0 4.6876764
4 62 4.5 3.6450357
4 1288 3.5 4.0561957
4 1499 2.0 2.50179
4 1644 2.0 2.8263159
4 1678 4.0 3.919709
4 3160 4.0 3.8946438
4 3481 3.0 3.932981
4 4022 2.5 2.9161885
4 4643 2.5 3.1704857
4 6250 1.0 3.179189
4 6565 4.0 4.150522
5 318 3.5 4.0743775
5 916 3.0 3.1067097
5 5570 5.0 2.902273
5 6283 2.0 3.363108
6 364 4.0 3.06013
6 1721 4.0 3.3061092
6 4306 3.5 3.9711185
6 2762 3.5 3.4906323
6 72998 4.0 2.429847
6 81564 3.5 3.0156264
6 82169 3.0 3.0635982
6 89480 2.5 3.2002747
6 89745 4.0 3.08477
6 92507 3.5 3.0602334
6 93326 4.0 3.0768826
6 97462 3.5 2.95087
6 97938 3.5 3.1854131
6 99787 0.5 3.2218678
6 102481 3.5 3.14345
6 103141 4.0 3.04033
6 103372 3.5 3.103242
6 106002 3.5 3.024973
6 106487 3.5 3.0872076
6 111249 3.5 3.3326006
6 111617 3.5 3.1729372
6 114935 2.0 3.2654443
6 115170 5.0 3.201535
6 116797 3.5 2.8755202
6 117590 1.5 3.0850184
6 117851 2.5 3.1525013
6 118760 3.5 3.0777595
6 119948 2.5 3.351218
6 120825 1.5 3.27342
7 457 4.0 4.575754
7 364 5.0 4.3727455
7 39 4.0 2.969302
7 48 3.0 3.1543667
7 266 3.0 4.3038583
7 339 5.0 3.7618856
7 597 3.0 3.8506105
7 10 4.0 4.5432134
7 21 3.0 3.6218486
7 95 5.0 3.2651682
7 172 4.0 4.0491447
7 227 3.0 3.833561
7 230 4.0 3.5388398
7 277 4.0 3.6638715
7 282 5.0 3.657094
7 292 4.0 3.2507265
7 293 4.0 4.1074376
7 343 3.0 4.158377
7 353 4.0 3.174713
7 368 4.0 3.5862389
7 380 4.0 4.3501973
7 381 4.0 4.077298
7 419 4.0 4.2618318
7 475 5.0 4.5183516
7 494 4.0 4.085457
7 509 4.0 4.525289
7 520 4.0 3.8040054
7 587 3.0 3.6385405
8 541 4.0 3.8738143
8 593 5.0 5.0
8 608 4.0 3.6352813
8 1092 4.0 3.141575
8 1527 3.0 3.8997843
8 1909 5.0 4.66635
8 2529 4.0 3.321518
8 2858 4.0 3.124257
8 2916 2.0 4.5185685
8 2944 5.0 4.284389
8 2948 4.0 3.3820624
8 2997 2.0 2.8843195
8 40 4.0 3.7220173
8 1090 4.0 3.8468235
8 1131 3.0 3.968635
8 1132 4.0 3.8501458
8 1293 5.0 3.452391
8 1299 5.0 3.7282746
8 1682 4.0 3.4582617
8 1687 5.0 3.0652363
8 1693 3.0 3.8616183
8 1957 5.0 4.357323
8 2020 4.0 3.6978035
8 2352 4.0 3.672904
8 2949 4.0 3.951881
8 3072 2.0 4.021722
9 6 3.0 4.3462353
9 110 5.0 4.3052344
9 432 3.0 3.24758
9 457 4.0 4.1415443
9 590 5.0 3.6658502
9 500 3.0 3.4165952
9 339 4.0 4.0477047
9 356 3.0 4.1133437
9 594 3.0 3.8966863
9 21 5.0 3.452903
9 47 3.0 4.324254
9 150 4.0 3.658455
9 237 4.0 3.8674428
9 380 3.0 3.7633183
9 454 5.0 3.3482661
9 471 3.0 3.6950107
9 485 3.0 3.5965319
9 587 5.0 3.735026
9 25 4.0 4.3481307
9 52 4.0 3.2217638
9 194 4.0 3.943303
9 376 4.0 2.8429017
9 378 3.0 3.71908
9 444 3.0 3.7790842
9 653 3.0 3.9038076
9 805 3.0 3.6520815
9 1081 4.0 2.7599971
9 1084 5.0 3.80739
9 1095 3.0 3.5166605
9 1125 3.0 3.6997771
10 858 4.5 3.9759536
10 1206 3.0 4.3530345
10 1265 3.5 4.294302
10 1266 4.5 3.618615
10 1394 4.5 3.3598487
10 1617 4.0 3.9938436
10 2692 4.0 4.517202
10 1032 3.0 3.182168
10 2997 3.5 4.223248
10 1 4.0 4.5340943
10 370 3.0 2.9482522
10 272 4.0 4.2689834
10 1213 4.5 4.3178496
10 1225 3.5 4.0961156
10 2278 4.0 3.2415786
10 1125 3.0 3.2180207
10 199 1.5 3.3668625
10 535 4.5 4.2075458
10 551 4.5 4.9541574
10 778 4.0 4.2221994
10 1060 2.0 4.1515603
10 1080 4.0 4.13697
10 1171 4.5 3.4590702
10 1289 4.0 3.931792
10 1343 3.5 3.677509
10 1449 3.5 3.1096141
10 1885 3.5 2.9522045
10 2184 4.0 3.6844487
10 2699 2.5 3.8942008
10 2795 3.5 3.5294175
10 3261 3.0 3.6486216
10 3360 5.0 3.618904
10 3361 4.0 3.9832852
10 3421 4.0 4.065725
10 3671 4.0 4.115122
10 4011 4.5 3.7511952
10 4034 4.5 3.4797804
10 4294 4.0 4.0283537
10 5013 4.0 3.9281926
10 5292 3.5 3.303073
10 5418 4.0 2.906132
10 5673 5.0 3.9885602
10 5782 4.0 3.540386
10 6104 3.5 3.5173204
10 6306 4.5 3.5897262
10 6953 4.0 3.604378
10 7090 5.0 4.3998084
10 7156 4.5 3.6952205
10 7361 4.5 4.423086
10 7371 4.5 3.5259006
10 7438 3.5 3.4770677
10 8807 4.5 4.019676
11 1304 4.0 4.0377326
11 4306 5.0 4.6356983
11 2959 4.0 4.2846313
11 1537 2.5 4.5508547
11 1784 4.0 3.402211
12 1242 2.0 3.317347
12 5349 3.0 2.798215
12 903 5.0 3.23152
12 5481 4.0 3.3746152
13 34 4.0 3.6160395
13 2384 3.0 3.761011
13 7153 4.5 4.858643
13 838 4.5 3.6323245
13 1028 3.0 3.7797909
13 1032 3.5 2.9654105
13 2014 2.5 3.6188354
13 2080 3.5 3.0184553
13 2096 4.0 3.21426
13 596 4.0 2.7536001
13 3398 3.5 3.7312028
13 3897 4.0 3.918415
13 51662 4.0 3.6689298
13 2949 3.0 3.428306
13 1274 4.0 4.303174
13 4979 3.0 3.8803413
13 8874 4.5 3.922579
13 5481 3.0 3.7929554
13 38 3.0 3.6501365
13 435 2.0 2.846462
13 673 4.5 3.2256765
13 919 3.5 4.2103186
13 986 3.5 2.7135842
13 1033 4.0 2.4440353
13 1367 4.0 2.6431563
13 1907 3.0 3.0915744
13 2018 5.0 2.4824538
13 2139 3.5 2.831243
13 2141 3.5 3.7023692
13 2142 3.5 3.4714766
13 2761 3.0 3.3484192
13 4039 3.0 3.3615184
13 4308 5.0 3.8366458
13 4519 3.5 2.8808062
13 4896 2.0 3.7975855
13 5151 3.5 3.9637997
13 6173 4.0 3.6239374
13 6266 3.0 3.43352
13 6502 5.0 3.139752
13 6625 4.0 3.5718508
13 7173 3.0 3.2557898
13 7444 4.0 3.6454554
13 8946 3.0 3.8288934
13 41566 3.5 2.9459195
13 44022 3.5 3.3637545
13 44195 4.0 2.993948
13 50872 4.5 3.3913014
13 55282 3.5 3.789222
13 59784 3.0 3.6058984
13 66097 3.0 3.8109782
13 66304 3.5 3.621635
13 66934 5.0 3.7634394
13 67267 3.5 3.747176
13 67788 3.5 3.6505222
13 68554 2.0 3.5716825
13 69122 5.0 4.03096
13 69253 2.5 3.5908477
13 69644 3.5 3.365053
13 72226 3.0 3.9376323
13 72919 2.5 3.4300547
14 296 4.0 4.9625416
14 457 4.0 4.6492753
14 153 3.0 3.2688134
14 17 5.0 4.302456
14 377 3.0 3.405477
14 497 4.0 4.858664
14 345 3.0 4.229726
14 282 5.0 3.5097544
14 434 2.0 3.8743494
14 454 3.0 3.2238765
14 468 4.0 3.427707
14 586 3.0 2.8387992
14 246 5.0 4.851449
14 300 4.0 3.5880349
14 534 4.0 3.6032715
14 256 3.0 3.3909552
14 452 4.0 4.2814946
15 32 4.0 5.0
15 110 5.0 4.04432
15 260 4.0 4.630859
15 1097 3.0 4.0928206
15 1240 3.0 4.1204147
15 1270 5.0 3.990378
15 1287 5.0 4.485044
15 1580 3.0 3.5632792
15 2968 5.0 4.2263603
15 3362 4.0 4.3013554
15 36 4.0 3.6121662
15 1674 3.0 4.1527667
15 2728 5.0 3.8727214
15 1248 5.0 4.188527
15 912 4.0 4.0317087
15 930 4.0 3.7118793
15 943 2.0 3.4071188
15 1178 4.0 4.257632
15 1260 5.0 3.8706727
15 1941 5.0 3.5757647
15 2010 5.0 3.7442384
15 2105 5.0 4.085424
15 2186 5.0 3.884521
15 2208 5.0 3.7147195
15 2362 5.0 3.765544
15 2366 5.0 3.6486866
15 2398 3.0 2.926048
15 2519 5.0 3.3802447
15 2633 5.0 3.6749737
15 2653 3.0 3.3099515
15 2867 4.0 3.5326695
15 3334 3.0 3.7196558
16 6 2.0 3.4911256
16 7 4.0 3.5267727
16 17 3.0 3.5409257
16 708 3.0 3.2096174
16 1354 3.0 3.6079004
17 2020 2.5 2.4624898
17 3967 4.0 2.6709948
18 50 5.0 5.0
18 1089 5.0 4.6482253
18 1197 3.5 5.0
18 1208 3.0 4.507547
18 2692 5.0 4.6917696
18 908 5.0 4.73061
18 4993 5.0 4.883396
18 2959 5.0 5.0
18 2329 5.0 5.0
18 3000 4.0 4.6214695
18 382 4.5 3.5997894
18 3484 4.5 3.8343687
18 3987 5.0 3.9797559
18 5995 5.0 4.586922
18 36529 5.0 4.7423663
18 39292 4.5 4.3968487
18 48516 5.0 5.0
19 608 3.5 3.5725415
19 1625 5.0 4.1049438
19 3578 4.0 4.19456
19 163 3.5 3.573015
19 6711 4.0 3.8259208
19 5418 4.0 3.5630646
19 5902 4.0 3.1834102
19 4995 4.5 4.789399
19 34437 4.0 3.633188
19 45728 5.0 4.229005
20 2012 3.0 3.370753
20 953 5.0 3.4126565
20 1961 3.5 4.0940275
20 6874 2.5 3.1593096
20 1917 4.0 4.121117
20 30749 5.0 4.5767097
21 1073 4.0 3.6299303
22 110 0.5 4.0556545
22 260 0.5 2.8274865
22 480 3.0 2.1737854
22 1186 4.0 3.2876742
22 1094 5.0 4.137616
22 6953 5.0 2.8906648
22 3988 1.5 1.8291426
22 5810 5.0 3.6673431
22 724 3.0 2.7158763
23 527 5.0 5.0
23 589 4.0 3.1845129
23 648 5.0 3.3424425
23 1198 5.0 4.234123
23 1356 5.0 3.028135
23 1573 4.0 4.9021664
23 1610 5.0 3.0602922
23 1617 3.0 4.6138196
23 2916 5.0 3.8708236
23 153 2.0 3.7494566
23 736 3.0 3.4638064
23 2455 4.0 3.6789474
23 173 2.0 3.89163
23 204 4.0 2.9696949
23 292 3.0 2.6410937
23 1722 3.0 2.999094
23 3418 3.0 3.936234
23 253 2.0 4.1731744
23 1385 5.0 3.4780385
23 1544 3.0 3.6790447
23 1591 3.0 4.0304174
23 1970 4.0 3.286928
23 2793 4.0 3.0801435
24 1358 5.0 4.2925835
24 762 1.0 1.5058138
24 45 4.0 3.7967916
24 237 4.0 3.8681648
24 1682 5.0 3.478305
24 246 5.0 4.897031
24 647 5.0 3.9634652
24 1673 4.0 3.3481374
24 288 3.0 3.7882557
24 991 4.0 3.6688051
24 1041 5.0 4.04025
24 1508 3.0 3.7076855
25 2676 4.0 4.342362
25 2147 4.0 3.7901073
25 2881 5.0 3.6387074
25 2888 3.0 3.8972538
26 457 4.0 4.5147758
26 592 3.0 4.9060197
26 356 5.0 3.4065416
26 47 3.0 4.070825
26 150 4.0 3.8541467
26 300 4.0 3.0260813
26 225 3.0 3.438998
27 2028 4.0 4.6956725
27 2959 5.0 4.6606526
27 6874 5.0 3.285831
27 45728 4.0 4.370471
27 1010 3.0 3.53816
27 2671 4.0 3.0315807
27 3264 4.0 3.2866824
27 4754 5.0 4.025182
27 5419 1.0 3.4596937
27 42094 5.0 3.7662635
27 56174 3.0 3.91642
27 64957 4.0 3.984553
28 1199 5.0 3.1413548
28 1375 2.0 2.2276304
28 1186 3.0 2.5602963
28 1957 4.0 3.35085
28 2065 1.0 2.9482899
28 2723 3.0 2.8812742
29 1197 3.0 4.0934205
29 1208 5.0 5.0
29 1259 5.0 4.3199344
29 1270 3.0 4.0091753
29 3699 4.0 4.1340237
29 1957 5.0 4.969144
29 412 3.0 4.4124193
29 1251 4.0 4.9714127
29 2312 4.0 4.208419
29 2439 4.0 4.662073
29 2919 4.0 3.9929104
29 3015 3.0 4.0067205
29 3196 4.0 4.563159
29 3712 4.0 3.1630895
30 474 5.0 3.496858
30 480 5.0 4.039692
30 590 5.0 4.242413
30 592 4.0 3.8451521
30 648 3.0 3.9553921
30 349 3.0 3.1501389
30 377 4.0 4.0554533
30 440 5.0 4.239813
30 122 4.0 3.7484956
30 165 3.0 2.9267755
30 355 3.0 3.3326874
30 415 3.0 3.2933834
30 454 3.0 3.4497917
30 485 3.0 3.8075674
30 516 3.0 3.7336485
30 520 2.0 4.0656667
30 586 2.0 3.7071657
30 587 4.0 3.0164158
30 223 4.0 4.8088975
30 253 2.0 3.1523504
30 420 3.0 2.5531678
30 225 4.0 3.8071954
31 50 2.0 4.3235507
31 260 3.0 3.827736
31 367 0.5 2.654414
31 593 4.0 3.880517
31 648 3.0 3.0218544
31 858 5.0 4.8946295
31 1034 5.0 3.4970422
31 1092 4.5 2.7563634
31 1200 4.0 3.0669122
31 1208 5.0 4.612284
31 1220 5.0 3.3430052
31 1234 4.0 3.2213612
31 1240 3.0 3.6647406
31 1257 4.0 3.6777701
31 1262 4.0 4.6509953
31 1266 5.0 3.9817233
31 1321 4.0 4.481018
31 1374 3.0 2.7587085
31 1376 0.5 2.7217782
31 1394 5.0 3.907277
31 1527 3.0 3.8811018
31 1627 1.5 3.281028
31 1645 1.0 2.6919122
31 2009 4.0 3.1251764
31 2011 3.0 2.7462666
31 2076 3.0 3.2975824
31 2571 3.5 3.7968493
31 2580 4.0 3.6697247
31 2716 3.0 3.2530894
31 2901 4.0 4.0929556
31 2968 5.0 3.6131077
31 3272 3.0 3.6975183
31 3917 4.0 3.902884
31 4037 5.0 3.207573
31 1101 1.0 2.922263
31 1377 0.5 3.212523
31 2115 2.0 3.8806195
31 595 1.0 4.2636395
31 916 3.0 3.6574366
31 1296 0.5 3.4375455
31 1968 0.5 4.363876
31 2054 2.0 2.2839499
31 163 3.0 4.0525746
31 3160 4.0 3.923757
31 3949 4.0 4.068956
31 4022 3.0 3.1897802
31 6863 2.0 3.8091724
31 3513 5.0 2.5642667
31 8781 5.0 2.1370616
31 150 4.0 3.9342916
31 172 3.5 3.7573822
31 293 1.5 3.8289587
31 464 3.0 2.9250052
31 466 3.0 3.3979075
31 471 4.5 3.694268
31 1393 0.5 3.502451
31 2150 3.0 4.5762553
31 2728 3.0 3.9154356
31 1663 2.0 3.0821707
31 2174 2.0 3.5583622
31 2599 4.5 4.2819138
31 3000 3.0 3.6715648
31 3052 0.5 4.009035
31 3108 4.0 4.265465
31 3504 4.5 3.8466425
31 4034 4.0 4.2593412
31 4848 5.0 2.9091704
31 5013 3.0 3.5252879
31 5418 4.0 3.766061
31 6104 4.0 3.3681636
31 6807 4.5 3.7943134
31 6870 4.0 3.7923992
31 7073 4.0 4.038587
31 7438 5.0 3.3316832
31 1193 4.5 4.2610855
31 435 0.5 3.2366655
31 912 4.5 4.3492694
31 2141 3.0 3.5136254
31 4519 3.0 3.3713267
31 8641 4.5 4.0519013
31 2105 3.0 3.6772592
31 327 0.5 2.746822
31 1831 0.5 2.2554357
31 2094 2.0 3.2353895
31 2501 3.0 4.172979
31 111 4.5 2.8602133
31 7445 4.0 3.5972946
31 1339 1.0 3.8082707
31 1882 0.5 2.173237
31 1974 1.0 3.5112472
31 2616 3.0 3.0578485
31 2986 4.0 3.1514988
31 288 0.5 3.4555068
31 2770 2.5 3.2965202
31 2723 1.0 3.096734
31 1251 4.0 4.587076
31 1273 5.0 3.9531918
31 89 1.0 3.5352523
31 159 4.5 3.3111298
31 176 0.5 3.422618
31 245 4.0 3.6484966
31 308 2.0 4.0418816
31 365 1.5 3.5624537
31 426 3.0 3.499134
31 1076 3.0 3.8556354
31 1147 3.0 4.042858
31 1189 5.0 4.188005
31 1207 0.5 4.153596
31 1218 4.0 3.529978
31 1233 5.0 4.215328
31 1254 5.0 3.4110305
31 1281 2.0 3.679586
31 1587 5.0 4.0802326
31 1603 3.0 3.251435
31 1785 5.0 3.499393
31 1920 0.5 3.3630536
31 1949 3.0 3.111609
31 1999 2.0 3.858319
31 2031 0.5 3.780405
31 2051 0.5 3.4712405
31 2090 2.0 3.1888056
31 2095 0.5 3.487796
31 2140 3.0 4.1528716
31 2170 1.0 3.4239752
31 2315 3.0 3.3138447
31 2377 3.0 3.7508564
31 2385 4.0 3.4209356
31 2402 0.5 3.6756887
31 2420 3.0 2.4988441
31 2517 3.0 3.4116762
31 2707 1.5 3.306841
31 2720 0.5 3.0303614
31 2726 5.0 3.52272
31 2898 1.5 3.332422
31 2976 5.0 3.602443
31 2982 4.5 3.5424695
31 3034 4.0 3.7652946
31 3039 1.0 3.5616376
31 3071 2.0 3.5619204
31 3265 4.5 3.2538757
31 3292 4.0 3.4264674
31 3384 2.0 3.3190286
31 3427 4.0 3.6787598
31 3494 3.5 3.8658767
31 3499 4.0 3.3291764
31 3519 1.0 3.5187051
31 3555 1.0 2.8891666
31 3598 4.5 3.388788
31 3622 4.0 3.6292815
31 3685 4.0 3.7564354
31 3693 0.5 3.676674
31 3745 1.0 3.197925
31 3753 0.5 3.5653849
31 3826 4.5 2.8923824
31 3873 5.0 3.5440917
31 3947 5.0 3.3078256
31 4025 0.5 3.813293
31 4103 5.0 4.049941
31 4146 4.0 3.5488524
31 4155 0.5 3.5259569
31 4212 1.0 3.5606406
31 4223 0.5 4.1937475
31 4232 2.0 2.9150572
31 4251 5.0 3.4505696
31 4255 5.0 3.4174113
31 4299 4.0 3.6121817
31 4313 1.0 3.43161
31 4329 5.0 3.3716393
31 4336 1.5 3.6435213
31 4387 2.0 3.8180156
31 4419 4.5 3.7232318
31 4488 4.0 3.1985872
31 4499 1.0 3.1542625
31 4533 4.0 3.6740649
31 4649 4.0 3.6396925
31 4683 0.5 3.6318405
31 4720 2.0 3.9637322
31 4857 3.0 3.1519673
31 4889 5.0 3.194782
31 4901 2.0 3.4453015
31 4941 4.0 3.3889256
31 5017 4.0 3.3761203
31 5093 0.5 3.2463028
31 5142 4.0 3.533965
31 5152 2.0 3.9149826
31 5198 3.0 3.6406293
31 5293 0.5 3.391211
31 5340 0.5 3.6202996
31 5420 0.5 3.708776
31 5449 3.0 3.081145
31 5451 1.0 3.4688072
31 5472 3.0 3.595525
31 5478 3.0 3.521684
31 5572 3.0 3.672552
31 5663 4.0 3.5473347
31 5780 4.5 3.5023532
31 5808 4.5 3.6127484
31 5872 2.0 3.718959
31 5876 2.5 3.4834304
31 5938 1.0 3.5525618
31 5944 0.5 3.4080162
31 6188 3.0 3.528073
31 6196 2.0 3.5762305
31 6197 4.5 3.5519216
31 6229 5.0 3.4439602
31 6429 4.5 3.2688444
31 6595 3.0 3.7384086
31 6630 0.5 3.6595962
31 6666 4.0 3.4680424
31 6707 3.5 3.5449872
31 6818 4.5 3.6449964
31 6947 4.5 4.170867
31 7010 0.5 3.709954
31 7063 5.0 3.4382563
31 7247 0.5 3.7413056
31 7318 1.5 3.5718071
31 7335 5.0 3.4824355
31 7346 1.0 3.6770158
31 7368 5.0 3.4974132
31 7460 5.0 3.9184694
31 7492 5.0 3.661428
31 7587 4.5 3.5908842
31 7700 1.0 3.496763
31 7817 4.0 3.6720026
31 7878 5.0 3.52469
31 7951 3.5 3.6519465
31 8340 4.5 3.399338
31 8501 4.0 4.068472
31 8670 5.0 3.6523945
31 31086 3.5 3.8666239
31 31101 3.5 3.4333072
31 34319 5.0 3.299813
31 34405 4.0 3.8981037
31 37733 5.0 3.8465843
31 55118 4.5 4.517425
32 260 5.0 4.498215
32 1197 4.5 4.8632545
32 1198 5.0 4.8611593
32 1374 3.5 3.1004915
32 2011 5.0 3.0856965
32 2716 3.5 4.040255
32 1101 4.5 3.2062728
32 1721 3.5 2.090863
32 4306 5.0 4.1369147
32 539 3.5 3.8163807
32 1663 4.0 4.18089
32 4979 2.5 4.137173
32 5445 3.5 2.9700007
32 4639 3.5 3.0653777
32 420 3.5 2.0387123
32 1562 4.0 3.5951557
32 3175 5.0 4.005653
32 3809 4.5 3.1402204
32 4857 3.5 3.790697
32 1395 2.5 3.3176775
32 2376 3.5 3.6179788
32 6936 2.5 3.9948099
32 7254 0.5 3.4172766
33 1372 4.0 2.7897103
33 596 2.5 2.8089442
33 6539 4.0 3.9430728
33 3977 4.5 3.6620731
33 37727 4.0 3.6360905
33 39435 4.0 3.093071
34 432 3.0 3.2422514
34 349 4.0 3.5890038
34 165 4.0 3.291886
34 317 3.0 3.3112264
34 151 3.0 3.744921
35 1876 3.5 2.9263692
35 7153 4.0 4.3149395
35 597 2.5 3.0454655
35 316 3.5 3.2605097
35 1552 1.5 3.1738856
35 1148 4.5 3.8037825
35 145 4.0 3.4419463
35 1320 4.0 2.935804
35 70 3.5 2.9984257
35 6957 4.0 3.778238
36 50 4.0 3.4658153
36 432 1.0 3.5714352
36 457 4.0 3.1301832
36 474 2.5 3.0895479
36 480 3.0 2.3592029
36 1097 4.0 2.945282
36 1136 0.5 3.3556619
36 1200 2.0 3.908243
36 1210 3.0 4.003332
36 1291 3.0 2.4378154
36 1358 3.0 3.0699785
36 1954 1.5 2.535019
36 2571 5.0 3.6721942
36 105 3.0 2.027729
36 2406 3.0 3.309285
36 7153 4.5 3.8389604
36 2054 0.5 1.7870051
36 1246 4.0 5.0
36 1961 3.5 3.3927987
36 839 4.5 1.8765166
36 150 4.5 3.0472214
36 282 4.0 3.5058541
36 1682 2.5 2.3136597
36 223 2.0 3.7591593
36 1343 2.5 2.370852
36 3994 3.0 2.7350166
36 5418 4.5 3.4021797
36 5445 4.5 3.1738722
36 8665 4.5 3.4945447
36 3114 2.5 3.3019419
36 4963 4.0 3.2013788
36 1027 2.0 2.3422043
36 5995 1.0 3.68847
36 1320 2.0 2.250795
36 1544 2.0 2.7123244
36 4239 2.5 3.2047818
36 4734 1.0 3.6080692
36 1962 2.5 3.13364
36 4225 2.0 3.142692
36 4465 4.0 3.0731869
36 7139 3.5 3.1560411
37 480 4.0 4.071966
37 780 5.0 4.5797744
37 1097 3.0 3.8389246
37 1210 4.0 3.82734
37 1610 4.5 3.3900712
37 2028 3.0 4.722297
37 3578 3.0 4.486927
37 736 2.5 3.3314726
37 1380 3.0 3.7955153
37 4022 3.5 3.3824296
37 4973 3.5 4.422175
37 48385 4.0 4.703467
37 2762 4.0 4.9577584
37 58559 2.0 4.5284586
37 59315 3.0 4.159694
37 72998 4.0 2.7881496
37 150 4.5 3.8803647
37 5445 4.5 3.7255578
37 7361 5.0 3.8952255
37 8368 4.0 2.895102
37 104 3.5 3.249493
37 51255 2.5 3.8139071
37 2657 1.0 3.0885518
37 44191 5.0 2.123592
37 2706 4.0 4.948403
37 33166 4.5 4.5601516
37 56174 3.0 3.5072815
37 2335 4.0 3.6531222
37 7254 3.5 3.6506097
37 7143 4.0 4.2165785
37 4994 3.0 3.6733842
37 48780 4.0 4.474367
37 54286 3.5 3.3449664
37 59615 2.5 3.113583
37 68157 4.0 4.5438466
37 71535 5.0 3.71024
37 77561 2.5 3.5610628
38 7153 5.0 4.378208
38 647 3.5 4.034465
38 8636 4.0 4.4782057
38 68954 4.0 4.6474824
38 27904 4.0 3.3779957
38 51709 4.5 4.0593896
38 52328 4.5 4.9671116
39 32 4.0 2.631397
39 527 3.0 3.4494493
39 1199 3.5 3.5775704
39 1262 3.5 3.6145945
39 1610 3.5 2.4838214
39 2571 4.5 3.1145387
39 3703 3.5 3.087578
39 4993 0.5 2.7120643
39 88125 0.5 2.9257371
39 106487 0.5 2.8901386
39 108945 2.0 2.7378397
39 5445 4.0 2.8897827
39 5618 4.0 3.434524
39 5902 3.5 2.5334184
39 8949 3.5 2.5637105
39 1193 1.0 3.3785331
39 3114 4.0 4.0575547
39 6377 5.0 2.802949
39 26614 3.0 3.195919
39 71530 3.5 2.42335
39 78499 4.0 2.9511375
39 91658 1.0 3.4730864
39 96079 3.5 2.828487
39 109487 2.5 2.7759454
40 260 3.5 3.6774626
40 589 4.0 3.303261
40 1097 3.5 3.9136343
40 1270 3.5 2.8799984
40 1876 3.0 2.9674957
40 2987 4.5 2.149703
40 364 3.5 4.076477
40 2291 4.5 3.0075152
40 2617 3.0 2.8267856
40 1022 3.0 3.1936169
40 1968 3.0 4.141995
40 2683 3.0 4.3705845
40 6283 4.5 3.7010074
40 51662 5.0 3.6564355
40 2762 3.5 4.723699
40 58559 4.0 4.299081
40 89745 4.0 3.836893
40 90866 4.0 2.8821387
40 106782 4.0 4.0484734
40 112175 4.0 3.81398
40 112623 4.0 3.7325013
40 112852 4.0 4.5769467
40 158 3.0 3.258474
40 471 4.0 3.533279
40 2174 4.0 2.7321775
40 2329 2.0 4.3016253
40 4226 4.0 3.5864527
40 5617 4.0 3.9976888
40 5618 4.0 4.025268
40 5989 3.5 3.788208
40 6333 4.0 3.5084374
40 8368 3.0 3.2078035
40 8874 3.5 4.0445704
40 1566 3.0 3.4406562
40 1917 3.0 2.5288985
40 1967 4.5 3.254164
40 4308 3.5 3.7941787
40 45517 3.0 3.9659376
40 46578 3.0 3.7398608
40 67734 4.0 3.8791318
40 68554 3.0 3.4280026
40 72226 5.0 3.857801
40 2657 2.5 3.4175854
40 107 3.5 3.7432234
40 4878 4.0 3.4877942
40 1222 3.5 4.0796504
40 2143 4.5 3.020702
40 2694 2.0 3.2030494
40 3698 2.0 3.5673401
40 4728 3.0 2.853826
40 4980 3.0 3.590251
40 5449 2.0 3.2723994
40 33004 3.5 3.3763573
40 33493 3.5 3.3619797
40 33679 3.0 4.2814054
40 53996 3.5 3.4636347
40 7143 4.0 4.2890472
40 8970 4.0 3.5798054
40 30812 5.0 3.4706078
40 68358 5.0 3.8465629
40 71535 5.0 3.894795
40 77561 4.5 3.4428566
40 88140 3.5 3.0542119
40 96079 3.0 3.7341096
40 109487 4.0 3.4515982
40 2193 3.5 3.5680804
40 2893 4.5 3.5561557
40 3033 2.5 3.734496
40 3489 5.0 3.5835767
40 4016 3.5 4.1837425
40 6218 2.5 3.4139268
40 6541 3.5 3.5674553
40 7454 3.5 3.47267
40 8019 4.5 4.0145974
40 8782 3.0 3.522669
40 27660 3.5 4.013551
40 27839 3.0 3.618812
40 34143 2.5 3.4179192
40 35347 2.0 3.5309758
40 37380 3.0 3.5932307
40 51939 3.0 3.4330664
40 60074 4.0 3.7434025
40 64983 3.0 3.4475787
40 68073 3.5 3.491805
40 68952 4.5 3.5858727
40 70336 3.0 3.5065198
40 72393 2.5 3.424036
40 74685 3.0 4.0726185
40 74916 4.5 3.4687274
40 77427 3.5 3.6266773
40 78209 4.5 3.650623
40 81847 4.0 3.763747
40 82459 3.5 3.934261
40 84152 4.0 4.116997
40 84954 4.0 3.5460384
40 87234 4.5 3.2399015
40 87306 4.0 3.2533407
40 92192 2.5 2.699054
40 93805 2.0 3.6135798
40 93840 4.0 3.5705962
40 95309 4.5 3.600021
40 96737 5.0 3.2276428
40 103659 4.0 3.5897954
40 104241 4.0 3.54455
40 106030 4.0 3.3680131
40 106195 4.0 3.5576115
40 106489 4.0 3.214935
41 527 5.0 5.0
41 1721 4.0 2.7850244
41 588 5.0 4.8979006
41 900 4.0 4.545703
41 1282 5.0 3.6795206
41 1713 4.0 4.393074
42 296 4.0 4.090255
42 34 3.0 3.28155
42 265 5.0 3.323415
42 597 3.0 2.8234503
42 329 3.0 3.6863084
42 357 4.0 4.0194173
42 509 5.0 4.492348
42 539 4.0 2.6763246
42 235 2.0 2.0732846
42 218 3.0 2.747545
43 296 5.0 3.3710637
43 593 4.0 3.8958812
43 153 3.0 2.889997
43 497 4.0 3.7252932
43 434 3.0 3.4486313
44 32 5.0 4.2477674
44 541 5.0 4.776973
44 608 4.5 4.2406235
44 858 4.0 3.976542
44 1206 4.0 4.5676947
44 1221 4.0 3.9780705
44 1252 4.5 4.1785316
44 1732 4.5 3.6042058
44 1909 4.0 3.4836555
44 2011 4.0 2.9018416
44 2542 4.0 3.7170842
44 3527 3.5 4.0136194
44 2291 5.0 3.6529257
44 3996 4.5 3.7868323
44 356 4.0 2.9311984
44 60069 5.0 4.4886737
44 79132 5.0 4.624219
44 106487 4.0 3.8614564
44 106696 4.5 3.3834333
44 150 3.5 4.187728
44 380 4.0 3.9268754
44 168 3.0 3.515741
44 805 4.0 3.4011533
44 223 4.0 4.8105674
44 1704 4.0 4.0999527
44 4979 4.0 4.525942
44 6333 4.0 3.8930361
44 6874 4.0 4.6426578
44 7438 4.0 4.052386
44 903 4.0 4.9121947
44 910 3.5 3.717904
44 2657 5.0 3.7913344
44 4878 5.0 3.4826443
44 48516 5.0 4.4441876
44 33794 4.0 3.6209955
44 44191 4.5 3.4880075
44 2006 3.0 3.5919483
44 68157 4.0 4.7463484
44 71535 3.5 4.0253215
44 61240 4.5 4.158972
44 76251 5.0 4.1587462
44 82459 3.5 4.166871
44 101864 3.0 4.0262194
44 8529 3.5 3.5240111
44 44665 4.0 3.959565
44 64614 4.0 4.08666
44 80489 3.5 3.658219
44 84392 4.0 3.923248
44 100714 4.0 3.6477168
44 104879 4.0 3.7218826
45 110 3.0 3.4236977
45 260 4.0 3.1232426
45 1197 5.0 3.9823978
45 1220 5.0 3.050441
45 1234 4.0 3.693212
45 1240 4.0 4.008912
45 1259 4.0 3.8912907
45 1262 5.0 4.748184
45 1278 4.0 3.5409703
45 1378 4.0 3.2946627
45 1394 4.0 4.1161985
45 1396 3.0 3.9094605
45 1748 4.0 3.0555556
45 1997 4.0 3.3867724
45 2001 4.0 3.7641678
45 2467 4.0 3.4829497
45 2571 3.0 4.2193723
45 2804 5.0 4.2581167
45 2947 4.0 3.7203958
45 2968 4.0 3.622194
45 953 5.0 3.9132237
45 1653 4.0 3.660396
45 2640 3.0 3.4339907
45 2712 3.0 3.844522
45 588 4.0 3.6638317
45 1022 4.0 3.9198103
45 1297 2.0 3.8939886
45 2096 4.0 3.4027112
45 1961 3.0 4.061737
45 2455 4.0 3.431262
45 2997 5.0 2.9968119
45 16 2.0 3.6997929
45 196 2.0 3.4186656
45 319 5.0 3.671513
45 475 4.0 4.2401752
45 509 5.0 4.9484124
45 529 4.0 3.6665964
45 1299 4.0 3.8886132
45 2020 4.0 3.4628375
45 2763 4.0 3.0016394
45 508 3.0 4.250612
45 223 4.0 4.2930336
45 1060 4.0 3.8764007
45 1080 5.0 3.0992877
45 2231 4.0 4.112921
45 3421 4.0 3.1909459
45 837 3.0 3.0695794
45 912 4.0 4.5913844
45 1367 4.0 3.091866
45 1588 4.0 3.3044815
45 1967 4.0 3.1778302
45 2139 4.0 3.2845712
45 2355 4.0 3.6749544
45 3114 5.0 3.974877
45 31 2.0 3.1321914
45 1690 4.0 3.521731
45 2551 4.0 3.5739036
45 1882 2.0 3.12638
45 537 1.0 3.613533
45 29 4.0 3.6976588
45 599 4.0 4.072802
45 1175 5.0 4.308855
45 1202 4.0 4.3535237
45 1207 5.0 3.803311
45 1233 5.0 4.456368
45 2022 5.0 4.456136
45 2048 4.0 2.947751
45 2090 5.0 3.0572498
45 2348 5.0 3.8695
45 2513 2.0 2.9849386
45 2720 3.0 3.0960276
45 3019 4.0 3.9375918
45 2470 4.0 3.434104
45 2193 4.0 3.7516267
45 2313 4.0 4.4494863
45 82 5.0 4.5371547
45 85 4.0 3.5416312
45 94 4.0 3.407895
45 307 5.0 4.224181
45 627 5.0 3.7707813
45 720 5.0 3.4897623
45 1119 3.0 3.4191227
45 1582 4.0 3.4311268
45 1611 3.0 3.8064106
45 1730 5.0 3.9529564
45 2034 4.0 3.234338
45 2134 2.0 3.7000377
45 2151 4.0 3.7546756
45 2232 3.0 3.965279
45 2450 3.0 3.7787657
45 2481 4.0 3.379334
45 2677 4.0 3.4430873
45 2966 5.0 3.5901096
45 3148 4.0 3.6607168
45 3523 3.0 3.9784539
45 3569 5.0 3.4593801
45 3819 5.0 3.4426477
46 2167 4.0 3.46939
46 3476 4.0 2.94591
46 3483 4.0 3.571488
46 382 2.0 3.2543485
46 724 3.0 3.821893
46 3499 5.0 4.508558
46 3555 5.0 3.0498593
46 3977 5.0 3.3065102
46 742 3.0 3.6319213
46 2826 5.0 4.3630953
46 3512 4.0 3.81894
46 3747 4.0 3.8888786
47 356 4.0 3.2684643
47 165 3.0 2.549285
47 185 3.0 3.1637864
47 208 3.0 2.9028397
48 367 5.0 3.71185
48 592 5.0 3.5440707
48 593 4.0 4.212152
48 1097 3.0 3.679642
48 1197 5.0 4.352458
48 1198 4.0 4.619138
48 1215 4.0 3.6250083
48 1242 4.0 3.7297864
48 1291 4.0 3.3594563
48 1376 3.0 2.9615986
48 1527 5.0 3.5289037
48 1689 4.0 3.2777843
48 1954 4.0 3.930552
48 2478 5.0 3.4236243
48 2542 3.0 3.7021596
48 1101 4.0 3.0453017
48 2115 4.0 3.5618863
48 2384 2.0 3.9092636
48 3996 5.0 3.2981517
48 595 3.0 4.3954015
48 934 3.0 3.6243138
48 1485 5.0 3.1956778
48 2017 3.0 4.169117
48 2087 3.0 3.5883045
48 1246 3.0 4.3420277
48 1499 4.0 3.226891
48 2124 3.0 3.0532095
48 4306 5.0 3.1854494
48 4621 3.0 3.59573
48 1 5.0 5.0
48 44 5.0 4.0762696
48 231 5.0 3.490414
48 1722 5.0 3.7884624
48 2628 5.0 3.4906516
48 3072 1.0 4.0191507
48 653 5.0 4.2528405
48 2699 3.0 3.9290388
48 3994 4.0 3.2609484
48 104 5.0 3.4933932
48 1064 3.0 3.9310818
48 2082 4.0 3.4681373
48 2092 2.0 3.2817216
48 2142 3.0 3.5079324
48 2355 4.0 3.8115304
48 3988 3.0 3.8471437
48 2428 4.0 3.441808
48 2094 4.0 3.6839657
48 2722 4.0 2.7263625
48 1320 5.0 3.5431921
48 3082 5.0 3.6599777
48 2770 4.0 3.4798958
48 3438 4.0 4.059063
48 2335 4.0 3.424226
48 546 4.0 2.3901076
48 473 4.0 3.2165015
48 1681 5.0 3.306037
48 2015 3.0 3.4271336
48 2027 4.0 3.6782012
48 2089 3.0 3.373967
48 3300 4.0 3.6142502
48 3697 4.0 3.5343878
48 4683 4.0 3.5266669
48 3310 4.0 3.9280498
48 3510 4.0 2.920958
48 2005 4.0 3.515485
48 2421 4.0 3.0777204
48 239 4.0 3.6078527
48 737 2.0 3.725371
48 818 3.0 3.7133386
48 1049 4.0 3.7133384
48 1646 3.0 3.879582
48 1731 3.0 3.5048184
48 1792 5.0 3.7667034
48 2363 3.0 3.7946048
48 2555 2.0 3.8069253
48 3054 3.0 3.3133516
48 3799 2.0 3.7418876
48 4090 4.0 4.1367445
48 4343 4.0 3.8043354
49 1304 5.0 3.465929
49 381 3.0 3.6960988
49 223 4.0 3.7193084
49 2976 4.0 3.2153726
49 3752 4.0 2.6718986
49 3174 3.0 3.8025472
49 3326 2.0 3.3302867
50 3793 3.5 4.3250175
50 2384 4.5 4.0498347
50 3996 4.5 4.8972244
50 1282 3.5 3.982899
50 345 4.5 4.4594927
50 2997 2.0 3.0578284
50 1722 4.0 3.489691
50 647 4.5 4.302386
50 4034 4.0 4.470438
50 5481 4.0 4.135315
50 2424 3.5 4.2657895
50 6266 4.0 3.8945649
50 3967 3.5 3.8180068
50 3005 4.5 3.838388
50 2394 4.0 3.4095485
50 5872 4.5 3.8695765
50 5944 4.5 3.8216536
50 4638 4.5 4.4282985
50 4890 3.0 2.7673736
50 5072 4.5 5.0
50 3287 4.0 4.030739
50 5480 4.5 3.8776262
50 6503 5.0 3.9744925
51 110 5.0 4.305158
51 593 5.0 4.1945624
51 648 3.0 3.8327317
51 1259 5.0 3.568928
51 1270 5.0 3.318265
51 1982 4.0 4.11893
51 1994 5.0 3.7699037
51 2542 5.0 2.9517004
51 2571 4.0 4.0279408
51 2858 5.0 3.3814611
51 1653 2.0 4.3700614
51 265 4.0 3.558136
51 356 3.0 3.9506595
51 1014 2.0 4.24571
51 1381 1.0 1.8759108
51 4022 4.0 2.6702814
51 1 4.0 4.190514
51 150 4.0 3.958591
51 4011 4.0 3.6455932
51 2355 5.0 3.5724263
51 1267 5.0 4.476357
51 1344 4.0 2.405915
51 1345 5.0 3.8421614
51 2671 2.0 2.5404477
51 709 3.0 4.4892163
51 2413 5.0 3.3214839
51 2513 3.0 2.968386
51 3745 3.0 3.1478267
51 1061 3.0 3.2616894
51 1388 2.0 2.492446
51 3785 2.0 3.7964737
51 60 3.0 3.1332765
51 2572 3.0 3.4364085
51 2672 1.0 3.6395953
51 3973 1.0 3.4654589
51 4541 3.0 3.472904
52 1127 2.5 2.7628481
52 1219 4.5 3.1663404
52 1240 4.0 2.8012888
52 1258 4.0 2.4950624
52 1261 3.0 2.5577977
52 1374 4.5 2.0071516
52 1387 4.0 3.0397112
52 1994 3.5 2.7599401
52 2118 2.0 2.9500728
52 2664 2.5 3.3510995
52 3476 3.5 0.77685267
52 3550 3.5 2.5110743
52 3793 2.0 2.5719326
52 1101 3.0 1.8727902
52 1644 2.5 2.819301
52 3503 3.5 3.268658
52 4148 3.0 2.4073465
52 173 1.5 2.525579
52 6502 3.5 2.8770504
52 253 1.5 2.4969153
52 1690 3.0 2.564701
52 2428 1.5 2.510985
52 2525 3.5 2.7204132
52 2648 3.5 3.3197732
52 2867 2.0 2.6397638
52 1320 3.5 2.4725049
52 1389 3.0 2.4976153
52 1590 3.0 2.143477
52 1862 3.0 2.5705059
52 1969 2.5 2.8932748
52 2746 1.5 2.9789774
52 2903 3.0 2.5205803
52 6979 3.0 3.110883
52 1301 3.5 3.4182982
52 2900 3.5 3.2600965
52 3013 2.5 2.7413092
52 3499 1.0 2.9252229
52 3587 4.5 2.5601802
52 3802 1.0 2.5752153
52 3892 3.5 2.6461802
52 6748 3.5 3.2160738
52 7360 4.0 2.91011
52 7373 3.5 2.6214702
52 7492 2.5 2.9145536
52 7254 4.0 2.9962962
52 27839 1.5 2.867264
52 532 0.5 2.5837572
52 742 2.5 2.9398024
52 879 1.5 2.5120862
52 3785 3.0 2.8753214
52 1330 1.0 2.378597
52 2279 2.0 2.3730452
52 4541 4.0 2.7738116
52 76 1.0 2.8488472
52 152 3.5 2.7256575
52 680 3.0 3.291529
52 1325 1.5 2.9122899
52 1328 0.5 3.0124109
52 1335 2.5 2.652212
52 1346 3.5 2.707724
52 1980 3.0 2.4988418
52 1985 3.0 2.7809408
52 2117 3.5 3.3165054
52 2121 3.5 2.837699
52 2368 2.5 2.8727334
52 2515 3.0 2.8771248
52 2516 1.5 2.769128
52 2655 2.0 2.9836009
52 2656 2.0 2.6570306
52 2783 3.0 2.9836442
52 2787 1.0 3.1209576
52 2878 2.5 2.8255513
52 2992 3.5 2.6408012
52 3017 1.5 2.6253874
52 3621 3.5 2.631032
52 3630 3.5 2.6296535
52 3666 0.5 2.834627
52 3694 2.0 2.6439369
52 3757 2.5 2.5806236
52 3930 3.5 2.9289417
52 3942 2.5 2.6707995
52 3962 0.5 2.5905018
52 4096 3.0 2.6601396
52 4412 2.0 3.0589252
52 4494 1.5 3.0167942
52 4532 2.5 2.878936
52 4652 2.5 3.037263
52 4670 2.0 2.9301465
52 4689 4.0 2.9099889
52 4744 3.0 2.8222818
52 4752 4.0 2.7366066
52 4758 3.0 2.7544684
52 5094 3.0 2.9191942
52 5413 3.5 2.8670626
52 5476 3.0 2.58332
52 5489 1.0 2.9114654
52 5544 4.0 2.960778
52 5606 3.0 2.9147437
52 5697 3.0 2.919348
52 5731 2.5 2.6809072
52 5735 0.5 2.6957603
52 5737 0.5 2.9903183
52 5862 1.0 2.7434614
52 5981 3.0 2.8461995
52 5983 3.5 2.7370548
52 6304 2.5 3.019566
52 6653 4.5 2.7635798
52 6665 1.5 2.9650333
52 6966 3.0 2.7693262
52 7024 2.0 2.6959136
52 7046 3.0 2.7049637
52 7117 2.0 2.8342996
52 7281 3.5 2.6894884
52 7402 2.5 2.5432794
52 7827 4.0 3.0693958
52 8206 3.5 2.8690224
52 8578 3.5 2.7819417
52 8690 3.5 2.9313872
52 8815 3.0 2.880177
52 8854 3.0 2.8558753
53 2719 3.0 1.8137211
53 2722 3.0 2.7805817
53 2688 4.0 3.7855706
53 2881 3.0 2.7833724
53 3986 3.0 3.3320668
53 612 3.0 3.3226247
53 2861 1.0 3.1934633
54 968 3.5 3.7423036
54 1291 4.0 3.1908967
54 79132 4.5 4.2863092
54 7438 3.5 2.780238
54 69122 5.0 2.774674
54 33794 4.0 4.130184
54 44199 4.0 3.8604102
54 7360 4.5 3.3959305
54 68237 4.0 3.7227848
54 78499 2.0 3.7704754
54 44665 4.5 3.6816993
54 47610 4.5 3.4665403
54 1405 0.5 3.5216603
54 5608 4.0 3.4149725
54 6059 4.0 3.6795568
54 55765 5.0 3.4416432
55 1219 5.0 4.6558948
55 2858 5.0 4.4317036
55 908 5.0 4.7739553
55 1132 5.0 4.512729
55 1204 4.0 4.040061
55 903 5.0 4.30714
55 1207 4.0 4.6380925
55 3067 4.0 4.7724147
55 940 4.0 4.7980356
55 3462 5.0 4.050083
56 50 4.0 4.631476
56 1198 5.0 4.6889887
56 1252 4.0 4.520534
56 1304 5.0 4.0722246
56 1358 4.0 3.89639
56 1617 4.0 3.9102478
56 2997 5.0 3.4819262
56 1079 4.0 5.0
56 3114 5.0 4.7849917
56 1250 5.0 4.139343
56 1207 5.0 4.076991
56 3157 3.0 3.020906
56 1633 4.0 3.6171534
57 356 3.0 4.046759
57 11 4.0 3.4132633
57 805 3.0 3.252231
57 6893 4.5 4.0125265
57 6378 4.0 3.3968751
57 6373 3.5 3.5130439
58 999 3.0 3.8155656
58 736 3.0 3.4978123
58 141 5.0 4.22557
58 805 4.0 3.9816353
58 673 4.0 3.3366082
58 1367 4.0 3.093087
58 628 4.0 3.7542913
58 765 3.0 3.858408
58 1409 3.0 3.3470592
58 113 3.0 3.997435
58 631 3.0 3.8474467
58 1426 3.0 3.847633
59 3527 4.0 3.9628804
59 4148 5.0 3.3401732
59 733 5.0 4.1102133
59 647 4.0 3.4076028
59 3968 2.0 3.2874482
59 64 3.0 3.3668644
59 3260 3.0 3.9370542
59 4062 3.0 3.0787227
60 296 4.5 4.219454
60 1197 3.5 5.0
60 1198 4.0 4.6078267
60 1201 4.5 4.790931
60 2248 5.0 3.9594727
60 4973 4.0 4.827714
60 5952 4.5 4.85326
60 2021 4.0 4.337763
60 235 4.0 3.550418
60 1120 4.0 4.0580506
60 3671 4.0 4.3811064
60 62376 4.0 4.0250306
60 72011 4.0 4.238448
60 6016 4.5 4.651312
60 27773 4.0 4.5895104
60 2706 3.5 4.1008477
60 2717 4.0 3.5684848
60 1209 5.0 4.3094273
60 3007 4.5 4.1757774
60 3087 4.0 3.7797728
60 5956 5.0 4.2546506
60 47044 4.5 4.2956486
60 55118 4.5 5.0
60 55820 4.5 3.277852
60 68237 4.0 4.1406946
60 2193 3.5 4.1646166
60 2114 4.0 4.105468
60 765 3.5 3.9179535
60 26471 4.0 3.8459983
61 32 4.0 4.244455
61 318 5.0 4.1298847
61 736 1.0 3.0438044
61 762 2.0 2.3596683
61 45 4.0 4.572966
61 249 4.0 2.7914982
61 357 4.0 4.065835
61 509 5.0 4.7087607
61 272 5.0 4.695302
61 14 4.0 3.8759637
61 299 3.0 4.087526
61 371 3.0 3.3076653
61 508 5.0 2.5955653
61 786 3.0 3.179426
61 991 4.0 3.4882612
61 43 5.0 3.3697627
61 477 4.0 3.7288923
62 1617 3.0 3.7897236
62 1732 3.0 2.8421192
62 3578 1.0 3.956431
62 3996 5.0 3.6989496
62 7153 4.0 4.1562953
62 2762 4.0 2.795964
62 653 2.0 2.5713387
62 4848 3.0 2.560031
63 541 4.0 4.624369
63 1136 5.0 4.224078
63 1198 4.0 3.6913562
63 1220 3.0 3.0017865
63 1291 4.0 3.8576498
63 1953 4.0 4.370865
63 1965 3.0 3.5968025
63 914 4.0 3.633669
63 1296 4.0 2.8058903
63 1186 3.0 4.31766
63 1960 5.0 3.6129816
63 154 4.0 3.6855257
63 1224 4.0 4.062459
63 1228 5.0 4.4625998
63 1873 3.0 3.75735
63 1964 4.0 2.8896778
63 1273 4.0 4.0293064
63 659 4.0 2.6924887
63 1162 5.0 3.8074868
63 1950 3.0 3.558836
63 1395 3.0 3.426867
63 1913 4.0 3.9976835
63 702 3.0 4.0461855
63 909 4.0 4.107541
63 1161 4.0 3.4989755
63 1238 4.0 3.6462815
63 1918 4.0 3.5098782
64 68954 5.0 4.2879424
64 2105 2.5 4.1039834
64 37386 3.5 3.0183039
64 69844 4.0 3.4640481
64 2114 4.0 3.655709
64 71899 4.0 3.7746596
65 1608 3.0 3.6990938
65 6953 2.5 2.8374689
65 55282 3.0 3.1784596
65 6787 4.5 3.2765892
65 1320 3.0 2.1768079
65 7419 4.0 3.3270226
65 2641 1.0 1.406202
65 3510 3.5 2.665919
65 2133 2.0 3.0379353
65 2971 3.5 2.8458045
65 2520 2.0 2.6715019
65 2521 2.0 3.0375779
65 3153 2.5 2.9214535
65 43936 3.5 2.946879
65 61948 3.0 3.079268
66 588 4.0 2.9751914
66 316 3.0 3.0132267
66 10 3.0 3.3705053
66 95 3.0 2.6772974
66 158 2.0 4.203682
66 353 2.0 3.8621747
66 380 4.0 3.0426261
66 383 5.0 3.426533
66 546 4.0 2.4599307
67 34 3.0 3.2370138
67 500 2.0 3.1300805
67 150 4.0 2.773347
67 344 3.0 3.0937269
67 539 3.0 3.1297882
68 480 3.0 4.1263986
68 527 5.0 5.0
68 1610 5.0 3.6392746
68 2268 4.0 3.4899514
68 509 4.0 5.0
68 1183 5.0 4.495072
68 1213 4.0 4.706124
68 1704 5.0 3.4476879
68 2324 4.0 4.5400753
68 363 5.0 4.0664363
69 1201 5.0 4.666651
69 1206 5.0 5.0
69 1214 5.0 5.0
69 1221 5.0 3.6400294
69 1589 1.0 4.3067117
69 1997 5.0 4.7661047
69 2194 3.0 4.097311
69 2692 4.0 5.0
69 2921 4.0 4.7191105
69 2944 5.0 4.710312
69 2617 3.0 4.0058355
69 2712 1.0 3.9711568
69 2087 5.0 4.5485415
69 509 5.0 5.0
69 2628 2.0 4.366675
69 1095 5.0 4.4265747
69 1269 5.0 4.3210225
69 1673 5.0 4.518784
69 1885 4.0 3.6310115
69 2019 5.0 4.221064
69 2160 5.0 5.0
69 2303 5.0 4.5848413
69 3911 3.0 4.4852734
69 1193 5.0 4.9221325
69 912 5.0 4.8341517
69 1178 5.0 4.959542
69 1264 4.0 3.897457
69 2075 5.0 4.235419
69 2203 5.0 4.670939
69 3038 5.0 4.850424
69 1041 5.0 4.753881
69 2245 3.0 4.13512
69 2919 4.0 4.0075884
69 162 5.0 4.427573
69 1207 5.0 4.895529
69 1222 4.0 4.12562
69 1237 5.0 4.6100526
69 3030 5.0 4.8905997
69 3266 5.0 4.167874
69 3546 5.0 4.7147465
69 3598 1.0 4.596947
69 4262 5.0 4.637122
69 4370 3.0 4.112196
69 6184 5.0 5.0
69 3819 5.0 4.297141
69 4712 5.0 4.3039236
69 3461 5.0 4.2965364
69 1958 5.0 4.0999675
69 458 1.0 3.574875
69 668 5.0 4.671401
69 948 5.0 4.2091255
69 1104 5.0 4.6084476
69 1169 5.0 4.629997
69 2285 5.0 4.491969
69 3167 5.0 4.3222194
69 4190 5.0 4.5540857
69 4283 5.0 4.5819945
69 4390 5.0 4.2884736
69 4529 5.0 4.2215543
70 50 5.0 4.931585
70 260 5.0 4.7198076
70 296 5.0 3.8608572
70 1036 5.0 5.0
70 1092 4.0 3.1939325
70 1129 5.0 3.525422
70 1196 5.0 3.8080347
70 1258 4.0 5.0
70 1291 5.0 3.9155734
70 1374 5.0 2.8185606
70 1573 4.5 4.627862
70 1625 4.5 3.9924352
70 1805 3.0 3.5986855
70 1876 3.0 3.1919088
70 1994 4.0 4.073813
70 2003 4.0 4.56015
70 2012 2.5 3.472721
70 2288 4.5 4.2771106
70 2571 5.0 4.505805
70 3476 5.0 2.4849267
70 3703 5.0 3.4330807
70 5060 3.5 4.493774
70 364 3.5 4.3751173
70 1101 4.0 3.485923
70 1923 4.0 3.7561054
70 3996 4.5 4.174759
70 594 4.0 3.5927703
70 595 3.5 4.427447
70 597 5.0 3.454778
70 830 4.0 2.8993702
70 1059 5.0 3.7011065
70 1243 4.5 3.519679
70 1285 3.0 4.2565703
70 1835 4.0 3.95127
70 4643 3.0 3.0453024
70 6365 4.0 3.429703
70 2959 5.0 4.304979
70 2762 4.0 4.5336037
70 172 4.0 4.009705
70 208 4.0 3.1395373
70 231 3.0 3.8953547
70 539 3.5 5.0
70 586 3.0 3.0841503
70 616 4.0 4.443461
70 1393 4.0 3.5657096
70 2021 4.0 3.9136257
70 2797 4.0 3.7290497
70 168 4.0 3.7014422
70 778 4.5 4.591568
70 1517 3.0 4.144425
70 1641 4.0 4.641177
70 3052 5.0 4.529464
70 3253 4.0 4.0681834
70 6333 5.0 4.0908623
70 6539 5.0 4.162086
70 5481 3.0 4.036408
70 1967 5.0 3.5660703
70 4308 4.0 3.9973736
70 4963 5.0 4.0179677
70 41566 4.0 3.4693778
70 44195 4.5 3.6919541
70 1680 4.5 3.7356133
70 4878 4.5 3.7932699
70 33794 4.5 3.9718053
70 44191 5.0 3.7268178
70 2710 3.0 3.1202426
70 1586 3.0 3.5851567
70 2717 3.0 3.2820792
70 288 5.0 3.9890559
70 29 4.5 4.2037053
70 70 5.0 3.5638158
70 322 4.0 3.271316
70 1391 3.0 3.582547
70 2730 3.0 3.5916681
70 3020 3.0 3.405965
70 5500 3.0 3.803612
70 2470 5.0 3.534258
70 52245 4.5 4.1651497
70 2541 3.5 3.3449178
70 2134 5.0 3.7879152
70 2405 5.0 4.1361485
70 3863 3.0 3.7572317
70 1952 3.5 4.528478
70 728 4.0 3.7781894
70 5026 4.5 3.9644988
71 50 4.0 3.6489532
71 1721 5.0 3.3380182
71 5015 4.0 3.1045487
71 1693 4.0 3.64826
71 40629 5.0 2.8857408
72 32 2.0 4.0092773
72 260 3.0 3.4775543
72 541 2.0 3.950209
72 1198 3.0 3.5482244
72 1214 3.0 3.38514
72 1283 4.0 3.2850008
72 1407 3.0 2.9752622
72 17 5.0 2.960011
72 497 4.0 3.4811983
72 1225 4.0 4.852161
72 1272 3.0 3.9511824
72 923 5.0 3.9992974
72 905 3.0 3.45796
72 911 4.0 3.3190453
72 942 5.0 3.5194294
72 1267 4.0 4.049996
72 1284 5.0 3.4529896
72 1479 3.0 2.2566097
72 1175 3.0 4.1517715
72 1233 4.0 4.400832
72 1603 3.0 3.0607858
72 1788 3.0 3.4752438
72 58 4.0 4.022337
72 1290 2.0 3.535225
73 1200 4.0 4.2693725
73 413 3.0 2.317037
73 410 2.5 3.828612
73 1225 4.0 3.074066
73 2278 4.0 3.8364935
73 1203 5.0 3.2982872
73 1274 4.5 3.3172019
73 5945 4.5 1.954047
73 585 2.0 2.691969
73 5810 2.5 3.2774756
73 67734 0.5 3.240646
73 2105 4.5 3.5058243
73 1729 4.0 2.839485
73 74789 4.0 3.1026843
73 33085 2.0 3.1809769
73 33629 4.0 3.2253287
74 608 5.0 3.7547908
74 25 5.0 3.957729
74 376 4.0 2.705898
74 508 3.0 2.9887092
74 41 5.0 4.137634
74 111 5.0 4.362765
74 628 4.0 3.7150254
74 800 4.0 4.425462
74 1233 5.0 4.3312616
74 1357 5.0 3.979472
74 78 2.0 3.61681
74 92 3.0 3.5911853
74 1464 4.0 3.6989481
75 1197 3.0 3.056699
75 1199 4.0 4.1825266
75 1206 2.0 4.8325744
75 1214 3.0 4.9504805
75 1219 3.0 3.4417417
75 1227 2.0 4.204051
75 1240 3.0 3.8411412
75 1356 3.0 2.603575
75 1358 5.0 3.5406477
75 153 2.0 3.4901938
75 364 3.0 4.207486
75 261 3.0 4.1523514
75 356 1.0 2.917497
75 899 3.0 4.4215417
75 1029 3.0 3.506254
75 1247 3.0 4.0159574
75 62 2.0 2.96165
75 348 5.0 2.9512885
75 249 3.0 2.369077
75 293 4.0 3.7694664
75 539 1.0 3.4738417
75 272 4.0 4.411663
75 1183 5.0 3.8975906
75 1293 3.0 3.4534247
75 1299 4.0 3.2583761
75 141 2.0 3.5784674
75 906 5.0 3.6485093
75 910 3.0 3.6289053
75 922 4.0 4.429514
75 927 4.0 3.284775
75 930 3.0 3.488867
75 1264 3.0 2.950476
75 1273 4.0 3.9852874
75 280 3.0 2.8801134
75 176 5.0 3.7261667
75 232 4.0 3.5064516
75 58 4.0 4.245649
75 1030 3.0 2.9867582
75 1300 3.0 3.7746403
75 1099 3.0 3.0708456
75 425 4.0 3.7242022
75 458 2.0 2.8557034
75 131 3.0 3.3120804
75 461 3.0 3.2312167
75 787 4.0 3.2308998
75 1187 4.0 3.382795
76 1270 4.0 3.5833962
76 1291 3.5 2.8184063
77 260 4.5 3.8116403
77 457 4.0 4.037807
77 1573 4.0 4.264953
77 1645 3.5 4.1238604
77 1721 4.0 3.0358186
77 3408 4.0 3.7194655
77 914 4.5 3.8189192
77 920 5.0 3.8063695
77 508 5.0 4.297719
77 2023 4.5 2.709061
77 3593 2.0 1.7621964
77 5876 4.0 3.843285
77 5991 5.0 3.6685014
77 3148 3.5 3.7538202
77 2605 3.0 2.3890395
78 296 4.0 4.5050654
78 593 2.5 4.1549077
78 750 3.0 4.0021195
78 3949 4.5 3.437342
78 4306 3.0 3.7448006
78 72998 4.5 3.2910242
78 79139 3.5 3.7898235
78 5225 4.5 4.148158
78 46578 2.0 3.7954805
78 69644 2.0 3.4187868
78 671 4.5 4.207687
78 31410 1.0 4.1028657
78 44191 3.0 3.9732618
78 4239 5.0 2.948879
78 30707 1.5 4.550934
78 7254 4.5 3.6944463
78 71535 2.5 3.7845745
78 27660 2.5 4.05555
78 55442 5.0 4.1153064
78 5608 2.5 3.3070638
78 50851 3.5 3.373395
78 67508 4.0 3.685927
78 6291 4.0 3.3477466
78 6482 3.5 3.3376162
78 6672 1.0 3.5523455
78 8117 4.0 3.5637236
78 27731 4.0 3.6963358
78 32657 3.5 3.7275646
78 33162 2.5 3.2741892
78 33903 3.0 3.7848973
78 46723 3.5 3.329054
78 61236 5.0 3.3125172
78 67087 4.5 3.5078065
78 68347 4.0 3.5372562
78 72741 3.5 3.5944734
78 73587 4.0 3.4368532
78 74553 5.0 3.681188
78 76210 2.0 3.713538
78 85179 2.5 3.4320955
79 260 5.0 3.5540626
79 1215 4.0 3.3151872
79 1220 4.0 3.237154
79 1266 4.0 3.590186
79 1610 3.0 2.6568565
79 2011 3.0 3.3320558
79 2268 3.0 3.1929235
79 2791 3.0 3.8109963
79 2985 1.0 4.063233
79 1101 3.0 3.2927363
79 1653 3.0 3.9316714
79 1247 4.0 3.915181
79 11 4.0 3.6156855
79 1552 2.0 3.674938
79 2021 3.0 2.6679194
79 412 5.0 3.1413045
79 1641 3.0 3.7655306
79 903 5.0 4.6015267
79 1917 1.0 2.4887059
79 41 4.0 3.7594502
79 1541 3.0 4.0868683
79 2006 3.0 2.819216
79 307 5.0 3.9382262
79 1244 5.0 4.541894
79 1883 3.0 3.3472924
79 2269 3.0 3.7458808
79 2504 3.0 3.3421235
