1 521 3.0 3.5481174
1 608 5.0 3.178299
1 913 3.0 4.469632
1 968 4.0 3.2553022
1 1199 2.0 3.6936846
1 1219 5.0 3.4875195
1 1242 3.0 3.7242134
1 1257 5.0 3.6409605
1 1261 4.0 3.0033956
1 1266 3.0 4.041719
1 1270 3.0 3.9779902
1 1276 3.0 4.236564
1 1333 4.0 4.242343
1 1347 5.0 3.68695
1 1394 2.0 3.3677585
1 1580 5.0 3.7145216
1 1625 3.0 4.2589836
1 1645 2.0 2.8569553
1 2130 2.0 3.5528955
1 2347 3.0 3.578171
1 2407 5.0 3.190834
1 2532 3.0 3.3886807
1 2542 2.0 2.825805
1 2571 4.0 3.5959992
1 2664 4.0 3.2651236
1 2701 1.0 2.081677
1 2791 4.0 3.5949764
1 2804 5.0 4.4412303
1 2968 2.0 3.5087597
1 2985 3.0 3.8397865
1 3018 3.0 4.077916
1 3576 3.0 2.4201672
1 3702 3.0 3.6437201
1 3706 2.0 3.5828614
1 3827 2.0 2.5511289
1 3927 3.0 3.5122483
1 4082 3.0 3.1354969
2 1356 1.0 4.653245
2 1374 1.5 2.8950787
2 2 4.0 4.046825
2 105 5.0 3.38789
2 349 4.0 3.559305
2 364 5.0 3.4757376
2 552 3.0 3.2248712
2 953 5.0 5.0
2 1377 4.0 2.1124232
2 1584 4.0 4.623946
2 1777 4.0 3.3271716
2 2115 4.0 4.4143567
2 2640 5.0 3.33015
2 2712 3.0 4.0279303
2 3101 5.0 4.245275
3 1196 3.0 4.2195907
3 3 4.0 3.7627206
3 45 3.0 4.516764
3 588 5.0 4.1295257
3 597 4.0 3.1482298
3 708 4.0 3.7315645
3 900 4.0 4.126585
3 901 5.0 4.310824
3 916 5.0 4.0072975
3 920 5.0 4.5279126
3 928 5.0 4.4487767
3 1014 5.0 3.4647665
3 1032 3.0 4.477852
3 1381 2.0 3.5671117
3 1441 4.0 3.923103
3 1947 5.0 4.07785
3 2084 2.0 3.9786086
3 2096 4.0 3.9116926
4 1527 4.5 3.6584332
4 2003 4.0 2.6179972
4 2985 3.5 1.7257591
4 3147 4.5 3.0994036
4 2640 3.0 3.051715
4 45 3.0 3.7713757
4 588 3.0 3.2514374
4 163 4.0 3.4246867
4 345 3.5 3.5589573
4 783 3.5 2.3088324
4 1268 4.0 3.3549676
4 2124 3.5 2.6691644
4 3328 5.0 2.8777997
4 3398 5.0 2.854343
4 4487 3.5 3.1850202
4 4621 3.0 2.8734434
4 5446 4.0 3.1308904
4 6863 4.5 3.5443208
5 613 4.0 3.3464353
5 839 1.0 3.705338
5 1416 2.5 3.6298425
5 2775 4.5 3.1391194
5 48385 2.5 3.914851
5 59725 2.5 3.134437
6 7293 2.5 3.3095012
6 4886 4.0 3.4331884
6 8961 4.0 2.5988882
6 63992 3.5 3.1665335
6 68319 3.5 2.8117838
6 69406 3.5 3.0964272
6 73321 3.5 3.2097023
6 74530 4.0 2.925069
6 78893 4.0 3.0172465
6 80549 3.5 3.0299249
6 80615 4.0 3.5875328
6 85056 4.5 3.1973758
6 88405 3.5 2.9010348
6 90405 4.0 2.844064
6 90647 3.0 3.2194636
6 91978 3.0 3.2035437
6 92264 3.5 3.4870572
6 92422 1.0 2.7666352
6 93242 3.5 3.2641854
6 95720 2.0 2.7969863
6 97752 1.5 3.4010932
6 100302 4.0 3.4094257
6 101577 3.5 3.2765949
6 102903 4.0 2.789727
6 103042 3.0 3.7351654
6 103253 3.5 3.3810463
6 104211 3.5 3.2064579
6 104841 3.0 3.1596675
6 105468 3.5 3.4329734
6 105844 3.5 3.2850046
6 106696 4.5 2.647134
6 106782 3.5 3.465496
6 107436 4.0 2.356486
6 109673 3.5 2.6298156
6 109846 3.0 3.2699106
6 110553 2.5 3.6094995
6 110771 4.0 3.053136
6 111360 2.5 3.0378523
6 111362 4.0 3.5412502
6 112175 3.5 3.510208
6 112303 2.5 3.0947285
6 116397 2.5 3.2427466
6 118696 2.5 3.2628307
7 22 4.0 3.588052
7 34 3.0 3.167783
7 349 3.0 3.5009189
7 11 5.0 4.4015036
7 16 3.0 4.2116504
7 27 5.0 4.010384
7 74 5.0 3.6249483
7 79 5.0 3.2935278
7 150 4.0 4.397734
7 185 4.0 3.5483656
7 186 4.0 3.446269
7 204 3.0 3.6915958
7 231 4.0 3.277883
7 237 4.0 4.2766824
7 319 5.0 3.6224928
7 342 3.0 4.0326085
7 415 3.0 3.4381077
7 468 5.0 2.9848506
7 485 4.0 3.852069
7 491 3.0 4.34815
7 586 3.0 2.988302
8 6 5.0 3.297633
8 110 5.0 3.7288125
8 527 5.0 4.016338
8 589 4.0 3.476325
8 1036 4.0 4.76868
8 1210 5.0 4.701087
8 1610 4.0 3.281581
8 1617 5.0 4.174694
8 2000 4.0 3.410702
8 2947 4.0 4.33861
8 1377 2.0 3.247477
8 920 5.0 4.362114
8 1296 3.0 4.5191584
8 1747 4.0 3.4634485
8 1246 5.0 4.886045
8 2762 3.0 4.5660014
8 150 4.0 4.2091546
8 165 4.0 3.7529836
8 36 4.0 4.380661
8 272 4.0 4.7413125
8 1272 4.0 3.8882058
8 1438 2.0 3.6251633
8 1518 5.0 4.1234975
8 1608 5.0 4.1623774
8 1616 4.0 4.071345
8 1674 5.0 3.4162302
8 1722 4.0 3.80752
8 1960 4.0 4.3861384
8 2002 4.0 2.2402477
8 2150 4.0 4.3245
8 2952 4.0 3.8436143
8 3733 4.0 3.4607372
9 1097 4.0 4.1966867
9 1101 4.0 3.6987286
9 7 3.0 3.5464938
9 224 4.0 3.2652855
9 249 4.0 3.5015175
9 282 3.0 4.747202
9 329 4.0 3.1785045
9 368 4.0 2.736171
9 468 4.0 3.0306945
9 475 5.0 4.0667796
9 36 3.0 3.3254528
9 529 3.0 3.514125
9 1090 3.0 3.5289423
9 168 4.0 3.5924587
9 203 3.0 3.5644484
9 222 3.0 3.9487169
9 371 3.0 3.4999073
9 852 4.0 3.3716598
9 1078 4.0 3.6513183
9 1087 3.0 3.665748
9 1094 4.0 4.265307
10 50 5.0 4.0266356
10 110 3.5 4.039334
10 1196 3.5 3.4454517
10 1208 4.5 5.0
10 1219 3.0 4.101913
10 1257 3.5 3.6850452
10 1258 4.0 4.231627
10 1259 4.0 4.4480114
10 1304 4.0 3.4105268
10 1997 3.5 4.07337
10 2804 4.0 3.7949882
10 2968 4.5 3.8942933
10 5060 3.5 3.6844873
10 265 4.0 4.3830104
10 928 3.0 3.7769394
10 1247 4.0 4.049211
10 1282 4.5 4.26427
10 2054 2.0 1.9316496
10 1246 3.0 3.4890287
10 3481 4.5 3.6712456
10 4306 3.5 3.8295166
10 5952 4.5 4.42476
10 47 3.5 4.6648593
10 293 4.0 3.65514
10 471 3.5 4.1011944
10 2918 3.5 4.2533746
10 300 4.5 3.824194
10 923 4.0 4.9356565
10 1103 4.0 3.694444
10 1248 4.0 4.3218174
10 1350 3.5 3.2403815
10 1673 4.0 3.42124
10 2108 5.0 3.444992
10 2329 4.5 3.6180983
10 2890 4.0 4.0304046
10 3317 4.0 3.5870843
10 3448 2.5 3.0253224
10 3468 4.5 3.7069798
10 3911 4.0 3.884971
10 4009 3.0 3.66674
10 4036 1.5 3.262627
10 4280 1.0 3.410209
10 4848 2.5 3.7414336
10 4979 4.5 3.800429
10 5464 4.0 3.1865215
10 5902 3.5 3.1722186
10 6296 2.5 3.604539
10 6773 4.5 3.5502489
10 7569 2.5 3.6657681
10 7889 4.0 3.6671412
10 8665 3.5 3.880774
10 30810 4.0 4.1109705
11 553 3.0 3.5652936
11 1101 3.0 3.5402472
11 1923 5.0 2.6721892
11 4993 5.0 4.5069823
11 16 4.0 3.4861465
11 19 1.0 2.6283326
12 480 3.0 2.8456228
12 593 5.0 2.8855827
12 2058 3.0 2.9621649
12 5418 4.0 3.9228919
12 5450 2.0 3.0549963
13 527 4.5 4.031578
13 364 4.5 3.8383796
13 48 4.0 3.116322
13 1285 4.5 3.3143766
13 2683 3.5 3.5915787
13 3481 4.0 3.5926561
13 4993 4.5 4.1490083
13 7293 3.5 3.2003868
13 1 4.5 4.0294075
13 158 3.0 2.7422268
13 586 4.0 2.6546173
13 551 3.0 3.9972262
13 1517 4.0 3.3384793
13 4027 3.5 4.3223777
13 6539 4.5 3.4940143
13 912 5.0 3.7329497
13 1064 4.0 3.098358
13 1566 4.0 3.2786436
13 1588 3.5 3.391097
13 1848 2.0 3.551811
13 2042 3.5 3.7765584
13 2123 4.0 3.2999787
13 2138 5.0 3.946628
13 2424 3.5 3.991873
13 3945 3.5 3.538073
13 3988 4.0 2.8494785
13 4238 3.5 4.1487503
13 4963 4.0 4.1130114
13 5900 2.5 3.3467796
13 6377 4.5 4.290154
13 6793 3.5 3.3949955
13 6794 3.5 3.5959432
13 7045 3.5 3.5342815
13 8360 3.5 3.4550874
13 32289 2.5 3.3524203
13 35836 4.0 4.5181317
13 44555 5.0 4.551266
13 45106 3.5 3.4814425
13 45726 3.5 3.221663
13 46062 3.5 3.7206013
13 46578 4.0 3.0953135
13 50802 3.5 3.6328466
13 54503 4.0 4.4279723
13 56152 3.5 3.5843523
13 56176 4.0 3.4973075
13 58078 4.0 3.4670959
13 58803 3.0 3.2891083
13 59141 4.0 3.646285
13 59501 4.0 3.612126
13 61024 1.0 3.66156
13 62718 3.5 3.4184563
13 63540 2.5 3.662843
13 63859 3.0 3.412803
13 68135 3.5 3.8375895
13 71670 3.0 3.5082119
14 318 5.0 3.947072
14 527 5.0 4.130361
14 590 4.0 4.0364494
14 34 5.0 4.3099957
14 597 3.0 2.7559772
14 11 4.0 3.5432615
14 21 4.0 3.4611518
14 292 3.0 2.9288435
14 329 4.0 2.9036958
14 509 5.0 4.5610332
14 161 4.0 3.8446248
14 314 4.0 3.782379
14 531 5.0 3.4667473
15 480 4.0 4.1607647
15 541 3.0 4.36992
15 913 3.0 3.7074287
15 1092 2.0 3.3556836
15 1130 3.0 3.7195678
15 1242 3.0 3.507724
15 1374 5.0 4.0815606
15 1573 5.0 4.407052
15 2000 3.0 3.8995502
15 2987 5.0 4.187238
15 928 5.0 3.9140458
15 1288 5.0 4.4260364
15 380 4.0 3.809731
15 1225 4.0 4.054374
15 931 3.0 3.8556657
15 247 2.0 3.909649
15 253 3.0 2.8391337
15 257 3.0 3.71969
15 904 5.0 3.8847883
15 910 5.0 3.6916096
15 942 4.0 4.493208
15 946 3.0 3.8026826
15 960 4.0 3.8408809
15 1086 4.0 3.6713574
15 1267 5.0 4.530223
15 1690 5.0 3.5673194
15 2201 3.0 3.6891317
15 2206 3.0 3.6940541
15 2528 4.0 4.309408
15 2644 4.0 3.7117043
15 2647 5.0 3.8756692
15 2648 5.0 3.7737625
15 2649 5.0 3.6611662
15 2654 4.0 3.7652106
15 2856 4.0 4.5553403
15 2920 2.0 3.7482817
15 2939 3.0 3.4623141
15 3340 2.0 3.7599387
16 608 4.0 3.0124733
16 736 3.0 3.7103713
16 782 1.0 2.6996136
16 1 5.0 3.6628385
16 804 5.0 3.5615873
16 1047 3.0 2.6849747
17 1378 1.0 2.2871745
17 306 3.0 2.6679895
17 1831 5.0 2.9025316
17 2722 1.0 2.0200274
18 608 5.0 4.500702
18 1198 5.0 5.0
18 1219 5.0 4.4536214
18 2028 5.0 4.128288
18 4973 5.0 4.680687
18 2762 4.5 4.267056
18 1203 5.0 4.2411475
18 7361 5.0 5.0
18 1193 5.0 4.967211
18 2183 5.0 4.4039598
18 2676 5.0 4.489274
18 5878 4.5 5.0
18 6016 5.0 5.0
18 30749 5.0 4.9696083
19 6 4.0 3.2636209
19 3996 4.0 4.1754947
19 356 4.5 4.1150947
19 4306 4.0 3.5006602
19 47 4.5 4.5830593
19 293 4.0 3.9209507
19 1552 3.5 3.3702884
19 5989 3.5 4.0082016
19 784 1.0 3.080108
19 3081 3.5 4.485227
19 5630 4.0 3.223924
19 31410 5.0 3.3348172
19 42718 4.0 3.8481205
19 44191 2.0 4.8258348
20 553 3.0 4.141875
20 1219 5.0 4.519406
20 2571 5.0 4.403407
20 3105 5.0 4.3660474
21 608 4.0 3.349787
21 62 4.0 3.7476084
21 783 3.0 3.3295107
21 494 4.0 3.8794441
21 25 4.0 4.206044
21 141 5.0 3.7884667
21 376 3.0 3.6990502
21 786 3.0 3.8486786
22 780 4.0 2.824933
22 261 3.5 3.1083152
22 356 5.0 0.5
22 830 4.5 0.6028072
22 1 4.0 5.0
22 1345 5.0 2.457711
22 41571 4.5 3.4041278
22 53318 5.0 3.1296782
22 68650 1.0 2.9344327
23 780 3.0 4.722791
23 1259 4.0 4.1451187
23 1321 5.0 5.0
23 1407 4.0 3.050688
23 2003 4.0 3.2658749
23 2701 3.0 2.1596866
23 1249 4.0 3.4452622
23 2617 5.0 2.6264553
23 163 2.0 3.749378
23 1644 4.0 3.3216028
23 95 3.0 3.5753474
23 196 4.0 3.5019493
23 2657 3.0 3.233599
23 1831 3.0 3.8817384
23 2710 5.0 3.4451919
23 849 3.0 3.3296063
23 1389 3.0 3.7686462
23 1562 3.0 3.981245
23 1586 3.0 3.348735
23 1882 3.0 2.4993522
23 2448 4.0 3.8748283
23 2497 1.0 3.7874565
23 2903 3.0 3.7787497
23 3082 4.0 3.6893952
23 3208 3.0 3.5739105
23 3257 3.0 3.131505
24 110 5.0 2.9502273
24 1617 5.0 4.6282
24 736 2.0 2.1182535
24 10 4.0 3.7730963
24 475 4.0 4.217187
24 802 5.0 4.0717025
24 1425 4.0 4.2884803
24 1513 4.0 4.1104093
25 2713 3.0 2.7550313
25 2699 3.0 3.5975611
25 2013 4.0 2.9850864
25 2276 3.0 3.6241436
25 2688 5.0 4.1297317
25 3203 5.0 3.511859
26 296 3.0 3.5786421
26 593 5.0 3.320729
26 377 3.0 3.889362
26 597 3.0 2.4854047
26 185 4.0 3.578521
26 329 3.0 2.9366534
26 586 3.0 3.620754
27 296 5.0 4.3967013
27 1089 5.0 3.6901906
27 1148 4.0 3.9195907
27 2300 4.0 4.0639153
27 3052 4.0 3.7744944
27 986 3.5 3.6217031
27 2706 5.0 3.7620645
27 2004 2.5 3.9769473
27 4351 3.5 4.5618887
27 6893 5.0 4.756259
28 1356 2.0 3.105246
28 1376 2.0 2.4076893
28 329 1.0 2.335495
28 1217 5.0 4.983895
28 2393 2.0 3.4746168
29 1214 5.0 3.5036528
29 2728 5.0 4.1319413
29 1235 4.0 3.7482407
29 2072 3.0 3.8152688
29 2731 4.0 4.1708837
29 3236 4.0 3.9580007
29 3420 4.0 3.868369
30 303 4.0 3.1154034
30 457 4.0 4.73863
30 2 3.0 4.066306
30 153 4.0 3.3159392
30 500 3.0 3.2089648
30 597 3.0 2.2701313
30 413 3.0 3.165257
30 1 5.0 3.65344
30 293 3.0 4.317697
30 368 4.0 3.1885245
30 370 2.0 3.7030292
30 383 3.0 2.8392737
30 410 4.0 4.320425
30 442 3.0 2.793368
30 466 2.0 3.467123
30 529 4.0 3.5306368
30 161 3.0 4.13635
30 300 3.0 4.155578
30 455 1.0 3.1934757
30 551 4.0 5.0
30 435 4.0 2.9069722
30 519 1.0 2.2895322
30 276 3.0 3.4810581
30 280 3.0 4.035661
30 555 4.0 4.1783595
31 6 5.0 3.4299042
31 366 1.0 3.2183359
31 527 3.0 4.187741
31 541 5.0 3.579411
31 1196 4.5 3.9878368
31 1210 3.0 3.2910688
31 1214 3.0 2.679214
31 1215 4.0 4.464312
31 1252 5.0 4.228537
31 1261 4.0 3.5281334
31 1278 4.0 3.9016087
31 1333 4.5 4.6893644
31 1372 2.0 2.8466177
31 1387 4.0 2.8495057
31 1799 1.0 3.1016269
31 1953 5.0 3.7915678
31 1965 5.0 2.9219341
31 2028 2.0 4.039679
31 2167 3.0 3.4312637
31 2194 3.0 4.0344768
31 2391 3.0 3.2733953
31 2478 0.5 2.164089
31 2858 0.5 4.410063
31 2922 3.0 3.8822932
31 2987 3.0 3.125021
31 3147 1.5 4.112492
31 3682 3.5 3.3129973
31 3706 4.5 3.7294278
31 3836 4.5 3.449555
31 4043 3.0 3.2953076
31 364 2.0 4.161024
31 1721 1.0 2.1653574
31 5 0.5 3.5559523
31 588 2.0 3.7276974
31 920 0.5 3.4269023
31 1024 0.5 3.4787557
31 1247 4.0 4.086512
31 1747 4.0 3.1737688
31 1947 0.5 3.3613474
31 2081 0.5 3.4092267
31 782 4.0 2.946112
31 1268 0.5 3.5699186
31 2455 5.0 3.561625
31 3328 5.0 3.1957486
31 4643 1.0 3.1790643
31 5952 0.5 3.7830248
31 6365 3.5 3.4255493
31 3744 0.5 2.668674
31 4902 4.0 4.508661
31 165 3.0 3.2011964
31 319 4.0 3.8707275
31 380 2.0 4.2290425
31 410 4.0 3.3600981
31 1090 4.0 2.30358
31 1213 5.0 3.9737506
31 1225 5.0 3.835744
31 1263 5.0 4.775251
31 1411 4.0 3.746516
31 1682 3.0 3.3973575
31 1687 0.5 3.4151936
31 2278 3.0 4.3180833
31 2427 3.0 3.559351
31 3256 0.5 3.0441985
31 3418 0.5 3.4364617
31 52 1.0 3.1960247
31 193 5.0 1.7410586
31 246 4.0 4.0963736
31 446 0.5 3.720063
31 653 0.5 3.4711235
31 1095 5.0 3.7158482
31 1224 4.0 3.8797438
31 1945 0.5 3.2507088
31 2300 4.5 2.9261
31 2502 4.0 3.744859
31 2700 4.0 3.7474775
31 3267 3.0 4.187469
31 4979 4.5 3.6574469
31 5618 3.5 4.0684776
31 5679 2.5 3.9052198
31 6003 4.5 3.4715767
31 6333 3.0 4.1100764
31 6539 3.0 3.7006018
31 8665 5.0 3.7820137
31 145 2.0 3.7243989
31 986 1.0 3.450702
31 4308 3.0 4.2569
31 4963 3.0 3.7437568
31 6502 2.0 4.186983
31 6794 0.5 3.5330918
31 306 2.0 3.6529832
31 253 3.0 3.5245874
31 911 0.5 3.7350748
31 1284 5.0 3.6007316
31 1334 0.5 3.1598315
31 1941 2.0 3.884505
31 2644 2.0 3.7066293
31 3088 4.0 4.1739807
31 1047 4.0 2.5294714
31 3269 0.5 3.742225
31 3081 3.0 3.7411082
31 44199 5.0 3.3766313
31 2706 2.5 3.2639437
31 3105 0.5 3.8751504
31 2662 0.5 3.8783214
31 1320 4.0 3.4604666
31 33166 2.0 4.0529857
31 1292 1.5 3.6818058
31 2439 4.0 3.4027236
31 2731 2.0 3.4923136
31 3712 0.5 3.4703643
31 216 3.0 3.5894263
31 123 5.0 3.3841646
31 188 0.5 3.3408208
31 232 3.0 3.7731948
31 326 2.0 3.512728
31 332 4.0 3.6860614
31 394 4.0 3.6053905
31 407 5.0 3.6695054
31 507 3.0 3.7028267
31 565 4.5 3.1355746
31 610 3.0 3.193388
31 933 3.5 3.5020156
31 954 2.0 3.573383
31 1007 0.5 3.6496556
31 1011 0.5 3.391574
31 1018 1.0 3.5951433
31 1175 4.5 4.058084
31 1237 3.5 3.6803083
31 1301 3.5 4.266139
31 1327 0.5 3.4584062
31 1672 0.5 3.530911
31 1713 3.0 3.3779855
31 1827 4.0 3.6408207
31 1856 5.0 3.6327894
31 1884 4.0 3.8283415
31 2074 5.0 3.5917647
31 2089 1.0 2.8998883
31 2116 4.0 3.3043041
31 2119 2.0 3.216198
31 2126 1.0 3.584084
31 2165 3.0 3.646087
31 2328 4.0 3.547606
31 2356 1.5 3.3552175
31 2394 0.5 3.6743104
31 2413 4.0 3.4316578
31 2718 3.0 3.6043868
31 2798 0.5 3.499049
31 2819 3.0 3.3422868
31 2844 2.0 3.4564364
31 2847 5.0 3.4738138
31 2900 4.5 3.4196482
31 2953 0.5 3.5589023
31 2965 0.5 3.5728536
31 2970 5.0 3.3681364
31 2983 5.0 3.7632096
31 3087 2.0 3.2475533
31 3182 5.0 3.6429062
31 3213 2.5 3.5262885
31 3238 4.5 3.7122571
31 3262 5.0 3.6135082
31 3726 5.0 3.3688405
31 3741 5.0 3.6089969
31 3798 0.5 4.1910596
31 3809 3.0 3.734636
31 3837 3.5 3.5362315
31 3872 4.5 3.479806
31 3968 3.0 2.323869
31 3970 5.0 3.626108
31 4007 4.0 3.7904754
31 4019 2.0 4.1077476
31 4020 3.0 3.5591059
31 4093 1.0 3.452067
31 4149 3.0 3.4767106
31 4339 2.0 3.492832
31 4441 5.0 3.1883256
31 4542 2.0 3.4668236
31 4553 5.0 3.605345
31 4587 1.0 3.7417085
31 4640 5.0 3.2539277
31 4641 4.5 3.258602
31 4710 4.0 3.6161342
31 4751 2.0 3.7228184
31 4846 3.0 3.2826557
31 4954 3.0 3.536613
31 4958 0.5 3.372348
31 5049 4.5 4.160133
31 5102 0.5 3.2979288
31 5105 0.5 3.6630406
31 5120 4.0 3.2474556
31 5170 1.0 3.5162172
31 5219 3.0 3.3561032
31 5249 5.0 3.2795928
31 5401 2.0 3.5447116
31 5426 4.5 3.4522665
31 5522 4.5 3.348554
31 5531 2.0 3.44556
31 5590 5.0 3.6278584
31 5605 4.5 3.6154237
31 5867 4.0 3.8060818
31 5891 0.5 3.4938645
31 5941 4.0 3.7013814
31 5959 4.5 3.5712113
31 6047 3.5 3.5375502
31 6062 3.0 3.6131942
31 6219 5.0 3.469603
31 6222 4.5 3.4964786
31 6288 4.0 3.8130968
31 6294 0.5 3.2997491
31 6387 1.5 3.5657365
31 6500 3.5 3.626382
31 6537 2.5 3.8295674
31 6585 4.0 3.3652425
31 6610 1.5 3.6336973
31 6629 3.5 3.5518281
31 6721 3.5 3.7296345
31 6741 3.0 3.1647034
31 6820 2.0 3.7591121
31 6852 4.0 3.5593657
31 6873 5.0 3.4845684
31 7013 4.5 3.3361456
31 7070 5.0 3.4306734
31 7171 5.0 3.740021
31 7223 3.5 3.5048435
31 7300 4.5 3.3711746
31 7387 5.0 3.751962
31 7442 2.0 3.3157763
31 7586 5.0 3.2746005
31 7932 4.5 3.509555
31 8011 4.0 3.2676597
31 8012 5.0 3.516635
31 8142 5.0 3.7833686
31 8198 4.0 3.4026313
31 8253 5.0 3.5472085
31 8257 1.0 3.5889003
31 8370 4.5 3.4727578
31 8371 4.0 3.5810642
31 8495 4.5 3.5614932
31 8528 3.5 3.3273156
31 8623 2.0 3.7746632
31 8661 1.0 3.324169
31 8711 3.0 3.572878
31 8751 5.0 3.6892843
31 8790 5.0 3.5157368
31 8798 5.0 4.09838
31 8846 3.5 3.5945742
31 8910 4.5 4.056707
31 26152 4.0 3.5341423
31 26283 5.0 3.41331
31 32011 3.5 3.6143796
31 33004 3.0 3.2888055
31 33171 5.0 3.7520711
31 34323 3.0 3.719884
31 36401 4.0 3.453051
31 46430 3.0 3.5071936
32 1372 4.0 3.4452517
32 3363 4.0 3.4328303
32 153 4.0 4.288207
32 364 3.5 4.916943
32 500 4.5 3.254048
32 1377 3.5 3.0615082
32 1584 3.5 3.6163487
32 2384 3.5 2.2884743
32 3408 4.0 4.1445026
32 5299 3.5 3.5311706
32 934 3.5 3.3159575
32 1307 4.0 4.483252
32 1246 4.0 3.2041698
32 3481 3.5 4.055731
32 4022 3.5 3.3159077
32 529 4.0 3.3858097
32 1302 3.5 3.068114
32 2352 3.5 3.6246042
32 852 3.5 3.350791
32 5418 4.5 3.7228286
32 3034 4.0 3.2094882
32 2469 4.5 3.260671
32 3310 4.0 3.7180831
32 4225 3.5 3.324026
32 4361 4.5 2.6162446
33 158 4.0 3.0005333
33 1552 2.5 4.1961374
33 253 3.0 4.168382
34 110 5.0 3.325588
34 480 3.0 3.356996
34 527 4.0 4.157435
34 589 3.0 3.000136
34 592 3.0 2.9479022
34 2 3.0 2.7618814
34 62 4.0 3.8403025
34 186 3.0 2.8503754
34 454 3.0 3.7157457
35 1266 4.5 4.2180147
35 1909 3.5 3.5797915
35 1377 4.0 1.5859603
35 588 3.0 3.4951143
35 1028 4.5 3.0632899
35 2006 2.5 3.7569447
36 110 5.0 1.4485797
36 260 2.0 3.0054061
36 527 4.5 3.509527
36 592 3.0 2.356551
36 593 4.5 3.8116205
36 1036 4.0 4.086961
36 1198 2.5 3.050505
36 1259 3.5 3.5218546
36 1270 1.0 2.8291097
36 2858 3.5 3.0112696
36 356 4.5 2.0699835
36 1380 3.5 1.8374932
36 1485 1.0 3.1114547
36 4014 3.5 3.2318466
36 6942 4.0 3.1036787
36 2762 5.0 3.2421033
36 1 2.5 4.606354
36 16 2.5 2.0235553
36 1674 3.0 2.7268996
36 2150 1.5 3.287501
36 2353 2.5 3.8637984
36 2763 2.5 2.912769
36 1124 2.5 3.6886146
36 2474 3.5 3.086215
36 3751 3.0 3.0049894
36 5989 3.0 3.2954755
36 7438 3.5 2.9111588
36 8464 2.0 3.1556528
36 8622 3.0 3.2221649
36 19 2.5 4.5506716
36 5377 3.0 3.4392984
36 8360 2.5 2.8172522
36 3948 4.5 3.4753091
36 4995 4.5 3.6461537
36 1779 1.0 2.9878573
36 337 1.5 3.2652907
36 2953 0.5 2.9617026
36 3916 4.5 2.6885123
36 4019 3.5 3.2899058
36 4223 3.0 3.2404628
36 4776 2.0 3.6749666
36 30707 5.0 2.519803
36 58 2.5 3.3786209
36 1271 3.0 2.755966
36 4508 3.5 3.2374635
36 7160 3.5 2.8263664
36 7162 3.5 2.8268514
36 7579 2.0 2.585158
36 8132 5.0 3.449194
37 648 4.0 3.641206
37 1196 3.5 4.0156937
37 1265 4.5 4.054515
37 2692 4.5 4.2005734
37 2716 3.5 4.7296953
37 356 5.0 3.0076013
37 1961 4.0 3.835611
37 5446 2.0 3.310529
37 8961 3.5 3.4843516
37 8874 4.0 4.2136593
37 5378 3.0 3.4589152
37 30707 4.5 3.7154043
37 1927 2.5 3.2047603
37 48774 3.5 4.2025514
37 55820 2.5 4.1584034
38 318 5.0 4.7763286
38 2959 5.0 4.5042872
38 170 2.5 3.7267897
38 616 4.0 3.8900397
38 3108 4.0 4.4754553
38 4226 4.5 4.213886
38 5349 4.0 4.2846146
38 5618 4.5 4.438901
38 849 3.0 3.7995677
38 34405 4.0 4.617098
38 2641 4.0 2.4878633
38 27611 4.0 4.8214374
38 52281 5.0 4.294528
38 55908 4.0 4.7653084
38 68237 4.5 4.001281
39 110 4.0 3.5059116
39 260 4.0 2.4176497
39 457 1.5 3.615387
39 589 2.5 3.1544006
39 1240 4.5 3.2547138
39 1291 2.5 2.6112835
39 2542 3.5 2.6320498
39 2858 3.0 2.6763191
39 597 0.5 2.0624294
39 908 2.5 3.514535
39 4973 4.5 2.9527292
39 60069 4.0 3.7696745
39 2762 1.0 3.129586
39 293 4.0 3.1709323
39 4226 3.0 2.1657803
39 45517 4.0 3.2572958
39 68954 4.0 4.531066
39 76093 3.0 3.7405844
39 3275 2.0 2.3847265
39 3704 3.0 3.1189551
39 7022 4.0 3.7766993
39 49272 3.0 2.7483363
39 71535 3.5 2.6933799
39 5971 4.0 3.1333766
39 47997 3.5 3.2084384
39 85414 3.0 3.517644
39 86332 0.5 3.2426152
39 86880 3.0 2.9218738
40 1321 3.5 4.352899
40 2011 3.0 3.7541301
40 5218 3.0 3.8642845
40 5299 3.0 3.70997
40 595 4.0 3.7465951
40 1230 3.0 3.513634
40 1639 4.0 4.065975
40 163 4.0 3.727465
40 6365 2.0 3.8461702
40 2719 4.0 2.8233628
40 45499 3.0 3.3845398
40 72998 4.0 3.9621503
40 79132 4.5 4.2625523
40 81417 2.0 2.5097806
40 82461 3.5 3.2413146
40 91529 4.0 4.049025
40 97752 5.0 3.870115
40 106002 3.0 3.508424
40 106487 4.0 3.830749
40 111759 4.5 3.6601267
40 1 3.5 3.493071
40 454 3.0 3.442158
40 223 4.0 3.6187713
40 551 4.0 3.87629
40 1274 3.0 4.41664
40 2700 2.0 3.6472688
40 6539 4.0 3.6508372
40 32587 4.0 4.4085436
40 104 2.5 3.7171211
40 2138 3.5 3.9088132
40 3114 3.0 4.558469
40 4963 3.0 3.926744
40 5444 2.5 3.0545561
40 6502 4.0 3.7926495
40 44195 4.0 3.6364934
40 54503 4.0 4.470243
40 31696 3.0 3.777841
40 33794 4.5 3.763077
40 216 2.0 3.6737359
40 70 3.5 3.3932889
40 1015 3.0 3.081048
40 2089 3.0 2.9462185
40 4816 3.5 3.3858664
40 5507 2.0 3.0779412
40 6378 3.5 3.700632
40 7347 4.0 3.5870275
40 51540 4.0 3.8254585
40 8784 4.0 3.3750446
40 5816 3.0 3.410383
40 53464 3.0 3.2122235
40 48394 5.0 4.386255
40 609 3.0 3.4133873
40 1126 3.0 3.5172021
40 2161 5.0 2.7966106
40 2313 4.0 4.216049
40 2687 3.5 3.5197046
40 3624 3.5 3.4960594
40 4366 3.5 3.82108
40 4638 4.0 3.6528924
40 7812 3.0 3.5591915
40 8640 3.5 3.6542327
40 27772 4.5 3.8026438
40 31184 3.0 3.7123752
40 34111 4.0 3.4978158
40 34150 3.0 3.7241278
40 40278 4.0 3.5117776
40 42002 5.0 3.4347668
40 42213 4.0 3.6781175
40 46530 3.5 3.6149442
40 48082 2.5 3.713035
40 48738 4.0 3.6790009
40 53519 4.0 3.5823224
40 58998 4.5 3.6128738
40 59995 4.5 3.5914228
40 61132 3.0 3.4305103
40 61240 3.5 3.8765826
40 63072 2.5 3.5972774
40 63113 3.0 3.5501845
40 72117 4.0 3.5820177
40 74754 5.0 3.6238663
40 77800 4.0 3.596414
40 78759 3.0 3.318864
40 80463 3.5 3.658574
40 81591 3.5 4.2710238
40 81845 4.5 3.7452626
40 83613 2.5 3.5368602
40 88744 4.0 3.2805018
40 89864 4.0 3.4738688
40 94959 3.5 4.2248406
40 95207 0.5 3.687147
40 95510 4.0 3.7901063
40 100810 4.0 3.5059314
40 101362 3.0 3.4554267
40 102880 3.5 3.742457
40 103249 4.5 3.3215256
41 1022 4.0 4.6972885
41 1951 4.0 3.9098964
41 2096 4.0 4.506646
41 2102 5.0 3.856804
41 1081 3.0 4.4565363
41 2746 5.0 3.3530793
41 1397 5.0 4.3677464
41 2083 5.0 4.275829
41 2941 2.0 4.643266
42 339 4.0 2.883777
42 440 3.0 2.9902153
42 11 3.0 3.32152
42 186 3.0 2.5893266
42 454 3.0 3.3064873
42 508 5.0 4.3720903
42 288 3.0 3.3793707
43 457 4.0 3.1121902
43 590 3.0 3.8478208
43 349 4.0 3.3272536
43 316 3.0 3.1855981
43 150 3.0 3.5927627
43 165 2.0 3.8644512
43 380 3.0 3.169033
43 14 4.0 3.6815643
43 161 3.0 3.7145727
43 532 3.0 2.8104892
44 50 5.0 4.5060143
44 296 4.0 4.6634603
44 318 4.5 4.4615483
44 593 4.5 4.5210576
44 1198 4.5 4.230977
44 1214 4.5 3.8137436
44 1240 4.0 4.1301494
44 1291 4.5 3.7361875
44 2001 3.5 3.833942
44 2407 3.5 3.2441661
44 552 3.5 2.973762
44 1777 3.0 4.0465555
44 3408 4.0 4.221032
44 7153 4.5 4.2379203
44 2302 3.5 4.3590703
44 89745 4.5 3.4410133
44 102125 3.5 4.269226
44 103141 3.5 3.6441798
44 103253 3.5 3.828002
44 105504 4.5 3.6969366
44 1213 4.0 4.1459155
44 1263 4.0 4.7796626
44 2763 4.0 3.439194
44 1204 4.0 3.5769973
44 4226 4.5 3.3340588
44 4855 3.0 3.6926367
44 5618 4.5 4.3125963
44 6539 4.0 3.758335
44 7361 5.0 4.044363
44 1193 4.5 3.817322
44 4963 3.5 4.187852
44 72011 4.0 3.9630966
44 54286 3.0 4.120385
44 52281 3.0 4.3017144
44 68237 3.5 3.7841196
44 70286 4.0 4.1748233
44 71530 3.0 4.1298084
44 91542 4.0 3.1146915
44 103249 3.0 3.5501506
44 106489 3.5 3.9500668
44 59369 3.5 4.3139095
44 67255 4.5 3.7239454
44 69844 3.5 4.0030375
44 73017 4.0 3.5841224
44 91630 3.0 3.875421
45 32 4.0 4.12375
45 480 3.0 3.646325
45 541 5.0 3.9200704
45 1036 4.0 3.9015079
45 1127 3.0 3.187688
45 1199 5.0 3.7896922
45 1208 5.0 4.9292846
45 1215 5.0 4.1434393
45 1358 4.0 4.498184
45 1374 5.0 3.1183932
45 1573 3.0 4.0056577
45 1617 4.0 3.769932
45 1909 3.0 4.0638633
45 2011 2.0 3.292911
45 2118 3.0 3.6169338
45 2478 3.0 2.168287
45 2716 2.0 3.4582856
45 3471 5.0 3.250009
45 3703 5.0 3.533214
45 3793 4.0 3.4511714
45 1584 4.0 4.041182
45 2067 4.0 4.3222785
45 2406 4.0 3.674927
45 3408 4.0 4.639176
45 3623 3.0 3.041988
45 3996 5.0 4.1771355
45 39 3.0 3.7397997
45 356 4.0 3.8141155
45 497 4.0 4.756428
45 1029 5.0 3.7010446
45 1307 4.0 3.5293565
45 1947 5.0 3.5225496
45 1968 5.0 3.222699
45 2087 5.0 3.8802254
45 62 3.0 3.5601735
45 1246 5.0 3.9993908
45 2683 4.0 3.9588945
45 3481 5.0 3.7758973
45 4014 4.0 3.6139166
45 2762 4.0 3.7403429
45 21 3.0 3.3964267
45 293 3.0 3.9695272
45 442 2.0 3.2019644
45 539 3.0 3.4525933
45 616 5.0 3.455285
45 1090 5.0 3.3189652
45 1225 4.0 4.1962237
45 1960 5.0 4.711251
45 2628 4.0 3.236493
45 3418 4.0 3.4060917
45 1095 3.0 4.1161275
45 1103 4.0 3.8331466
45 1171 4.0 3.8308878
45 1704 4.0 4.330683
45 1885 2.0 3.741114
45 2144 3.0 3.4461381
45 919 5.0 3.809841
45 2085 5.0 3.5226648
45 3081 4.0 4.0852556
45 1544 3.0 2.945673
45 1513 3.0 3.6759355
45 1373 1.0 3.0546432
45 1235 4.0 3.6830328
45 1273 4.0 4.2836614
45 2033 3.0 2.3119152
45 2116 3.0 3.7541015
45 2275 4.0 3.70294
45 2282 4.0 3.9116316
45 2413 3.0 4.1427474
45 4103 5.0 4.2886024
45 2324 1.0 4.43334
45 58 5.0 4.246557
45 242 4.0 3.723743
45 866 1.0 3.9538305
45 1030 3.0 3.5260196
45 1037 1.0 3.8246942
45 2110 4.0 3.5220685
45 2122 3.0 3.4053552
45 2148 3.0 3.2620544
45 2421 2.0 3.8178563
45 3287 3.0 3.962862
45 3910 4.0 3.6645489
45 3972 4.0 3.622957
46 527 5.0 4.933054
46 1584 5.0 4.469178
46 3481 5.0 3.7840471
46 3744 4.0 3.2845514
46 2428 3.0 3.0858605
46 3146 2.0 3.0530815
46 273 4.0 3.5027974
46 1320 3.0 3.4621785
46 2560 4.0 3.660921
46 3316 3.0 3.8842418
47 296 3.0 4.2278423
47 590 3.0 3.8822925
47 153 3.0 2.8215075
47 150 4.0 4.158749
47 292 4.0 2.8198054
47 329 5.0 2.9793763
47 380 4.0 3.7651882
47 454 3.0 3.6173594
47 300 3.0 4.0306034
48 648 5.0 3.7463758
48 1136 5.0 3.8973594
48 1200 5.0 3.4615226
48 1220 4.0 4.1507854
48 1261 3.0 3.6188989
48 1356 4.0 3.937841
48 1573 4.0 4.093898
48 1909 4.0 3.7336051
48 5060 4.0 4.422443
48 2 5.0 3.5193338
48 153 4.0 3.0824642
48 364 4.0 3.5752535
48 1377 4.0 2.8484516
48 1777 3.0 3.6494398
48 2406 3.0 3.8754888
48 2617 5.0 2.700626
48 39 2.0 3.6734033
48 1282 3.0 3.4564464
48 1307 3.0 5.0
48 2709 4.0 4.3155155
48 370 4.0 3.423453
48 733 4.0 4.6516194
48 2797 3.0 3.4283538
48 2918 4.0 4.626413
48 435 3.0 2.8041577
48 661 3.0 4.238389
48 673 4.0 4.1715755
48 1033 2.0 3.8301804
48 1566 4.0 3.3307314
48 1917 3.0 2.3160546
48 2141 4.0 3.7021248
48 969 2.0 4.09906
48 4718 5.0 2.95259
48 3948 4.0 3.988339
48 788 4.0 2.8649578
48 1591 4.0 3.3267128
48 2393 4.0 3.9466245
48 216 5.0 3.7344923
48 70 4.0 3.5263631
48 1603 4.0 3.3991635
48 1665 5.0 3.3308115
48 2048 3.0 3.6976113
48 2090 3.0 3.4530299
48 2431 5.0 3.2228236
48 2953 3.0 3.8772995
48 3752 5.0 3.8911695
48 4019 5.0 3.4787436
48 4321 4.0 3.0901139
48 575 3.0 3.9238465
48 1702 4.0 2.804321
48 3033 5.0 3.60332
48 4446 4.0 3.9767766
48 4638 4.0 4.0299096
48 3785 4.0 3.820388
48 577 3.0 3.5352705
48 765 4.0 3.1640186
48 810 2.0 3.2806687
48 813 3.0 3.7660487
48 833 4.0 3.7531285
48 880 4.0 3.0276766
48 1016 3.0 3.6008358
48 1453 3.0 3.4917593
48 1474 3.0 3.7896469
48 1707 3.0 3.4219847
48 2060 5.0 4.0022445
48 2162 3.0 3.7315304
48 2498 3.0 3.6216571
48 3113 4.0 3.583257
48 3439 5.0 3.5347059
48 3440 4.0 3.6089635
48 3500 4.0 3.757569
48 3821 2.0 3.7753863
48 3964 3.0 3.8552985
48 4006 5.0 3.7155128
48 4153 4.0 3.91955
48 4477 5.0 3.793089
48 4545 3.0 3.6808848
49 968 4.0 3.680624
49 2396 4.0 3.5737433
49 2683 4.0 4.155127
49 2688 3.0 3.5194213
49 2702 3.0 3.18485
49 2881 3.0 3.7573187
49 2840 4.0 3.3642845
50 1092 4.0 3.653208
50 2407 3.0 3.6625857
50 2571 5.0 4.802507
50 4022 3.5 3.2209802
50 6365 4.5 2.886369
50 2628 4.5 3.5392165
50 5445 4.5 4.31829
50 6539 5.0 4.3701124
50 2657 5.0 3.7940927
50 2671 2.0 3.0890732
50 3717 4.0 3.2754772
50 6294 5.0 3.6028748
50 6537 5.0 4.083249
50 4018 3.5 3.8619947
50 6218 4.0 3.6164825
50 2618 3.5 3.7599242
50 3534 3.5 3.6753488
51 50 5.0 4.7038097
51 589 3.0 3.4263818
51 1200 4.0 4.298941
51 1219 5.0 4.267219
51 1387 3.0 3.182162
51 1805 4.0 2.2024803
51 1249 5.0 2.4936075
51 2291 3.0 3.082177
51 2396 5.0 3.844301
51 2617 2.0 2.281496
51 261 4.0 3.520674
51 377 2.0 2.9605718
51 588 3.0 2.6421103
51 594 3.0 3.0659933
51 708 3.0 2.9805124
51 1022 3.0 2.9674091
51 1282 2.0 4.1438537
51 2302 4.0 3.7932174
51 3897 4.0 3.2899704
51 4621 3.0 3.219504
51 2959 4.0 3.8756168
51 282 3.0 3.8772235
51 353 4.0 1.9336132
51 36 4.0 3.3930862
51 2918 5.0 3.805699
51 2599 5.0 3.9833422
51 903 3.0 3.8753345
51 26 4.0 3.9648638
51 31 3.0 2.5190718
51 2657 5.0 3.5710871
51 1717 3.0 2.728807
51 288 5.0 3.277935
51 1093 3.0 3.2327626
51 2541 4.0 2.961829
51 3581 5.0 3.1006289
51 866 5.0 3.8052864
51 2338 1.0 2.738369
51 4090 5.0 3.6189241
51 2025 4.0 3.3018043
51 2107 1.0 3.3850696
51 4951 4.0 3.4716656
52 432 1.5 2.13153
52 480 3.5 3.307558
52 750 5.0 3.081452
52 1200 3.0 2.395233
52 1206 5.0 3.7209501
52 1278 3.5 2.4859104
52 1304 3.0 2.6154842
52 2713 3.0 1.9808416
52 2901 4.5 3.5090718
52 3917 3.5 3.2032015
52 4128 2.0 3.7427554
52 908 4.0 3.5138254
52 6250 1.0 1.9719523
52 328 1.5 2.9776525
52 5679 2.0 3.285605
52 1924 2.5 3.0089676
52 2105 3.5 2.47501
52 2366 3.0 3.3486488
52 724 3.0 2.6736498
52 2662 3.0 3.1264148
52 1971 3.0 2.914287
52 1987 3.0 2.6898034
52 70 3.5 2.9509997
52 177 2.5 2.9268265
52 188 1.5 3.1523967
52 332 3.5 2.7955897
52 407 3.5 2.9114552
52 610 3.0 2.6519566
52 735 3.5 2.9456406
52 1676 2.5 2.5424469
52 1999 4.0 2.621361
52 2140 3.5 3.397139
52 2898 2.5 2.9380445
52 2982 3.0 2.8439586
52 3652 4.0 3.0876012
52 3693 3.5 2.3179667
52 3727 4.5 3.273171
52 3826 3.0 2.3239486
52 4518 2.5 3.1359746
52 4833 5.0 2.345125
52 6184 4.5 3.3381243
52 6774 4.5 3.4702213
52 6880 4.5 2.9397995
52 7029 4.0 3.1086824
52 7123 4.0 2.827414
52 7235 3.5 3.1882453
52 8501 4.5 2.8365877
52 1388 0.5 0.8300772
52 3033 2.5 3.4115086
52 6952 3.0 2.5777054
52 8019 4.0 3.1208448
52 1077 1.5 2.817047
52 2498 2.5 2.7195303
52 2107 2.0 3.0477858
52 606 3.5 2.6961126
52 611 3.0 2.9614496
52 842 2.0 2.8569708
52 1324 0.5 2.9510565
52 1331 3.0 2.9554703
52 1655 1.5 2.7612224
52 1983 2.0 2.8560908
52 1984 3.5 2.7372396
52 1988 2.5 2.9301236
52 1993 2.5 2.9460878
52 1996 2.5 2.8538485
52 2149 2.0 2.913128
52 2159 3.5 3.5104115
52 2256 3.0 2.9645045
52 2464 3.0 2.7590342
52 2634 3.5 2.9039803
52 2789 3.0 3.057502
52 3021 3.0 2.7724466
52 3070 3.5 2.5030859
52 3294 2.5 2.8057778
52 3490 3.0 2.51306
52 3660 1.0 3.0585086
52 3661 1.0 2.839104
52 3692 2.5 2.878263
52 3770 3.5 2.861674
52 3918 3.5 2.897983
52 3934 3.0 2.690114
52 3939 1.5 2.9370778
52 4135 1.0 2.955881
52 4195 3.5 3.2934456
52 4417 4.0 2.9636285
52 4425 2.0 2.8743865
52 4472 3.0 2.8404422
52 4497 1.5 2.8838181
52 4501 0.5 2.9509563
52 4697 3.5 2.8102543
52 4986 1.5 2.8539486
52 5128 0.5 2.8417606
52 5205 2.5 2.8750067
52 5206 3.5 2.9320133
52 5305 1.5 2.749641
52 5569 1.0 2.9891512
52 5587 1.5 2.6624095
52 5595 1.5 2.9132278
52 5640 3.0 2.844671
52 5691 2.0 2.9283242
52 5717 3.0 2.8496528
52 5734 0.5 2.85608
52 5740 1.0 2.9705524
52 5833 0.5 2.8909009
52 5925 3.0 2.9873118
52 5998 1.5 2.864065
52 6094 0.5 2.737137
52 6243 1.5 3.1557384
52 6574 1.0 2.951743
52 6695 3.5 2.869858
52 6803 4.0 2.8106134
52 6848 3.0 2.9456406
52 7239 3.0 2.9285235
52 7289 3.0 2.7980332
52 7342 1.5 2.8062212
52 8035 4.0 2.7391012
52 8062 2.0 2.8260932
52 8778 2.5 2.9861515
52 8885 2.5 2.5258088
52 8886 2.5 2.8641782
52 8889 3.5 2.9171991
52 31026 1.0 2.648955
53 593 5.0 2.7399838
53 3623 4.0 2.0280626
53 2355 4.0 2.623598
53 2710 1.0 3.1107872
53 3005 4.0 3.675652
53 1911 2.0 3.3127518
53 3113 1.0 3.256233
53 2369 1.0 3.0552454
53 3409 2.0 2.885219
54 593 4.0 4.683892
54 2384 4.0 3.8107517
54 6365 3.0 3.7191358
54 1293 4.0 3.9861197
54 2353 4.0 3.8707669
54 2728 2.0 3.3679957
54 327 0.5 1.5425488
54 36529 4.5 4.2012024
54 1222 4.5 3.3141124
54 2403 4.0 3.3004823
54 5010 4.5 3.971824
54 54286 4.5 4.1348667
54 5903 4.5 3.59965
54 56145 4.5 3.9855478
54 74685 4.5 3.483768
54 84152 4.5 3.7744393
54 6371 0.5 3.7267902
54 26444 2.0 3.5232482
54 53000 5.0 3.5734425
54 62733 4.5 3.5639992
54 67508 4.5 4.2496123
54 72980 4.0 3.648991
54 84601 4.5 3.2050219
55 480 3.0 4.465061
55 527 5.0 5.0
55 858 4.0 4.815861
55 3168 5.0 4.410939
55 898 4.0 4.5053997
55 914 5.0 4.7282515
55 1032 4.0 4.3969226
55 154 5.0 4.7452197
55 1193 5.0 4.25059
55 919 5.0 5.0
55 1367 5.0 4.4015255
55 808 3.0 3.885705
55 1545 5.0 4.013723
55 1952 5.0 4.4201374
56 750 4.0 4.0540385
56 1196 5.0 4.740554
56 1208 3.0 4.1539273
56 1219 3.0 3.937134
56 1270 5.0 3.7753341
56 1276 5.0 4.4406114
56 2396 4.0 4.328065
56 899 5.0 4.028562
56 1172 5.0 4.2793236
56 1263 4.0 4.644855
56 1299 5.0 4.3103046
56 3072 4.0 3.9692535
56 1193 5.0 5.0
56 1077 4.0 3.7766142
56 1952 4.0 4.1754694
56 2506 2.0 3.6138017
57 2478 2.0 1.8632333
57 349 3.5 2.8624847
57 1101 3.5 2.9993734
57 4993 4.0 4.242139
57 2108 3.0 3.1047382
57 933 2.0 3.2064397
57 4007 3.0 3.4724326
57 3155 4.5 2.9513328
58 3 4.0 3.2180097
58 17 4.0 4.027188
58 1 4.0 4.1102247
58 494 4.0 3.8502176
58 661 3.0 4.396134
58 1049 4.0 3.8949785
59 1372 4.0 3.164163
59 4086 3.0 2.8402936
59 1441 3.0 3.7867773
59 4022 3.0 3.2652898
59 3879 3.0 3.2419934
59 207 3.0 3.3371098
59 111 1.0 3.178776
59 4025 4.0 3.0095675
59 4161 3.0 2.8850386
59 4167 4.0 2.706415
59 425 4.0 3.9813545
59 1635 3.0 4.1501203
59 4060 2.0 3.3596275
59 4181 1.0 3.8300302
59 4205 4.0 3.5197597
60 6 5.0 3.3676229
60 541 4.5 4.371773
60 593 5.0 4.6171045
60 858 4.5 4.6946983
60 1136 4.0 5.0
60 2858 4.0 4.1897125
60 2917 3.5 3.612373
60 762 1.5 4.02375
60 785 3.5 3.9737246
60 58559 4.0 3.5442762
60 3504 4.5 4.382564
60 5782 4.0 4.234635
60 7361 4.0 5.0
60 1193 4.0 4.359709
60 4235 3.5 3.7992852
60 288 4.5 2.9019017
60 333 3.0 3.82367
60 3535 4.5 2.7085211
60 4007 4.5 4.055784
60 37733 4.5 4.423659
60 25995 4.0 3.948897
60 51277 5.0 3.9247506
61 608 5.0 3.3633614
61 648 3.0 4.112069
61 47 4.0 5.0
61 529 5.0 4.343578
61 151 4.0 3.2309144
61 246 5.0 4.2445197
61 247 3.0 3.8303356
61 337 4.0 3.6504188
62 750 3.0 4.1836295
62 1196 3.0 3.2881265
62 2194 3.0 3.071501
62 3 0.5 2.1374228
62 5 3.0 2.9831698
62 265 4.0 3.3117168
62 1230 3.0 3.8641047
62 36 4.5 3.2039793
62 529 3.0 2.8781874
62 151 3.0 4.432786
62 1094 5.0 3.936397
62 1079 3.0 3.6625273
62 1704 2.0 3.4123952
62 435 2.0 1.6961839
63 924 5.0 4.446849
63 1097 4.0 3.862391
63 1221 4.0 3.8518453
63 1234 3.0 3.9774826
63 1242 3.0 3.5533583
63 1247 4.0 4.432433
63 1246 3.0 3.9018855
63 1293 4.0 4.4550314
63 1078 3.0 3.6015513
63 1204 5.0 3.235417
63 1231 3.0 4.35671
63 1921 4.0 4.4286103
63 1371 4.0 2.3603513
63 1298 4.0 4.2640185
63 1077 3.0 3.5187626
63 1185 4.0 3.9266105
63 1888 1.0 2.6176012
63 1958 3.0 3.8576272
64 1569 3.5 3.6349754
64 7293 3.5 3.4855318
64 69406 4.5 3.4886653
64 69757 3.0 3.7453816
64 1753 3.0 4.355163
64 8638 5.0 3.7513127
65 924 4.0 3.5098817
65 999 4.0 2.1475413
65 1127 2.0 3.032863
65 3386 4.0 3.2298102
65 344 4.0 1.6254901
65 1186 4.0 2.8678114
65 412 3.5 3.5754597
65 3210 1.5 3.037884
65 2761 1.0 3.1727583
65 6502 3.0 2.9844263
65 2722 2.0 3.0449393
65 3841 2.5 2.770778
65 37 4.5 3.0422897
65 2605 1.0 2.4724221
65 7193 0.5 2.9739845
65 8610 3.5 3.1757634
66 110 5.0 3.4833078
66 474 4.0 2.9903717
66 590 5.0 3.9918892
66 48 2.0 3.9317048
66 594 5.0 2.9652731
66 150 5.0 5.0
66 293 4.0 3.810924
66 434 3.0 3.984097
66 405 2.0 3.3790169
66 533 3.0 3.8996851
67 480 3.0 3.2277648
67 153 3.0 3.5726304
67 339 3.0 3.536794
67 588 4.0 3.8128393
67 595 3.0 2.8134067
67 19 2.0 3.160505
68 780 4.0 3.9602637
68 1210 5.0 4.638916
68 1265 3.0 3.8525283
68 2028 5.0 3.7861989
68 364 4.0 2.8808403
68 1584 2.0 3.9986632
68 1747 4.0 3.2599077
68 1835 1.0 3.5119927
68 491 3.0 4.1368904
68 1608 4.0 4.0675097
68 1885 4.0 3.5765407
68 111 5.0 4.189467
68 506 5.0 3.891786
69 1219 5.0 4.6582575
69 1266 4.0 4.7677007
69 1283 5.0 4.860809
69 1580 5.0 4.52617
69 2951 5.0 5.0
69 3476 2.0 4.5366836
69 364 5.0 4.350436
69 2396 5.0 4.8718977
69 3996 3.0 5.0
69 915 5.0 4.8987494
69 1307 4.0 5.0
69 1288 5.0 4.879886
69 1186 5.0 4.305647
69 1674 5.0 4.0771523
69 1103 5.0 4.598067
69 919 5.0 4.85755
69 4246 4.0 4.188794
69 247 4.0 4.3890276
69 1217 5.0 5.0
69 2238 5.0 3.233504
69 2920 5.0 4.554578
69 3089 5.0 3.4098482
69 3365 4.0 4.1390085
69 2132 5.0 3.5659964
69 599 5.0 4.1673703
69 1209 5.0 5.0
69 3435 5.0 4.5281816
69 4282 5.0 4.178801
69 4298 5.0 4.471627
69 4326 2.0 4.455837
69 4641 2.0 4.2366843
69 1211 5.0 5.0
69 1277 5.0 3.4393134
69 1300 5.0 4.0481706
69 3676 5.0 4.3639817
69 4407 5.0 4.6428003
69 1244 5.0 4.7508807
69 1194 5.0 4.21176
69 2068 5.0 4.344605
69 2239 5.0 4.1028767
69 2351 5.0 4.1944985
69 2495 5.0 4.1545596
69 2925 5.0 4.4880567
69 3036 4.0 4.429819
69 3171 5.0 4.4438596
69 3307 5.0 4.249495
69 3422 5.0 4.406038
69 3470 5.0 4.3877864
69 4292 3.0 4.0656905
69 4327 4.0 4.3297415
69 4708 5.0 4.4500256
69 4741 5.0 4.3777814
70 318 4.5 5.0
70 541 5.0 3.9385152
70 1206 4.0 4.4431057
70 1215 5.0 4.440909
70 1240 5.0 3.7586865
70 1265 4.0 3.9662392
70 1270 4.0 4.539313
70 1387 3.0 4.1575007
70 1396 4.5 3.8167903
70 1407 4.0 3.0993786
70 1500 5.0 4.670845
70 1610 3.0 4.1929207
70 1748 4.0 3.6192586
70 2028 4.0 3.770367
70 2167 4.5 4.050692
70 2791 3.0 4.541407
70 2858 4.5 4.6906834
70 2916 4.0 3.989502
70 500 3.0 3.5651426
70 736 3.5 3.177109
70 1249 5.0 3.862219
70 1947 2.5 4.2773566
70 1968 5.0 4.047662
70 2054 3.0 2.6447418
70 62 4.0 4.9011846
70 1288 4.5 4.3985415
70 1499 3.0 3.183633
70 1961 3.0 4.618566
70 2997 4.0 3.091384
70 3897 4.5 4.1694064
70 4014 4.0 4.1507573
70 4148 3.5 4.0993266
70 6283 4.5 4.131903
70 48385 5.0 4.4159255
70 1 4.0 4.7200885
70 11 4.0 4.427477
70 1608 3.5 4.5000677
70 2918 5.0 4.357539
70 223 5.0 4.711549
70 1343 4.0 3.4890695
70 1921 5.0 4.8596177
70 2160 4.0 4.350646
70 2502 3.5 5.0
70 2699 3.0 2.7883282
70 3000 5.0 3.822727
70 3421 4.0 3.8225825
70 3448 4.0 3.783166
70 5617 5.0 4.185001
70 8368 5.0 4.1183453
70 8622 4.0 4.31566
70 32587 5.0 4.8022127
70 919 3.0 4.903227
70 1367 3.5 3.0791745
70 2078 3.0 3.8846903
70 2138 4.0 4.3850064
70 2355 4.0 4.1413674
70 8360 3.0 3.7434142
70 30793 3.5 3.5337453
70 910 2.0 4.025607
70 2105 5.0 4.1445804
70 2398 3.0 3.9259574
70 3081 4.0 4.0064974
70 2706 4.0 3.962806
70 788 3.5 3.247399
70 1339 4.0 4.2041826
70 1717 3.0 3.3436117
70 1884 3.5 4.5581713
70 3175 4.0 4.2274957
70 3698 5.0 3.330905
70 3740 5.0 4.3766437
70 3809 3.0 4.225194
70 4571 5.0 4.177771
70 4816 4.0 3.8968709
70 8910 3.5 4.374863
70 4361 3.0 3.367197
70 7254 4.0 3.391922
70 40815 4.0 4.3153567
70 5991 4.0 4.315504
70 7143 4.5 4.5384736
70 30812 3.0 4.4419675
70 8644 3.5 4.1114492
70 5903 4.5 4.113316
70 52281 4.5 4.130638
70 4446 4.5 4.295192
70 627 4.0 4.0689354
70 2145 4.0 3.497536
70 2581 4.0 3.692879
70 5379 4.0 3.981024
71 2792 0.5 3.3166277
71 2125 4.0 3.3480837
72 50 4.0 4.5745883
72 318 4.0 3.858993
72 527 5.0 3.7744002
72 593 5.0 3.8829298
72 608 5.0 3.7391684
72 1073 2.0 3.4048963
72 1197 3.0 3.7441568
72 1242 5.0 3.2087557
72 1270 3.0 3.200768
72 1610 3.0 3.3959756
72 838 3.0 3.782151
72 1131 3.0 3.8537838
72 1293 3.0 3.9240947
72 1643 2.0 3.2991974
72 912 5.0 2.8457286
72 922 5.0 3.684944
72 1256 5.0 3.5390904
72 1277 4.0 2.4218104
72 1009 3.0 3.1056485
72 1515 1.0 1.3878258
73 1214 4.0 3.2281852
73 1275 4.0 2.8944252
73 150 4.5 3.2431736
73 344 2.5 2.2039983
73 4639 3.5 2.8638113
73 7173 1.5 3.0313127
73 35836 2.5 4.033555
73 56176 0.5 3.3842535
73 1320 2.0 3.230761
73 2694 3.0 2.580314
73 4370 3.5 2.2898645
73 8169 3.5 2.101513
73 2539 2.5 2.5766375
73 47725 4.0 3.308792
74 454 3.0 4.285186
74 509 5.0 4.4619823
74 862 4.0 3.8693612
75 50 4.0 4.147882
75 350 3.0 3.0836644
75 367 3.0 3.526131
75 492 3.0 2.977354
75 527 5.0 4.354081
75 593 3.0 4.5209723
75 780 1.0 3.2482233
75 968 3.0 3.1995878
75 1234 3.0 4.013571
75 1258 3.0 3.5085185
75 1304 3.0 4.153732
75 1333 3.0 4.1990504
75 1347 3.0 3.619523
75 597 1.0 2.248648
75 830 3.0 2.255143
75 916 3.0 3.2544184
75 1035 4.0 3.131665
75 1282 4.0 3.7131662
75 1307 3.0 3.3820517
75 1639 3.0 4.236775
75 613 3.0 3.7487235
75 21 3.0 2.4299932
75 282 3.0 4.000235
75 319 3.0 3.7070336
75 357 3.0 3.350798
75 454 2.0 3.1365478
75 587 2.0 2.4784472
75 1088 3.0 2.2347407
75 1213 4.0 3.5974627
75 35 4.0 3.1392305
75 151 3.0 2.9886053
75 305 3.0 1.7682756
75 412 4.0 3.053331
75 1124 3.0 3.955779
75 1103 3.0 3.3825777
75 1148 5.0 4.0875945
75 1179 3.0 3.3730016
75 1203 3.0 4.7410617
75 1224 4.0 3.670692
75 1449 3.0 3.4133492
75 1367 3.0 2.613529
75 452 4.0 3.2478952
75 969 4.0 4.1371293
75 273 3.0 3.10359
75 1480 3.0 2.9352698
75 1513 3.0 3.3044581
75 337 5.0 4.1772413
75 950 3.0 3.6617308
75 1147 4.0 3.7807581
75 1391 3.0 2.9245458
75 1357 4.0 4.124214
75 82 5.0 4.593808
75 538 3.0 3.362292
75 1185 4.0 3.5550582
75 1009 3.0 3.1057427
75 506 3.0 3.4766872
75 334 5.0 3.7609258
75 728 3.0 3.0240154
75 30 3.0 3.1000159
75 549 3.0 3.3189294
75 869 2.0 3.4861166
75 936 3.0 3.5004487
75 947 4.0 3.1754377
75 1042 3.0 3.4181514
76 50 3.0 3.7884226
76 260 4.5 3.2809458
76 1198 3.5 3.7452035
76 4306 3.0 3.7360346
76 91529 4.0 3.489825
76 102445 4.0 3.8812616
77 318 4.0 4.2912855
77 1527 3.5 3.778505
77 1580 2.5 3.365828
77 2167 2.5 3.5681717
77 3147 4.0 4.517861
77 2712 4.0 3.4024467
77 266 4.5 4.1723857
77 898 4.5 3.8114128
77 2959 4.5 3.6771762
77 2762 4.0 3.9659944
77 1225 4.5 4.2544875
77 3418 4.0 3.7831824
77 25 4.5 4.086488
77 1704 4.0 4.3190374
77 4034 4.5 3.8867762
77 6333 2.5 4.2081366
77 1784 4.0 3.8499978
77 4896 4.0 3.041892
77 306 4.5 3.907037
77 4995 4.5 3.8809302
77 308 4.5 3.6000745
77 6387 4.5 3.6945071
77 2336 4.5 4.3671594
77 4446 2.5 4.140739
77 6156 2.5 3.484026
77 2442 4.0 3.9090862
77 645 4.0 3.550745
77 1619 3.5 3.747573
77 2961 3.5 3.8865917
77 6039 3.5 3.8217328
77 6217 3.5 3.5820835
78 5218 3.0 3.9926033
78 6283 3.5 3.684684
78 59725 2.0 3.4741259
78 60069 4.0 4.1989164
78 47 3.5 3.8357708
78 4226 5.0 4.0674076
78 5618 4.5 4.1078796
78 7256 5.0 3.7755845
78 26662 4.0 3.6931467
78 44195 3.0 3.706612
78 66097 3.5 4.1082
78 69122 3.5 3.6183472
78 8014 3.0 3.7705433
78 48516 3.0 4.2047787
78 8865 4.0 3.3099158
78 48774 4.0 3.8035648
78 63072 3.0 3.7936518
78 65261 4.5 4.084149
78 68073 3.0 3.5361853
78 69951 4.0 3.6638684
78 64614 4.0 3.830496
78 67255 3.0 3.4157488
78 3174 4.5 3.3702762
78 4975 5.0 3.3106549
78 71899 4.0 3.6977932
78 3646 3.5 3.539683
78 6223 4.5 3.0018222
78 8973 2.5 3.2418385
78 31660 4.5 3.590608
78 37240 4.5 3.5363448
78 37853 4.0 3.248795
78 52885 4.5 3.5652626
78 57504 3.0 3.3398724
78 70728 2.5 3.5870588
78 71462 2.5 3.5982099
78 71745 3.0 3.4127064
79 110 4.0 4.7429543
79 296 4.0 4.1318407
79 527 5.0 4.664293
79 1136 4.0 5.0
79 1197 5.0 4.950993
79 1270 3.0 4.4119005
79 1374 3.0 4.8195972
79 1378 2.0 3.203217
79 1617 3.0 3.1607628
79 1748 1.0 3.596486
79 2396 4.0 3.931813
79 1569 4.0 3.4808986
79 1639 3.0 3.6441574
79 908 4.0 3.8053322
79 1246 4.0 2.5063224
79 1411 4.0 4.0851645
79 1960 3.0 4.206723
79 2859 3.0 3.8088286
79 741 2.0 4.062834
79 1222 3.0 4.4021297
79 1729 3.0 3.0097675
79 2064 4.0 3.731007
79 2413 3.0 4.023539
79 2470 3.0 3.2124465
79 73 3.0 3.8995461
79 1366 4.0 2.8801913
