1 164 3.0 3.3813145
1 350 3.0 3.508687
1 480 4.0 4.1244955
1 541 4.0 3.6811824
1 648 5.0 3.4983244
1 924 2.0 4.0142817
1 999 4.0 3.0632403
1 1206 4.0 4.4081197
1 1215 4.0 3.5296636
1 1262 4.0 3.7357528
1 1291 3.0 3.4591405
1 1396 4.0 3.0658846
1 1407 3.0 3.4094956
1 1627 3.0 2.7474756
1 1982 4.0 3.81613
1 2076 3.0 3.7415178
1 2118 4.0 3.0509896
1 2267 3.0 3.366482
1 2268 3.0 3.5048058
1 2527 3.0 2.703689
1 2529 5.0 3.163718
1 2713 2.0 2.4129052
1 2716 5.0 3.5566432
1 2764 2.0 3.3175125
1 2782 4.0 3.5010848
1 2812 3.0 3.2517254
1 2858 4.0 3.1241152
1 2917 3.0 3.2957654
1 3578 5.0 4.4745975
1 3668 3.0 3.4846225
1 3701 3.0 3.480008
1 3703 3.0 3.9068244
1 3793 2.0 2.8475068
1 3836 3.0 3.4714687
1 4043 3.0 2.9523003
1 4128 5.0 3.353038
1 5060 5.0 3.2655792
2 32 3.0 3.7051737
2 50 4.0 4.450426
2 1997 5.0 3.1507704
2 2804 3.0 4.6267834
2 736 3.0 2.0650382
2 1375 1.0 3.2299953
2 1653 5.0 4.6786966
2 2291 5.0 4.280509
2 2384 4.0 3.5484288
2 2617 4.0 2.9924238
3 110 5.0 5.0
3 1210 4.0 4.823086
3 46 3.0 3.9111805
3 224 3.0 4.2298284
3 266 5.0 4.249862
3 289 3.0 3.3493035
3 339 5.0 4.0129914
3 595 5.0 4.243698
3 830 5.0 3.8873413
3 918 5.0 2.9313655
3 1031 3.0 3.879949
3 1035 5.0 5.0
3 1059 1.0 4.0371037
3 1243 2.0 5.0
3 1296 5.0 3.8336697
3 1569 4.0 4.222089
3 1639 3.0 3.8926013
3 2017 5.0 4.0250487
3 2049 5.0 4.0319695
3 2052 3.0 4.248163
3 2102 3.0 4.5738573
4 590 3.5 4.312632
4 1210 5.0 3.9742687
4 1372 3.5 4.235906
4 5060 3.5 2.889209
4 7153 5.0 4.3786354
4 180 4.0 4.1584525
4 316 3.5 3.4789755
4 348 3.5 4.0151854
4 2100 3.0 3.4613152
4 2395 3.5 3.3695738
4 2409 2.5 3.3995733
4 3897 2.5 4.0638504
4 3949 0.5 3.1992474
4 4008 1.5 2.9416344
4 5014 4.0 3.525172
4 5952 5.0 5.0
4 6711 3.5 3.7687573
4 6942 4.0 3.6031294
5 858 4.5 3.6043863
5 2858 1.5 4.156765
5 2565 3.5 2.812334
5 2594 4.5 2.9928105
5 2719 3.5 1.9785643
5 4448 2.0 2.97629
5 4546 2.5 3.3020294
5 4902 5.0 3.0352108
5 27744 5.0 2.751035
6 58559 4.0 3.3915613
6 59315 4.0 3.0467486
6 60684 0.5 4.0807137
6 78264 3.5 3.1462424
6 78637 3.5 3.0886314
6 79132 4.5 3.656844
6 79139 3.5 3.250206
6 83132 3.5 3.0886302
6 84637 4.0 3.1405895
6 85261 4.0 3.4672368
6 93272 4.0 3.0949438
6 94015 1.5 3.2442207
6 95105 3.5 3.1880996
6 95449 4.0 3.0647156
6 96964 3.5 3.3441265
6 97913 3.5 2.7715628
6 98243 5.0 3.212434
6 101360 3.5 2.8664396
6 102125 3.5 2.7559445
6 103335 4.5 2.9591715
6 105504 3.5 3.7974992
6 108945 1.5 3.2615328
6 111375 3.5 3.2431712
6 112852 3.5 3.860287
6 113348 1.0 3.2681894
6 114182 3.5 3.1944096
6 114795 4.0 2.874094
7 367 3.0 3.8753052
7 590 3.0 4.526121
7 588 5.0 3.9772341
7 594 4.0 4.107704
7 23 4.0 3.7310646
7 47 5.0 4.140707
7 119 3.0 3.9011366
7 135 4.0 3.3024268
7 165 3.0 3.6083252
7 173 4.0 3.3462098
7 174 4.0 3.7268856
7 191 4.0 3.6919446
7 249 4.0 3.9133341
7 328 4.0 3.211565
7 329 3.0 4.1162405
7 344 4.0 3.770845
7 355 3.0 3.500444
7 357 5.0 3.9819546
7 370 4.0 3.278885
7 383 3.0 4.440518
7 410 5.0 3.4253004
7 433 4.0 3.749055
7 434 4.0 3.849235
7 454 4.0 3.5440693
7 471 4.0 3.6732473
7 516 4.0 4.060164
7 539 4.0 2.7787888
8 1198 5.0 3.68034
8 1270 4.0 4.4459977
8 1580 4.0 2.4180174
8 2571 5.0 4.786752
8 349 4.0 3.5565956
8 1721 4.0 3.917443
8 2959 2.0 4.2453465
8 10 4.0 3.7047668
8 529 3.0 3.266325
8 897 4.0 3.9441288
8 1172 4.0 3.8536062
8 1213 3.0 4.1627584
8 1263 4.0 4.1847553
8 1393 4.0 3.44266
8 1459 4.0 3.649652
8 1552 4.0 3.377038
8 2058 4.0 3.4591694
8 2353 5.0 3.7841477
8 2728 4.0 4.4940042
8 2763 4.0 3.082982
8 3252 3.0 3.5504713
8 3418 4.0 3.6033537
8 3498 5.0 3.5848117
9 303 3.0 3.9017541
9 474 4.0 3.4179509
9 553 3.0 2.956968
9 592 3.0 4.6908417
9 105 3.0 2.9167054
9 552 4.0 2.8123703
9 417 4.0 3.551012
9 597 4.0 3.9277675
9 830 3.0 4.7353306
9 1035 4.0 3.0558856
9 10 4.0 3.5151484
9 11 4.0 4.001567
9 277 4.0 3.5873206
9 342 2.0 3.3538659
9 509 5.0 3.808595
9 1088 3.0 2.639406
9 140 3.0 2.7567425
9 144 4.0 3.8981788
9 314 4.0 3.3649597
9 647 4.0 3.837218
10 260 2.5 3.9791005
10 593 3.5 4.491646
10 608 3.0 3.5212507
10 913 3.5 3.3130443
10 1283 4.0 4.0873313
10 1376 2.0 2.8626294
10 1500 5.0 4.332485
10 1732 5.0 3.4689362
10 2194 3.5 3.2045658
10 2248 3.5 3.3424532
10 2542 4.0 3.6393948
10 2571 4.5 3.7561922
10 2912 4.0 3.3922179
10 2948 3.5 3.927187
10 3386 4.0 3.969961
10 3543 3.0 3.4290016
10 3681 4.0 4.447618
10 1275 4.0 4.356186
10 955 3.5 3.5597434
10 1297 4.5 3.778062
10 1747 3.5 3.9767225
10 163 4.0 3.3958218
10 4014 3.5 3.6437345
10 2959 5.0 4.3746066
10 4886 4.0 4.2272034
10 353 2.0 3.5619745
10 357 3.5 3.6728036
10 902 4.0 4.1207604
10 1188 4.5 4.157225
10 1204 4.0 3.8439016
10 1231 4.0 4.042757
10 1517 3.5 3.2689908
10 1704 4.0 4.025906
10 1921 4.5 4.3686566
10 2019 3.5 4.270517
10 2300 2.5 4.25706
10 2303 4.0 3.7390883
10 2599 4.5 4.268993
10 2993 3.0 3.4585352
10 3108 3.5 3.9844773
10 3129 4.0 3.621683
10 3271 3.0 3.6122549
10 3552 4.0 3.7264955
10 3751 4.0 3.5436132
10 4226 4.0 4.5579495
10 4855 3.0 3.0400364
10 5669 4.0 3.326321
10 5679 4.0 3.6537437
10 5989 3.5 3.47372
10 6755 4.0 3.4878886
10 6790 2.5 3.7441401
10 6974 4.5 3.6379905
10 7073 4.5 3.5629783
10 7137 4.0 3.5399876
10 7256 4.5 4.557722
10 27706 3.5 3.710869
10 30898 4.0 3.3984191
10 32587 4.5 4.2385616
11 235 4.0 3.2978477
12 5364 2.0 3.9031348
12 5445 3.0 3.1435049
12 2422 1.0 3.3382487
12 5225 4.0 3.4583945
13 318 4.0 4.3509393
13 1073 3.5 4.152119
13 261 4.0 4.162561
13 588 5.0 3.9273815
13 594 3.5 3.5209706
13 595 5.0 4.3779664
13 2081 4.0 3.5348976
13 783 3.0 2.9612644
13 2302 4.5 3.0042334
13 4306 4.5 4.3370504
13 6942 4.0 3.6976044
13 60069 4.5 4.4664803
13 4886 4.0 3.7427728
13 520 4.0 3.610061
13 616 4.5 4.023354
13 8464 3.5 3.8894236
13 1784 3.5 4.035108
13 145 3.0 3.5576909
13 661 3.5 3.3467455
13 1005 3.0 3.0828276
13 1023 3.5 3.5087712
13 1592 3.5 3.5412514
13 2078 4.0 3.6776264
13 2092 3.0 3.0928385
13 2152 3.0 3.3220544
13 2355 4.0 3.601657
13 3114 4.0 4.5831785
13 3189 4.5 3.743279
13 3250 3.5 3.3838837
13 3879 3.0 3.1175838
13 3991 4.0 3.5691063
13 4246 3.5 3.304925
13 4386 4.0 3.4478996
13 6485 3.0 3.5450284
13 6798 4.0 3.850202
13 7164 3.5 3.7127383
13 7451 4.0 3.4585772
13 8221 4.0 3.437813
13 8643 3.0 3.3338614
13 8811 4.0 3.3387518
13 39183 4.0 3.8988261
13 43560 3.5 3.6664433
13 47518 4.5 3.5496218
13 50601 3.5 3.6810672
13 54997 3.5 3.8837807
13 55052 4.5 3.6335282
13 55250 3.0 3.3626168
13 55363 4.0 3.4217184
13 56788 4.0 3.5154047
13 58347 4.0 3.5457926
13 63131 4.0 4.167981
13 68194 4.0 3.383468
13 68269 4.0 3.6753526
13 70282 3.0 3.6297998
13 72011 4.0 3.827533
14 367 3.0 2.560126
14 480 5.0 3.6935976
14 593 4.0 4.3041997
14 316 3.0 3.3249905
14 165 2.0 3.9332912
14 208 3.0 3.3508303
14 237 4.0 4.0204463
14 249 3.0 3.6313498
14 277 3.0 4.3959723
14 361 4.0 3.3825455
14 539 4.0 3.4213872
14 168 3.0 3.637869
14 26 4.0 4.3157706
14 207 4.0 3.6872473
14 306 4.0 3.9700289
14 515 5.0 4.6922107
15 1197 5.0 3.8097057
15 1198 4.0 3.8113465
15 1200 5.0 4.6674995
15 1210 4.0 4.101898
15 1214 2.0 3.2260435
15 1219 5.0 3.8707926
15 1252 1.0 3.642696
15 1253 4.0 3.7022126
15 1262 4.0 4.2981467
15 1283 5.0 4.74642
15 1291 3.0 4.290811
15 1304 2.0 4.3737907
15 1994 4.0 3.7762716
15 2011 4.0 3.6218002
15 2664 5.0 3.7507625
15 1375 3.0 3.7880888
15 908 4.0 4.6728253
15 2455 4.0 3.1675732
15 923 5.0 4.227975
15 1204 5.0 3.9101279
15 2174 4.0 4.387188
15 1193 4.0 5.0
15 919 5.0 3.7721546
15 905 4.0 3.709144
15 906 4.0 4.074529
15 911 4.0 4.7550855
15 927 3.0 4.013191
15 957 5.0 3.6161106
15 1217 3.0 3.8399472
15 1337 5.0 3.6315536
15 1344 4.0 1.8902603
15 1348 5.0 3.7898653
15 2075 2.0 4.2019486
15 2203 4.0 4.113422
15 2428 3.0 3.3375332
15 2454 5.0 3.4970818
15 2525 4.0 3.6005433
15 2551 2.0 3.854485
15 2747 3.0 3.3132265
15 2848 4.0 3.6508043
15 3089 1.0 4.066939
15 3095 3.0 3.3824363
15 3365 3.0 3.8373435
16 260 5.0 4.909855
16 780 5.0 4.7840595
17 830 0.5 2.7932596
17 3252 4.5 2.8223083
17 1680 2.0 2.8524904
18 110 5.0 4.2588444
18 260 5.0 4.8727007
18 593 5.0 5.0
18 5952 5.0 5.0
18 4226 5.0 4.882685
18 761 2.0 4.407235
18 4878 5.0 4.996023
18 27773 5.0 4.2908306
19 50 4.5 5.0
19 1230 4.0 4.2864804
19 3949 4.0 3.2086658
19 173 2.0 2.5661943
19 778 4.5 4.0537696
19 5445 3.5 4.7827144
19 3948 3.5 4.360692
19 27700 3.0 3.7633965
19 33794 4.0 4.012765
19 42004 5.0 3.3991928
19 44199 3.5 4.2707944
20 608 5.0 4.5965047
20 356 5.0 3.3196797
20 594 4.0 4.3860116
20 653 4.0 3.7155619
20 2174 3.5 5.0
20 6787 5.0 4.585079
21 858 5.0 5.0
21 1356 3.0 4.338546
21 736 3.0 3.4821405
21 95 3.0 4.2670493
21 647 4.0 4.7485967
21 653 4.0 4.0815425
21 661 5.0 3.6297588
21 1047 3.0 4.028053
21 86 4.0 3.9865506
21 1006 4.0 4.2496247
22 592 0.5 4.4384146
22 3101 4.0 4.1293826
22 344 4.5 2.5900428
22 1367 1.5 3.9584005
22 5151 5.0 3.3227987
22 35836 5.0 3.7196062
22 2023 0.5 3.4577472
23 110 5.0 3.8972247
23 366 4.0 2.853982
23 480 5.0 3.8030705
23 1129 3.0 4.268065
23 1876 3.0 3.1573849
23 2571 4.0 4.796695
23 2791 4.0 4.508234
23 1377 2.0 3.247321
23 316 4.0 3.175717
23 165 3.0 3.7283392
23 442 3.0 3.3032815
23 485 4.0 2.7446012
23 3256 4.0 3.297949
23 3751 5.0 3.2862017
23 1690 4.0 3.9297445
23 1320 4.0 3.3678927
23 1339 2.0 3.5312998
23 1480 4.0 3.273881
23 1862 3.0 3.4366114
23 1974 4.0 3.3826156
23 2614 1.0 3.2577908
23 2717 3.0 3.5636668
23 4002 4.0 3.5847278
24 590 4.0 4.358727
24 17 5.0 4.41982
24 1678 5.0 4.3422246
24 344 3.0 2.7932575
24 1183 5.0 4.705135
24 778 3.0 4.134339
24 585 4.0 2.7951777
25 3408 5.0 3.642501
25 7 4.0 4.0604362
25 2856 5.0 4.0003357
25 2686 4.0 4.318758
25 2714 4.0 4.0765257
25 2724 4.0 3.7375388
25 3111 4.0 3.8693292
26 50 5.0 5.0
26 110 5.0 3.5548084
26 527 4.0 4.4650755
26 589 5.0 3.6461787
26 21 4.0 3.4228537
26 344 3.0 3.53094
26 539 5.0 2.4155512
26 587 3.0 3.0455
27 34 3.0 3.7678096
27 48385 4.5 4.4748898
27 1 4.0 4.3755865
27 3751 4.0 3.7372665
27 3438 4.5 3.9422123
27 3868 3.0 3.923385
27 3959 4.0 4.0505147
27 6264 2.5 3.5845077
27 6979 4.0 4.2304945
27 64285 4.0 3.9413319
28 1278 4.0 3.794363
28 1923 5.0 2.6240745
28 265 3.0 4.5468287
28 1289 5.0 3.0910075
28 1371 1.0 3.0729153
29 750 5.0 4.7627544
29 924 5.0 5.0
29 3543 4.0 3.9434278
29 1096 4.0 4.7952814
29 3108 5.0 4.6663203
29 919 5.0 4.712644
29 910 4.0 3.6032407
29 678 5.0 3.953917
29 781 4.0 3.9123886
29 848 4.0 3.5395262
29 3626 3.0 3.8690345
30 350 2.0 4.0712295
30 367 5.0 1.9649851
30 553 5.0 2.5642457
30 780 5.0 4.0183587
30 364 4.0 3.8374262
30 266 5.0 3.7591655
30 588 5.0 3.0901716
30 595 5.0 2.8422563
30 316 2.0 2.9973161
30 150 5.0 4.287858
30 292 2.0 3.627754
30 315 4.0 3.533661
30 344 5.0 2.2023292
30 539 4.0 3.3351176
30 733 4.0 4.0049405
30 371 3.0 3.2807958
30 508 3.0 5.0
30 24 3.0 3.407847
30 71 4.0 3.8568482
30 147 3.0 3.570538
30 216 4.0 3.6030338
30 537 4.0 2.5659509
31 110 3.0 3.3864925
31 303 4.0 3.6940453
31 589 3.0 3.668945
31 592 0.5 3.4302616
31 924 5.0 4.1478443
31 1036 4.0 3.7021544
31 1073 4.0 3.2309744
31 1089 4.0 3.7550628
31 1136 5.0 2.9856079
31 1199 4.0 4.377561
31 1258 5.0 3.7005897
31 1259 3.0 3.8521037
31 1287 3.0 3.72226
31 1347 3.0 4.26033
31 1407 0.5 3.0888112
31 1580 3.0 4.1228304
31 1689 0.5 3.529776
31 1748 2.0 3.0399406
31 1982 5.0 3.9942029
31 1997 5.0 4.228195
31 2118 4.0 2.839587
31 2268 2.0 3.845373
31 2401 2.0 3.680689
31 2529 4.0 3.662963
31 2692 4.0 2.9225905
31 2921 5.0 3.7190473
31 2947 2.0 3.751721
31 2985 5.0 3.3853643
31 3018 4.5 3.910515
31 3362 3.0 3.7026696
31 3578 4.0 2.93651
31 3702 3.5 3.4588082
31 736 2.0 2.4833174
31 2053 0.5 2.815097
31 2067 4.0 4.2273927
31 2712 5.0 2.37885
31 356 0.5 3.8355405
31 377 4.0 2.6502278
31 1031 3.0 3.3615668
31 1035 0.5 3.0611336
31 1285 4.0 3.2540183
31 2302 2.0 2.9959517
31 3481 3.5 4.32066
31 4008 5.0 2.6423683
31 2762 0.5 3.8278134
31 95 2.0 3.3332307
31 112 0.5 3.3751724
31 353 2.0 3.7678297
31 374 0.5 2.8360436
31 485 3.0 2.0147853
31 520 3.0 2.4102175
31 1459 3.0 3.6197467
31 1552 0.5 3.6388247
31 1674 3.0 4.321825
31 2628 2.0 2.5537598
31 2918 3.0 3.9960523
31 14 3.5 4.106542
31 132 5.0 3.1794064
31 161 3.0 3.1574886
31 235 2.5 2.687277
31 778 4.0 3.8618023
31 1050 3.0 3.8619854
31 1060 3.0 3.1822336
31 1079 4.0 3.4396033
31 1231 4.5 3.4881086
31 1274 4.0 3.6028726
31 1343 2.0 3.325489
31 2019 4.0 4.2943783
31 2359 3.0 3.4448955
31 3421 4.0 3.2175148
31 4027 3.5 3.660241
31 5349 2.0 3.768251
31 5464 0.5 3.3515728
31 5673 4.5 4.092386
31 7361 4.5 4.065274
31 2082 0.5 3.2610757
31 2142 0.5 3.6357205
31 2761 4.0 2.8998232
31 51255 3.5 3.0888407
31 26 2.0 3.80777
31 904 1.5 4.0241003
31 1212 5.0 4.001442
31 1250 3.5 4.0854506
31 1340 3.0 3.7724447
31 1348 4.0 3.2152324
31 1924 1.0 3.1120684
31 2519 2.0 3.7428958
31 3089 4.5 3.7590692
31 4718 2.5 3.4741025
31 6016 5.0 4.042112
31 48516 4.0 4.162735
31 5378 3.5 3.3254063
31 2023 3.0 3.4442794
31 2505 0.5 4.281524
31 849 4.0 3.7560384
31 1544 2.0 3.1163597
31 4754 2.0 3.8744693
31 333 1.0 3.432075
31 29 4.5 3.8899264
31 162 5.0 3.9023557
31 322 0.5 3.70754
31 473 0.5 3.5426903
31 482 3.0 3.2628517
31 488 4.5 3.6018472
31 659 0.5 3.7831693
31 735 5.0 3.9909103
31 741 5.0 2.8444016
31 1012 3.0 3.6819472
31 1025 3.0 3.5722535
31 1114 3.5 3.5331645
31 1202 5.0 4.090463
31 1209 5.0 4.1497583
31 1222 5.0 3.8027484
31 1245 5.0 3.5341954
31 1279 3.5 3.449325
31 1483 5.0 3.5760734
31 1615 4.0 3.537316
31 1711 4.5 3.792616
31 1840 4.5 3.3655014
31 1866 3.0 3.4675558
31 1912 4.5 3.4885628
31 2027 0.5 3.5388203
31 2033 0.5 2.6597939
31 2050 0.5 3.6555653
31 2061 3.0 3.5523543
31 2064 4.0 4.2345676
31 2066 4.0 3.601393
31 2143 0.5 4.105601
31 2178 4.5 3.5522175
31 2195 3.0 3.494335
31 2273 0.5 3.2891989
31 2275 3.0 3.4660268
31 2282 4.0 3.6208613
31 2344 3.0 3.5762246
31 2606 4.0 3.3369677
31 2730 4.0 2.8377957
31 2841 3.5 3.5835333
31 2892 5.0 3.52843
31 2905 4.0 3.901068
31 2991 2.0 3.4529414
31 3006 4.0 3.6565902
31 3020 1.0 3.1582835
31 3028 0.5 3.3134563
31 3030 5.0 3.7469525
31 3067 4.0 3.509742
31 3121 0.5 3.6730797
31 3181 4.5 3.651377
31 3266 0.5 3.8370678
31 3300 3.0 3.7565591
31 3355 1.0 3.7520976
31 3364 5.0 3.4212236
31 3397 3.0 3.7257245
31 3441 4.0 3.1734095
31 3479 3.0 3.2802253
31 3536 0.5 3.73666
31 3587 1.5 4.1857862
31 3593 0.5 2.953133
31 3704 2.0 3.5926545
31 3717 1.0 3.5264049
31 3727 5.0 4.253543
31 3730 5.0 4.1439714
31 3801 5.0 3.4210503
31 3858 5.0 3.6053379
31 3871 0.5 3.6033835
31 3884 0.5 3.5120947
31 3916 0.5 4.1150136
31 4029 3.0 3.645283
31 4064 5.0 3.5700426
31 4066 0.5 3.5920436
31 4144 5.0 3.309794
31 4167 0.5 3.6962357
31 4210 3.0 3.2022579
31 4228 1.0 3.1703694
31 4239 0.5 3.8643003
31 4262 5.0 3.8625004
31 4298 5.0 3.7487965
31 4326 3.0 2.5651758
31 4378 4.0 4.320941
31 4437 3.0 3.3745482
31 4571 3.0 4.11222
31 4634 5.0 3.5647206
31 4654 3.0 3.4965768
31 4725 1.0 3.5476549
31 4734 0.5 2.8417041
31 4791 1.0 3.6945002
31 4816 3.0 3.326511
31 4833 0.5 4.751812
31 4862 0.5 3.3548996
31 4865 3.0 3.6169784
31 4873 3.0 3.9394436
31 4914 4.0 3.396721
31 4916 0.5 3.6462164
31 4947 3.0 3.5287747
31 4957 3.0 3.710554
31 5010 2.0 4.1510687
31 5137 3.0 3.4113705
31 5146 4.0 3.584848
31 5184 4.5 3.1686327
31 5235 3.0 3.6803913
31 5266 2.0 3.6426013
31 5291 4.5 3.4968944
31 5294 4.0 2.9400203
31 5388 1.0 3.2679331
31 5463 3.0 3.4461787
31 5500 3.0 3.1151004
31 5509 5.0 3.1562407
31 5602 3.5 3.3265173
31 5609 0.5 3.868371
31 5632 4.0 3.4525256
31 5653 5.0 3.5616221
31 5793 0.5 3.8130193
31 5799 3.5 3.6226056
31 5809 0.5 3.3705175
31 5853 4.0 3.831495
31 6001 4.0 3.6806893
31 6009 4.0 3.5496972
31 6058 2.0 1.8647395
31 6132 5.0 3.576675
31 6242 5.0 3.9461863
31 6260 0.5 3.6258233
31 6290 5.0 3.5593188
31 6323 1.0 3.3783484
31 6378 2.0 3.79687
31 6552 2.0 3.3959935
31 6620 3.5 4.0914245
31 6676 4.0 3.4873235
31 6754 0.5 3.2351384
31 6812 5.0 3.22342
31 6857 4.5 3.5078638
31 6862 4.0 3.6489286
31 6880 2.0 4.3790793
31 6990 3.0 3.2975297
31 7007 4.5 3.6179123
31 7032 4.5 3.2982433
31 7076 4.5 3.6299114
31 7235 5.0 3.6542838
31 7286 4.5 3.4768715
31 7307 5.0 3.4039135
31 7360 5.0 3.655423
31 7373 3.0 3.3702514
31 8042 5.0 3.7094815
31 8095 4.0 3.5706475
31 8512 3.0 3.7009747
31 8879 3.5 3.170538
31 8917 1.0 2.9627185
31 26172 4.0 3.6281483
31 26285 3.0 3.4380698
31 30846 5.0 3.1308987
31 31364 4.0 3.6535857
31 32371 3.0 3.54071
31 33493 5.0 3.411707
31 40412 1.0 3.5163023
31 40959 4.0 3.8782647
31 47830 1.5 3.4371977
31 47894 4.5 3.4603784
31 51540 4.5 3.8878243
31 52462 5.0 3.651306
31 53127 5.0 3.6731977
32 432 4.0 3.5764892
32 480 3.5 4.0985193
32 1210 5.0 4.0952096
32 2571 4.0 4.9298577
32 2 3.5 3.0058727
32 1923 3.0 4.0405602
32 2683 3.0 4.3492966
32 3897 4.0 4.020126
32 4008 2.5 2.3234396
32 4993 5.0 3.1100109
32 1393 3.5 3.1491673
32 6539 3.5 4.4909
32 5459 3.5 4.0559998
32 919 3.5 3.3939028
32 2355 4.0 3.615065
32 3114 5.0 4.3568106
32 4002 4.5 3.7051811
32 6893 4.0 4.889125
32 4019 4.0 3.7005377
32 2324 4.5 5.0
32 4535 4.0 3.7554383
32 6617 4.0 3.680032
32 6708 4.0 3.5362065
33 48 3.5 2.9480884
33 1282 3.0 3.0267847
33 4886 4.5 4.986198
33 520 3.5 3.5022993
33 2699 3.5 2.6288357
33 145 3.5 3.8966496
33 40815 4.0 3.6811502
34 457 3.0 4.275274
34 474 3.0 3.3025994
34 590 4.0 4.5899377
34 593 4.0 4.2398763
34 500 4.0 2.66233
34 597 3.0 3.5066535
34 370 3.0 2.2833815
34 434 3.0 3.3350124
35 5952 4.5 4.544509
35 8961 3.5 2.14732
35 1722 3.0 3.8889859
35 2353 3.5 4.133466
35 5445 3.5 4.5902977
35 6377 3.0 4.7890534
35 3948 3.5 3.8629644
35 543 3.0 3.722176
36 1214 2.0 4.5996003
36 1909 4.0 2.5104132
36 2288 0.5 3.5101383
36 2407 3.0 2.356585
36 3471 1.5 3.5518672
36 3578 5.0 3.1799657
36 3793 2.5 2.2620606
36 364 3.0 3.9062881
36 5218 4.0 3.3385592
36 261 3.5 3.6564283
36 4993 4.5 2.698735
36 6565 4.0 3.2080698
36 2565 3.5 2.7528205
36 8961 3.0 4.5835443
36 357 3.5 3.504735
36 1393 3.0 2.7757096
36 508 4.0 4.07496
36 805 3.5 2.6907763
36 1704 4.0 2.9481535
36 5669 3.5 2.8594282
36 6539 3.5 3.648725
36 8636 3.5 3.7207973
36 2355 2.5 3.5547388
36 832 3.5 3.479407
36 628 2.5 3.2840528
36 2739 3.0 3.0129716
36 6893 4.5 4.0034857
36 8798 3.0 3.7637768
36 1061 2.5 2.8463733
36 2336 3.5 3.7300339
36 4646 1.5 2.817467
36 4880 4.0 3.1839945
36 7143 4.5 3.2885807
37 110 5.0 2.7515137
37 318 5.0 4.348614
37 527 5.0 4.3625956
37 541 4.0 3.8078468
37 593 4.5 4.3630986
37 1197 5.0 3.6606638
37 1721 2.5 3.4134376
37 2115 3.5 3.654417
37 2617 2.5 4.4724846
37 3949 3.0 3.0268877
37 2959 5.0 4.5555363
37 51662 4.0 4.2018623
37 2918 4.5 3.8880417
37 2949 3.0 3.5450087
37 1193 4.0 4.699899
37 1917 3.0 3.6556334
37 4896 3.5 3.270389
37 4963 4.5 3.8503118
37 35836 4.5 3.5475333
37 44195 2.5 4.1443977
37 4878 2.0 4.1516995
37 5995 4.0 4.135529
37 2301 4.0 3.54555
37 53996 3.0 3.756609
37 2470 3.5 3.837045
37 4623 3.5 3.6789136
37 8644 3.5 3.5167222
37 45722 3.5 2.8830225
37 53464 3.0 3.3463988
38 541 5.0 3.30845
38 1199 4.0 4.5543113
38 1580 4.5 3.4121814
38 4973 5.0 4.694704
38 72998 4.5 3.7944474
38 7361 5.0 4.1445084
38 6502 4.5 4.7000666
38 2746 4.0 3.4027612
38 54995 5.0 4.1978903
38 8914 4.0 3.7701724
38 7254 4.0 2.6841083
38 1357 4.0 4.287633
38 3510 3.0 4.030787
38 49278 4.0 3.7458851
38 62956 4.5 4.0675592
39 1036 5.0 3.3279061
39 1196 3.0 3.6317775
39 2011 4.0 2.538807
39 2028 1.5 2.5066388
39 2791 1.0 3.387542
39 3702 4.5 3.2721522
39 4085 2.0 3.3127706
39 1275 3.5 2.1929474
39 7153 0.5 3.9952908
39 73321 3.5 2.8630214
39 97913 3.0 2.5987287
39 1213 1.0 3.9357362
39 3264 3.0 3.199142
39 56174 0.5 3.460329
39 48774 3.5 3.5098414
39 7502 2.5 2.9862778
39 96610 4.0 2.668705
40 1196 3.5 4.0338683
40 1200 4.0 4.412658
40 1210 4.0 3.8034773
40 1261 2.0 3.5677187
40 1580 3.5 2.679984
40 1732 3.0 4.3509946
40 2028 4.0 3.6849966
40 2571 3.0 4.0601287
40 2716 3.5 2.9414089
40 1721 3.0 3.0948324
40 48 4.0 2.8163145
40 1282 3.0 3.7848008
40 1485 2.5 2.494222
40 2395 5.0 3.9802883
40 3897 4.0 3.7860937
40 6711 4.0 3.5846465
40 6942 3.5 3.6746085
40 7147 4.5 3.1550643
40 48385 3.0 3.965791
40 59315 4.0 3.634812
40 78893 3.0 3.851548
40 80615 4.0 3.9863777
40 106072 3.5 2.8124483
40 111362 4.0 3.9450433
40 344 2.0 2.8509133
40 616 3.0 4.3289676
40 2918 4.5 4.1334825
40 3256 2.0 3.270075
40 3671 4.0 3.64522
40 4011 4.5 4.106791
40 5902 3.5 3.6980324
40 6874 1.0 3.5522091
40 30810 5.0 3.880184
40 2018 3.0 3.8983176
40 39183 5.0 3.6600547
40 57532 0.5 2.304974
40 66097 4.0 3.3787427
40 68954 3.5 4.218044
40 76093 4.0 3.9713824
40 5378 3.5 3.6293917
40 31410 3.5 2.9734783
40 34437 3.0 3.4796863
40 2710 4.0 2.8705568
40 57274 5.0 3.5343354
40 1882 3.5 2.4519377
40 63082 3.5 4.0479317
40 2335 2.0 3.6810567
40 709 3.0 2.8703477
40 1025 3.0 3.7676241
40 1676 3.5 3.747072
40 3034 3.0 3.8652456
40 4865 4.0 3.5308805
40 6820 4.5 3.0072758
40 7247 3.5 2.6041803
40 8910 4.5 3.6055818
40 49272 2.0 3.7218242
40 34162 3.0 3.8292785
40 48774 4.0 3.9466083
40 5903 2.5 4.134642
40 96610 3.5 3.3452175
40 1702 2.0 3.7263777
40 2340 4.0 3.5526073
40 2541 3.0 3.4044743
40 3285 3.5 3.8343697
40 3615 3.0 3.9171038
40 4890 2.0 3.0008173
40 6156 3.0 2.8161545
40 6952 3.0 3.533637
40 8607 3.5 4.1620345
40 9010 4.0 3.3740973
40 31658 4.0 3.6244898
40 37729 4.5 3.7728322
40 37741 5.0 3.5103748
40 47629 3.0 3.6029768
40 51077 3.0 3.4074006
40 52435 3.0 3.5512924
40 55768 2.5 3.5555594
40 56145 4.0 4.1026163
40 56757 5.0 3.4674306
40 56921 4.5 3.6132271
40 57502 3.5 3.6834946
40 65868 4.0 3.6804085
40 69951 3.5 3.7756987
40 71464 4.0 4.0676775
40 76251 4.5 4.2110543
40 77780 4.5 3.5747354
40 81910 3.5 3.6278691
40 82095 3.0 3.7474084
40 86882 5.0 3.4706798
40 87192 4.0 3.3472395
40 89472 3.0 3.6443484
40 95088 4.5 3.5045545
40 95167 4.0 3.7891455
40 97701 3.5 3.8562427
40 99112 3.0 3.719602
40 103306 4.0 3.4015725
40 108932 4.0 3.382702
40 110102 4.5 4.0358615
41 594 5.0 4.738793
41 914 4.0 4.8085356
41 1380 5.0 3.5406263
41 2080 4.0 3.800914
41 551 2.0 4.1310296
41 919 5.0 4.713937
41 1688 4.0 3.9026
41 2657 4.0 4.2832417
41 1207 4.0 5.0
41 609 4.0 3.8050451
42 590 3.0 4.1349397
42 500 3.0 1.8005867
42 185 3.0 3.493572
42 586 2.0 2.4310744
42 587 3.0 4.0987606
42 551 1.0 4.3278694
43 318 5.0 3.4464958
43 592 3.0 3.9607966
43 21 3.0 3.6506653
43 223 5.0 3.1238334
43 175 2.0 3.439117
44 260 4.5 3.9580226
44 457 3.5 4.313291
44 592 4.5 3.732299
44 1097 5.0 3.8611073
44 1210 4.5 3.690629
44 1258 4.5 4.212707
44 1356 3.5 3.7155356
44 2288 4.5 3.831962
44 2791 3.5 4.2620754
44 2858 4.0 4.538171
44 2916 4.0 3.8021028
44 2947 4.0 3.9651337
44 3471 4.5 4.2234526
44 1653 3.0 4.0948243
44 2115 4.5 3.6094818
44 2406 4.0 3.2021618
44 3481 3.5 4.720771
44 3949 5.0 4.0544286
44 7147 5.0 3.8735833
44 51662 3.5 4.161867
44 2762 4.5 3.980804
44 59315 3.5 3.614983
44 91529 4.0 4.154226
44 102903 2.5 4.281273
44 103042 4.5 3.8097908
44 106782 5.0 3.9445639
44 1090 4.0 3.9907222
44 3176 4.0 4.006606
44 1784 3.0 3.805986
44 5225 4.5 4.202947
44 912 4.5 4.2639523
44 4896 3.0 3.4240105
44 30793 2.5 3.3983123
44 66097 4.5 3.6950078
44 69644 3.5 3.2365098
44 1267 4.0 4.616314
44 5878 4.0 4.675134
44 3081 4.5 3.4371111
44 48780 5.0 3.9575853
44 77561 3.5 3.4535587
44 91658 4.5 3.3657725
44 31658 5.0 3.7788277
44 91535 2.5 3.894698
44 103980 4.5 3.7486434
45 296 5.0 3.808692
45 593 3.0 3.5792491
45 780 3.0 2.6084461
45 924 5.0 2.988176
45 1129 4.0 3.4818444
45 1136 5.0 3.2993028
45 1198 4.0 3.9516242
45 1252 5.0 4.336012
45 1266 4.0 3.988861
45 1954 5.0 3.050739
45 1965 4.0 3.6136286
45 2000 4.0 3.5692832
45 2194 4.0 3.0381925
45 2268 3.0 4.098919
45 2391 3.0 3.59239
45 2916 5.0 3.9611466
45 2987 4.0 4.059703
45 2 2.0 3.8491952
45 34 5.0 3.7236593
45 364 5.0 4.475599
45 1249 4.0 3.7258792
45 1721 2.0 3.3404527
45 2115 4.0 3.5275114
45 17 4.0 3.7500648
45 265 4.0 4.5153203
45 1035 5.0 4.249951
45 1059 2.0 3.5025122
45 2038 3.0 3.2228355
45 345 5.0 3.9098852
45 348 4.0 4.8944745
45 1678 4.0 3.8119857
45 2395 4.0 3.8322735
45 47 4.0 4.2234797
45 357 4.0 3.9101577
45 1186 4.0 3.1974921
45 1263 5.0 4.0988774
45 1957 5.0 4.7157893
45 2021 4.0 4.0326686
45 2797 4.0 3.7421052
45 3072 4.0 4.1392283
45 3198 5.0 4.0028086
45 25 4.0 4.170506
45 222 3.0 4.0598655
45 246 4.0 4.830202
45 1125 4.0 3.194055
45 535 3.0 4.865611
45 1079 5.0 3.3753164
45 1120 4.0 3.919781
45 1223 5.0 3.690907
45 1641 4.0 3.4691954
45 1673 4.0 3.9309757
45 2474 4.0 3.7302518
45 2993 4.0 3.534229
45 3267 5.0 3.7545342
45 3360 4.0 4.326826
45 903 5.0 4.946945
45 1193 5.0 3.5481288
45 1688 3.0 3.4611251
45 2761 4.0 3.4675853
45 3988 3.0 3.021797
45 247 4.0 3.329478
45 253 3.0 4.10828
45 904 5.0 4.2861786
45 969 4.0 4.3568683
45 1250 4.0 4.1540065
45 2366 4.0 3.9264503
45 1831 3.0 4.46358
45 1590 2.0 3.5045083
45 1974 3.0 3.6904368
45 2717 3.0 3.7015026
45 519 2.0 2.486524
45 678 5.0 3.5379279
45 2857 4.0 3.2068243
45 232 4.0 4.214265
45 610 3.0 3.539017
45 709 3.0 3.2723997
45 1649 5.0 3.7085068
45 1676 3.0 3.4368386
45 2064 4.0 4.0256696
45 2745 4.0 3.6820545
45 3034 5.0 3.747991
45 3593 1.0 2.4701908
45 3893 4.0 3.4755292
45 1962 3.0 3.458643
45 1271 3.0 3.6467133
45 2641 1.0 3.4216092
45 13 3.0 3.667048
45 121 3.0 3.3970823
45 379 2.0 3.6206062
45 514 4.0 3.4673297
45 538 4.0 3.5199666
45 994 5.0 3.7341132
45 1111 5.0 3.7832172
45 1277 2.0 4.2235427
45 1295 4.0 4.420316
45 1382 3.0 3.2662017
45 1392 3.0 3.6889675
45 2146 2.0 3.818067
45 2243 3.0 3.660657
45 2410 2.0 3.7618284
45 2411 2.0 3.6376343
45 2590 4.0 3.7002401
45 2690 5.0 3.7303631
45 2808 1.0 3.7736053
45 2843 5.0 3.7825553
45 3060 5.0 3.5695467
45 3320 5.0 3.5138113
45 3526 3.0 3.4191806
45 3680 4.0 3.732627
45 4084 3.0 3.786148
45 4117 5.0 3.4813666
46 3793 5.0 3.649259
46 2762 5.0 4.291949
46 196 4.0 2.800114
46 3317 4.0 4.216136
46 3264 2.0 4.0665965
46 1342 5.0 4.5454216
46 2606 3.0 3.7839725
46 3301 4.0 4.0228715
46 3535 5.0 3.2497098
46 3752 3.0 4.8390155
46 3753 4.0 3.8825195
46 3826 3.0 3.7468
46 3185 4.0 4.202155
46 3452 4.0 4.223279
46 799 4.0 3.4089212
46 3511 3.0 3.8563213
46 3556 4.0 3.6710858
46 3617 4.0 2.4171553
47 457 4.0 3.2512078
47 480 4.0 2.9788258
48 457 5.0 4.5003033
48 1073 4.0 3.7925622
48 1210 5.0 4.4009
48 1214 5.0 3.3684134
48 2012 5.0 3.285214
48 2529 4.0 3.348769
48 2791 5.0 4.3059483
48 2916 5.0 4.0424895
48 2985 4.0 2.3715336
48 3471 3.0 4.274899
48 2053 4.0 3.1838405
48 2294 3.0 3.7750413
48 356 4.0 3.3063762
48 594 3.0 4.005672
48 1022 2.0 3.582149
48 1028 3.0 4.1720753
48 1032 3.0 3.0336907
48 2096 3.0 3.624628
48 62 5.0 3.5831702
48 2302 3.0 2.8128285
48 208 5.0 3.3837583
48 329 4.0 3.2974424
48 344 5.0 3.5954745
48 362 4.0 4.6605506
48 586 4.0 2.6956449
48 1682 5.0 3.637523
48 3396 3.0 4.079789
48 3671 5.0 3.7901568
48 4034 3.0 4.520784
48 837 3.0 3.3158517
48 1967 3.0 4.2533517
48 2123 3.0 3.6794577
48 3114 5.0 4.0304365
48 832 5.0 3.8761177
48 1831 5.0 3.0720234
48 1882 5.0 3.247718
48 3354 4.0 3.2456107
48 2671 3.0 3.2590158
48 1779 4.0 3.0751288
48 1391 4.0 3.1669304
48 1713 4.0 3.4354818
48 2273 5.0 3.6433682
48 2694 4.0 3.13027
48 3175 5.0 3.3190708
48 3247 3.0 3.37331
48 3955 4.0 3.2005565
48 4571 4.0 4.343343
48 2137 2.0 3.375255
48 2161 4.0 4.181987
48 2193 4.0 3.646212
48 4367 4.0 2.9730253
48 3617 5.0 2.4676352
48 8 3.0 3.6788676
48 688 3.0 3.7536063
48 798 5.0 3.5086348
48 1359 3.0 3.6045763
48 1409 3.0 3.2724597
48 1911 4.0 2.9664962
48 2253 4.0 3.7258136
48 2423 5.0 3.3585606
48 2572 3.0 3.60355
48 3156 4.0 3.1798325
48 3157 3.0 3.4739292
48 3254 4.0 3.4578023
48 3999 5.0 3.4811096
48 4502 3.0 3.3792574
48 4619 4.0 3.5536973
48 4678 4.0 3.4597664
49 260 5.0 4.1462502
49 913 5.0 2.7980897
49 1210 3.0 3.5707004
49 785 4.0 2.8625462
49 2395 4.0 3.355453
49 2959 5.0 4.0646753
49 1135 3.0 2.6841722
49 2174 3.0 3.3682063
49 2599 4.0 3.9037862
49 3219 3.0 2.7853043
49 2706 4.0 3.2630255
49 1513 3.0 2.9451194
49 3826 2.0 3.4311607
50 648 4.0 3.0069432
50 1249 1.5 4.5970707
50 5299 3.0 3.3569021
50 4014 4.0 4.9181886
50 5952 5.0 5.0
50 3176 4.0 3.7725134
50 3751 5.0 3.6254976
50 5459 5.0 3.5432198
50 3988 4.0 3.1781569
50 5444 4.5 3.3878744
50 273 3.0 3.8964827
50 1320 5.0 3.1591258
50 3175 3.0 3.826376
50 4370 3.0 3.9870427
50 4447 2.0 3.997457
50 5064 4.0 3.568467
50 5991 3.5 4.412023
50 3510 4.0 3.9780161
50 4016 5.0 4.142955
50 3986 3.5 4.3178062
50 3155 3.5 4.6871495
50 4975 3.0 3.9859324
50 5316 4.5 3.9922712
50 6564 5.0 3.7997432
51 296 5.0 3.3453195
51 1036 5.0 4.658374
51 1073 3.0 3.4351642
51 1097 5.0 3.8341117
51 1206 5.0 4.24447
51 1214 5.0 2.5491269
51 1258 4.0 3.8503635
51 1265 2.0 3.4926074
51 1407 3.0 2.9179409
51 1527 5.0 3.9917233
51 1625 5.0 4.4176707
51 1997 5.0 3.8728855
51 2987 3.0 2.9378293
51 1032 5.0 2.579926
51 2081 3.0 2.9380417
51 1961 5.0 3.8709614
51 4148 3.0 3.6775265
51 47 5.0 4.144024
51 185 2.0 3.2659202
51 1090 5.0 2.341668
51 1393 3.0 3.482821
51 1079 5.0 3.6339254
51 1343 4.0 3.2824564
51 1673 3.0 3.7757697
51 5225 5.0 4.0076957
51 1907 3.0 3.352962
51 4246 3.0 3.3593981
51 2428 1.0 2.4664986
51 724 3.0 3.644329
51 2702 3.0 3.295239
51 2739 5.0 3.6429563
51 2798 2.0 3.02523
51 3499 3.0 2.2840173
51 3535 3.0 2.5951838
51 2137 5.0 3.2230957
51 3526 4.0 3.7043858
51 2447 2.0 3.7413452
51 3742 1.0 3.266292
51 3908 1.0 3.3405693
52 260 3.5 2.8954382
52 366 2.0 1.5957285
52 589 3.0 2.4858382
52 968 3.5 2.416779
52 1130 3.5 2.287005
52 1196 3.5 3.6843255
52 1199 4.0 3.4093237
52 1215 3.0 3.473427
52 1270 4.0 2.3964462
52 1396 4.0 3.0985544
52 1527 4.5 3.3031712
52 2968 3.5 3.140354
52 2455 4.0 3.1384032
52 4993 4.0 2.7825625
52 923 4.0 3.9206479
52 1350 2.5 2.8407826
52 5349 5.0 2.883341
52 5459 3.5 1.9594063
52 2010 3.0 3.534994
52 2644 3.5 2.5584059
52 327 1.0 1.2873553
52 382 1.0 2.0800114
52 2710 3.0 2.4755275
52 1345 3.0 3.2555895
52 1970 2.0 2.9485765
52 1975 2.5 2.5560608
52 2448 3.0 3.1731899
52 3016 1.5 3.1243265
52 3264 3.0 2.7487097
52 4754 5.0 2.993424
52 1779 3.0 1.5753591
52 1995 2.5 1.3593282
52 565 1.5 3.359032
52 3175 3.5 2.1562586
52 3837 3.5 2.8402066
52 3838 3.5 3.0224962
52 3840 4.0 2.4162683
52 3970 3.5 3.4055943
52 4437 5.0 2.8230932
52 4533 3.5 3.262262
52 5254 2.5 3.1613119
52 5478 3.0 2.6301403
52 6132 3.5 2.8921123
52 6500 2.5 2.9996874
52 6629 4.0 3.1475384
52 6707 4.0 2.9311154
52 6742 2.5 1.781664
52 6754 4.0 2.7191615
52 7022 4.0 3.015871
52 7236 2.0 3.6068366
52 7347 3.5 2.6740935
52 7387 4.5 3.6120577
52 8491 5.0 3.451724
52 2120 2.0 2.3189783
52 3908 2.0 2.7200868
52 3973 3.0 1.7194602
52 674 3.5 3.0291882
52 891 2.0 2.7103748
52 1322 1.0 2.732213
52 1326 3.5 3.0314894
52 1336 1.0 2.747687
52 1355 1.5 2.825135
52 1623 2.0 3.1196003
52 1756 1.5 2.9696226
52 1976 2.5 2.6044369
52 1981 1.5 2.6383235
52 1986 2.5 2.6621115
52 1989 2.0 2.7599635
52 1992 1.5 2.7543297
52 2163 3.5 2.896026
52 2327 3.0 2.878799
52 2461 2.0 2.8885121
52 2462 2.0 2.7901745
52 2465 2.5 2.7887793
52 2740 1.5 2.5701997
52 2851 3.5 2.7160234
52 2854 2.5 2.5427315
52 2855 2.0 2.7531083
52 3026 2.5 2.7126925
52 3459 3.5 2.8510928
52 3662 1.0 2.816198
52 3663 1.0 2.7554529
52 3665 0.5 2.7416737
52 3695 2.0 2.8546226
52 3696 3.0 2.7888775
52 3709 1.5 2.872635
52 3772 3.0 2.682857
52 3919 2.5 2.8261442
52 3923 3.0 2.6780384
52 3932 4.0 2.735592
52 3961 1.5 2.5513105
52 4277 3.0 2.5395107
52 4480 3.5 2.7097533
52 4514 1.5 2.6625476
52 4669 1.0 2.7963848
52 4715 2.5 2.6933622
52 4893 3.0 2.9059193
52 4944 3.0 3.0941417
52 5163 3.5 3.0914917
52 5192 2.0 2.9130144
52 5306 1.5 2.5247
52 5588 3.5 3.0878007
52 5715 3.5 3.0171952
52 5749 2.5 2.9370775
52 5755 3.0 2.634677
52 5918 4.5 2.5342696
52 6063 1.5 2.8879576
52 6120 3.0 2.8642387
52 6305 3.5 2.7846575
52 6406 2.0 2.8261328
52 6659 2.0 2.7150075
52 6910 3.0 2.8545718
52 7036 1.0 2.8164427
52 7118 3.5 2.6936088
52 7280 3.0 2.7427425
52 8092 2.0 2.8832965
52 8810 2.5 2.8230774
52 8893 3.5 2.692108
52 8894 3.0 2.6762273
52 31424 2.5 2.8053474
53 260 5.0 3.085099
53 3751 4.0 3.2518418
53 2770 4.0 2.3478298
53 3203 3.0 3.9152012
53 3593 1.0 2.0627956
53 3717 1.0 3.532773
53 2541 2.0 3.3908405
53 1466 3.0 3.4417925
53 2333 1.0 3.3159907
54 296 4.0 3.7785678
54 318 5.0 4.450867
54 60684 1.0 4.177063
54 74458 5.0 4.0622163
54 150 2.5 4.73348
54 1080 1.5 4.8808565
54 8665 4.5 4.5433493
54 8874 5.0 3.9240494
54 44191 4.5 3.9132125
54 57274 4.0 3.441898
54 1233 4.5 4.5934296
54 49272 3.0 3.408209
54 26614 4.5 3.5928218
54 84392 4.5 3.972608
54 1241 4.0 3.8661866
54 1515 1.0 3.0870974
54 3263 4.0 3.4298925
54 5672 0.5 3.7150779
54 6902 4.0 3.7048423
54 47099 4.5 3.7960813
54 65135 2.5 3.6590335
54 66297 4.0 3.3343012
55 1206 5.0 4.548339
55 2804 5.0 4.8784304
55 2396 5.0 4.7604775
55 3996 5.0 4.6610446
55 265 5.0 5.0
55 1172 4.0 4.1692653
55 2160 5.0 4.567214
55 1019 3.0 3.7399151
55 1281 5.0 3.8517318
55 3546 5.0 4.8704095
55 3742 5.0 3.8694558
55 1066 5.0 4.147482
55 2899 4.0 4.2943673
55 2971 4.0 4.7820244
55 3496 5.0 4.3247023
55 4178 5.0 4.0881553
56 260 5.0 4.631241
56 1258 2.0 3.705825
56 2401 3.0 3.916238
56 908 4.0 4.5756493
56 587 3.0 3.7132897
56 1223 5.0 3.6582382
56 912 4.0 5.0
56 2501 4.0 4.3774447
56 745 5.0 4.387775
56 2132 2.0 4.2537575
56 2313 5.0 3.9349346
57 1378 3.5 3.1201034
57 1610 3.5 2.586091
57 1721 4.0 3.7184951
57 1343 1.0 3.131332
57 58 4.0 3.8167408
57 8132 4.0 3.6253707
57 54286 4.0 2.6819143
57 2161 0.5 4.1727915
57 3984 3.0 3.1905708
58 648 4.0 3.417146
58 780 3.0 3.131788
58 762 4.0 1.8305537
58 653 5.0 3.4689975
58 86 4.0 3.7126667
58 802 3.0 3.8107822
58 1562 4.0 4.084033
58 707 3.0 3.8874109
58 992 3.0 3.8295317
59 858 5.0 4.179324
59 2194 5.0 3.4011447
59 1307 3.0 4.1494083
59 47 5.0 4.3525295
59 1299 3.0 4.157806
59 3317 5.0 3.3847654
59 4027 4.0 3.8204377
59 3948 3.0 4.3734236
59 1480 1.0 3.0928094
59 4019 5.0 4.0108004
59 4223 5.0 3.7930064
59 3863 2.0 3.466843
59 3556 3.0 3.06095
59 3952 4.0 3.3359783
59 4061 3.0 3.5999079
60 50 4.5 4.6580157
60 318 4.0 4.9260354
60 608 4.0 4.0115085
60 1252 4.0 4.3996143
60 1257 4.0 3.9463322
60 1265 4.5 3.3477378
60 2716 5.0 2.631957
60 2968 3.5 5.0
60 7153 4.5 4.823869
60 1747 3.0 3.883628
60 2395 4.5 4.3070836
60 2455 3.5 3.915261
60 3328 3.5 4.9982147
60 6711 4.5 4.0213313
60 16 4.0 3.078608
60 1213 4.0 4.539525
60 778 5.0 4.2264867
60 1663 4.0 3.826755
60 2329 4.5 4.0590935
60 3000 4.0 4.1707263
60 3911 4.5 3.2387888
60 30810 4.0 4.2342563
60 3173 4.5 4.2026253
60 72226 4.5 4.1851387
60 714 4.5 4.2358747
60 2694 4.0 3.2541115
60 2976 4.0 4.7006235
60 5291 4.0 3.8839338
60 6774 5.0 4.632839
60 7460 4.5 4.2222395
60 8798 4.5 4.3673124
60 30812 4.5 4.0892634
60 61240 4.5 4.238319
60 4407 4.5 4.3454247
60 7925 4.0 3.998617
60 41627 4.0 3.8680818
61 780 3.0 3.537719
61 440 4.0 2.9390147
61 62 4.0 3.8272388
61 348 3.0 4.7572155
61 150 5.0 4.4860578
61 587 3.0 3.718157
61 222 3.0 4.321382
61 376 3.0 3.6460068
61 412 4.0 4.5195875
61 537 4.0 1.9979371
61 100 3.0 4.0358286
62 1394 5.0 3.5673156
62 4085 2.0 3.397333
62 497 3.5 3.369151
62 357 3.0 3.345202
62 52 1.5 2.6581273
62 19 1.0 2.616238
62 1544 2.0 2.3924296
62 337 3.5 3.3652933
63 750 5.0 3.644811
63 1200 4.0 3.8008282
63 1208 5.0 4.092372
63 1214 4.0 2.7790377
63 1227 5.0 3.1993396
63 1240 3.0 4.0645013
63 1262 5.0 3.996042
63 1278 3.0 3.952032
63 1304 3.0 3.9893072
63 1954 3.0 4.1808014
63 2000 4.0 3.6003385
63 2001 4.0 3.4698317
63 2009 3.0 4.0869346
63 1035 2.0 3.079374
63 1947 3.0 4.3885727
63 1090 3.0 3.68419
63 1132 4.0 3.9961572
63 1299 4.0 4.1335254
63 1302 3.0 3.4626563
63 1084 4.0 4.0281057
63 1917 3.0 2.7150314
63 1217 5.0 4.488013
63 1251 5.0 3.847418
63 1292 4.0 3.514727
63 1959 3.0 2.975787
63 1082 3.0 3.563218
63 1244 5.0 3.819074
63 1305 5.0 3.530131
64 68157 5.0 4.1122847
64 55290 4.0 4.2805343
64 3791 2.0 3.726525
64 4757 1.5 3.7361255
65 1214 4.0 1.86755
65 1321 4.5 2.8221192
65 1663 1.0 3.192
65 1367 1.0 2.5112982
65 2505 3.0 3.6043818
65 3107 1.0 2.328685
65 53000 4.0 3.116025
65 3710 2.5 2.689481
65 4159 3.5 2.8200762
65 6383 1.0 2.2016459
65 34004 3.5 2.7732353
65 55391 3.0 2.9541614
65 80502 3.5 2.9328706
66 198 5.0 3.9033554
66 480 3.0 3.394895
66 173 3.0 2.3343563
66 464 3.0 2.849191
66 485 3.0 2.4501364
66 71 2.0 3.7683213
66 709 5.0 2.701338
66 741 5.0 3.0759242
67 110 5.0 3.902629
67 349 3.0 3.8040013
67 356 4.0 3.52149
67 597 3.0 3.5023892
67 231 2.0 2.9513943
68 318 5.0 5.0
68 590 5.0 4.130528
68 1617 5.0 3.920577
68 1909 4.0 3.56396
68 500 4.0 3.7063015
68 539 4.0 2.8321896
68 2278 5.0 3.8600879
68 2142 2.0 3.7664194
68 1271 3.0 3.7915647
68 2442 4.0 4.024761
69 296 5.0 4.5378118
69 924 5.0 4.372274
69 968 5.0 4.0443482
69 1234 5.0 3.9321008
69 1252 5.0 4.491485
69 1265 5.0 3.3677237
69 1953 5.0 4.8790326
69 2268 3.0 4.745301
69 2701 3.0 2.8745544
69 5060 5.0 4.508354
69 1721 1.0 3.6116698
69 900 5.0 4.3712516
69 1230 5.0 4.3581166
69 2081 5.0 4.030253
69 4306 3.0 3.8442407
69 778 5.0 4.510668
69 923 5.0 5.0
69 1228 5.0 4.810415
69 2300 5.0 5.0
69 2871 5.0 5.0
69 3671 5.0 4.480033
69 1212 5.0 5.0
69 2863 5.0 4.877598
69 3075 5.0 3.1371179
69 111 5.0 4.779068
69 4235 3.0 4.175145
69 2065 5.0 3.333401
69 1251 5.0 4.3006725
69 176 5.0 4.512317
69 1076 5.0 4.110187
69 1711 2.0 4.381268
69 2732 5.0 3.6145158
69 2788 5.0 5.0
69 3067 5.0 3.974317
69 3181 5.0 4.3550653
69 3685 5.0 4.5007014
69 1061 5.0 4.121655
69 1388 1.0 2.5698562
69 680 5.0 4.27138
69 2158 5.0 4.950787
69 2159 5.0 4.3923635
69 4195 5.0 4.6206994
69 1948 5.0 3.9358215
69 495 5.0 4.5158424
69 562 5.0 4.0713043
69 2360 5.0 4.309334
69 2632 5.0 4.4829755
69 2969 5.0 4.4029055
69 3788 5.0 4.395677
69 4191 5.0 4.4416575
69 4325 5.0 4.2856784
69 4399 5.0 4.2499905
69 4422 5.0 4.194659
70 589 3.0 4.6005025
70 590 4.0 4.667241
70 780 4.0 3.672183
70 1127 5.0 3.3056781
70 1136 5.0 3.3278654
70 1198 5.0 4.1502943
70 1201 4.5 3.646046
70 1210 5.0 5.0
70 1214 3.0 4.2882104
70 1261 4.5 3.8551514
70 1732 2.0 3.7147858
70 1965 3.0 3.8958173
70 2529 4.0 4.4948144
70 2701 3.5 2.1736295
70 2716 5.0 3.4009461
70 2985 4.0 4.133342
70 2987 3.0 3.758858
70 3527 5.0 3.943883
70 349 4.0 3.8859324
70 2115 5.0 3.6013618
70 2294 4.0 4.016208
70 2396 4.0 4.2285075
70 2640 4.0 3.9382064
70 5218 4.0 3.9908915
70 1639 4.0 4.9328446
70 2081 3.0 3.550527
70 783 4.0 3.3352098
70 2100 3.0 3.6561623
70 2455 3.5 3.790563
70 3949 4.5 3.3237624
70 4022 3.5 3.5040474
70 4993 5.0 4.624881
70 6711 3.0 4.393918
70 7147 4.0 3.1656492
70 4546 4.5 4.157123
70 8961 4.0 3.9190695
70 277 3.5 4.0375843
70 357 4.5 4.501588
70 1411 4.0 4.730092
70 1682 3.5 3.9866104
70 2763 3.5 3.3191257
70 193 3.0 2.84457
70 1080 4.0 5.0
70 1120 4.5 3.4377367
70 1203 3.0 5.0
70 1274 5.0 4.863832
70 3210 5.0 3.7226326
70 5418 4.0 4.55957
70 5618 5.0 4.540533
70 5902 2.0 3.8984942
70 6807 4.0 4.413003
70 7090 5.0 4.940442
70 7361 5.0 4.5380607
70 7438 5.0 3.704732
70 2761 4.5 3.4479935
70 4896 4.0 3.7443006
70 39183 4.5 4.0170684
70 1873 4.0 4.512576
70 4718 3.0 3.903604
70 4995 4.5 4.208463
70 45728 5.0 4.460119
70 1320 4.0 4.104007
70 1779 4.0 3.1624892
70 1587 5.0 4.387993
70 1676 4.0 3.5612142
70 2140 5.0 4.5733037
70 2413 4.0 4.2099595
70 3300 4.0 4.05366
70 3717 3.5 3.9781039
70 4025 4.0 3.626695
70 4734 4.0 3.0500708
70 33493 3.0 3.6935525
70 34405 5.0 4.127424
70 1298 3.5 3.1941202
70 3255 3.0 3.6042464
70 4321 3.0 3.6787865
70 6934 3.0 3.1955812
70 2161 3.0 4.056128
70 4367 4.0 3.3898299
70 1037 4.0 3.2030964
70 2232 4.5 4.4161763
70 7842 4.5 3.971174
71 750 3.0 2.6938076
71 3798 5.0 2.8012905
71 4270 5.0 3.8868413
71 65 1.5 3.5880024
71 1476 3.0 3.3624425
71 3298 0.5 3.4498165
72 1136 4.0 3.386808
72 1196 2.0 4.260568
72 1597 1.0 3.0558496
72 900 3.0 3.5536416
72 154 4.0 3.4744704
72 1079 3.0 3.3639808
72 1204 3.0 3.607203
72 965 4.0 3.293228
72 904 4.0 3.874438
72 926 4.0 3.835849
72 1212 4.0 4.1262503
72 29 3.0 3.8044727
72 1222 3.0 3.0018618
72 1422 2.0 3.540161
73 1333 4.5 3.7624018
73 4085 3.5 3.370936
73 2294 3.5 2.478442
73 2058 3.0 3.2766647
73 6502 4.0 4.452448
73 6624 0.5 3.315807
73 7345 0.5 3.1916387
73 1690 2.0 3.6109917
73 333 3.0 3.0050073
73 8810 2.0 3.3916163
73 4565 3.0 3.0608432
73 62049 4.0 3.4136832
74 260 3.0 4.583277
74 1580 4.0 4.1881022
74 36 4.0 4.4094286
74 82 5.0 4.976413
74 117 2.0 3.6850107
75 198 3.0 3.2605314
75 296 5.0 3.604801
75 318 5.0 4.222523
75 1089 4.0 3.3099294
75 1127 3.0 2.4529521
75 1198 3.0 3.4102852
75 1200 3.0 4.2137723
75 1242 3.0 3.4585438
75 1252 5.0 4.0182414
75 1265 3.0 3.050366
75 1270 3.0 3.7127035
75 17 3.0 3.408698
75 45 3.0 3.719469
75 224 3.0 3.4985538
75 377 2.0 3.0859199
75 497 4.0 4.202241
75 898 4.0 3.415118
75 934 3.0 3.1507754
75 316 2.0 3.2066078
75 345 5.0 2.66637
75 783 3.0 2.3981438
75 1 5.0 4.2599974
75 150 3.0 3.408674
75 468 3.0 4.096229
75 475 3.0 3.354855
75 616 3.0 4.4905233
75 36 5.0 3.705405
75 733 2.0 3.4598231
75 1186 4.0 2.835048
75 1225 4.0 3.461993
75 1411 4.0 4.457233
75 52 3.0 3.4958453
75 508 3.0 2.7371788
75 1095 4.0 3.5812232
75 778 4.0 3.421943
75 1079 2.0 3.648356
75 1223 3.0 3.451726
75 903 4.0 3.7998416
75 912 4.0 4.4356823
75 919 3.0 4.035636
75 256 3.0 2.687563
75 253 3.0 3.4353085
75 926 4.0 3.6528552
75 973 3.0 3.6160705
75 1086 3.0 3.512394
75 1267 4.0 4.3326645
75 382 2.0 2.5477486
75 745 5.0 4.0520387
75 991 3.0 3.565357
75 1041 4.0 3.920694
75 1235 4.0 3.344188
75 1189 5.0 3.764715
75 1254 4.0 3.5391893
75 1298 4.0 4.1512485
75 218 2.0 2.9425762
75 994 4.0 3.3858645
75 801 3.0 2.2585847
75 971 4.0 3.7949758
75 1150 5.0 2.876757
75 1305 3.0 3.1290104
75 363 4.0 3.7699463
75 117 3.0 3.1197984
75 149 3.0 3.0345964
75 369 3.0 3.0978951
75 422 2.0 3.2041025
75 448 4.0 3.3516848
75 574 2.0 3.4517379
75 851 4.0 3.2094119
75 932 3.0 3.3863153
76 2571 4.0 3.9618573
76 72998 2.5 3.885498
76 79132 5.0 4.1450953
76 1225 3.0 4.3904195
76 68358 3.5 4.201778
76 92259 4.0 4.100803
76 97304 3.5 3.385453
77 480 4.0 4.2024126
77 590 4.0 3.794996
77 1617 4.5 4.491498
77 2028 4.0 4.508493
77 2571 4.5 4.521465
77 2701 2.5 2.2735653
77 2396 4.5 4.437522
77 1247 5.0 3.8318722
77 1307 4.5 3.78196
77 316 2.5 3.5093682
77 1961 4.5 4.225776
77 4306 4.0 4.2845864
77 4993 4.5 4.1617765
77 6365 4.0 3.01163
77 1722 3.0 3.947021
77 5902 3.5 3.983723
77 5995 4.0 3.9763215
77 6323 3.0 3.6957676
77 5816 3.5 3.6079555
77 5992 4.5 3.694303
77 6382 4.0 3.6031818
78 2076 2.0 3.7618344
78 2571 4.0 3.8309646
78 6711 2.0 3.8098133
78 2959 3.5 4.258166
78 4886 3.5 4.748151
78 68319 3.0 3.3545737
78 3000 3.0 3.1887355
78 7361 3.0 4.2541237
78 32587 5.0 3.870841
78 51255 2.0 3.997916
78 54503 4.0 3.782994
78 56367 3.0 4.16682
78 68954 5.0 4.3431683
78 2633 2.5 3.8412187
78 6016 5.0 4.0365543
78 30749 4.5 4.3925653
78 56174 3.0 3.236569
78 64957 4.5 3.7656386
78 3429 3.5 4.2729383
78 49272 1.5 3.4471335
78 59615 2.0 3.338017
78 3285 4.0 3.593585
78 26903 4.0 3.1813724
78 31685 2.5 3.345149
78 74789 1.5 3.6901302
78 94959 5.0 3.5328789
78 44665 4.0 3.8343532
78 97304 4.5 3.3112612
78 7099 4.5 3.975945
78 3404 4.0 3.590432
78 5690 3.0 3.5427375
78 8576 4.5 3.5174499
78 44694 2.5 3.3419716
78 57640 3.5 3.5033963
78 71264 3.0 3.6039517
78 72982 2.0 3.4164162
78 74677 4.0 3.5184608
78 76173 4.5 3.6297913
79 32 4.0 3.1179416
79 541 4.0 3.5763037
79 750 4.0 3.9913046
79 924 5.0 3.5384202
79 1198 4.0 3.959154
79 1210 5.0 3.857151
79 1240 2.0 4.7240896
79 1258 5.0 3.9851081
79 1261 4.0 3.301797
79 1291 3.0 3.242069
79 1387 2.0 4.1497674
79 2028 4.0 4.350009
79 2115 3.0 3.0385735
79 1230 5.0 3.7146707
79 1307 4.0 3.1388688
79 1961 4.0 3.5100543
79 47 4.0 3.803649
79 1183 4.0 3.895086
79 1682 4.0 4.1947126
79 1693 3.0 3.9236689
79 2628 4.0 2.5497377
79 778 4.0 3.0946498
79 1060 5.0 3.1382132
79 1120 2.0 3.4867618
79 1274 2.0 4.347989
79 2329 5.0 4.0228734
79 2424 3.0 3.368599
79 2657 1.0 2.7925427
