1 32 2.0 3.6002808
1 260 5.0 5.0
1 303 3.0 3.353534
1 367 4.0 1.3380013
1 451 1.0 3.6039457
1 457 4.0 3.200836
1 474 3.0 2.9943023
1 553 3.0 2.2479439
1 731 1.0 3.3616045
1 1034 3.0 3.8727467
1 1036 5.0 3.7802057
1 1073 3.0 3.9634745
1 1089 5.0 3.8624108
1 1127 3.0 2.9969559
1 1200 3.0 4.266571
1 1201 4.0 3.813605
1 1234 5.0 4.028533
1 1252 4.0 4.0900803
1 1253 3.0 3.5428503
1 1258 5.0 4.073921
1 1287 3.0 3.703997
1 1304 4.0 3.7582855
1 1321 5.0 4.3463426
1 1356 3.0 3.3895376
1 1372 3.0 3.2393453
1 1732 2.0 2.3356457
1 1754 2.0 3.2238958
1 1876 3.0 3.0224113
1 1909 3.0 3.2276154
1 2012 3.0 2.635006
1 2167 3.0 3.7587757
1 2580 3.0 3.9359481
1 2901 5.0 3.8362954
1 2912 3.0 4.0303993
1 2948 4.0 3.7672222
1 3104 4.0 3.192967
1 3168 3.0 3.9830008
1 3362 3.0 3.793438
1 3386 3.0 4.084782
1 3508 3.0 3.6979258
1 3527 4.0 3.3811085
1 3917 4.0 3.5352812
1 4041 4.0 3.3751972
1 4121 3.0 3.5437694
2 648 5.0 3.4590204
2 1645 4.0 3.3888204
2 2028 4.0 4.623012
2 2268 4.0 2.93581
2 1721 4.0 3.3384697
2 1894 3.0 3.841052
2 2406 4.0 3.2861037
2 3100 5.0 3.8691564
2 3623 4.5 3.7782173
3 1777 5.0 3.2116566
3 48 1.0 3.6886632
3 356 5.0 4.7865877
3 417 4.0 4.361213
3 594 5.0 4.020368
3 605 3.0 3.8035183
3 838 3.0 4.103682
3 938 5.0 3.9577506
3 1022 5.0 3.476897
3 1043 3.0 3.6499236
3 1297 4.0 3.835954
4 589 3.5 3.5926206
4 1197 5.0 4.325994
4 1573 2.0 4.272165
4 2268 2.5 3.3554728
4 2571 4.5 4.367225
4 2858 3.5 4.5213914
4 3527 3.0 4.2955356
4 105 2.0 3.2603123
4 48 2.0 1.7360903
4 413 2.0 3.2404933
4 596 2.5 3.375669
4 782 1.5 2.2617164
4 785 2.5 3.0364935
4 908 4.0 3.9236245
4 1246 5.0 4.3549147
4 1961 3.5 4.036162
4 2302 4.0 3.4656444
4 2455 2.5 2.8186219
4 3503 1.0 3.8626916
4 4014 4.5 3.447291
4 4148 3.0 2.8039181
4 4703 4.5 3.3118684
4 4973 5.0 3.6153295
4 4993 5.0 5.0
4 7147 2.5 2.8821282
4 7324 3.0 2.994674
5 50 4.5 2.7087572
5 915 3.5 3.5201108
5 2959 4.0 2.8163903
5 3513 1.5 3.6231892
5 5015 2.5 3.0755994
5 5364 5.0 2.4969077
5 27831 4.0 2.8535068
5 45720 4.0 2.7750707
5 60069 4.0 3.668281
6 356 3.5 3.7560768
6 45499 3.5 3.027505
6 74458 4.0 3.886693
6 75805 3.5 3.4752164
6 82461 2.5 3.2377138
6 85397 2.5 3.1271396
6 90057 4.0 3.0508642
6 90249 3.0 3.4074707
6 90746 3.5 3.244386
6 90866 2.0 3.6333425
6 90890 3.0 3.0099905
6 91529 4.0 3.6207693
6 95543 3.5 2.9949887
6 98203 3.5 3.1951315
6 98400 3.5 3.175076
6 101142 4.0 3.0274289
6 102720 4.5 3.0705152
6 103384 3.0 2.9623249
6 104274 3.0 3.0377903
6 106918 3.0 3.1118174
6 111659 4.0 3.3438988
6 112006 4.0 3.2595022
6 112091 4.0 3.1078987
6 112556 3.5 3.0030923
6 112623 3.5 3.6095922
6 113071 2.0 3.0559614
6 113103 2.0 3.4028752
6 114552 1.5 2.881445
6 115617 4.5 3.3097656
6 115680 1.5 3.146814
6 119141 0.5 3.1024885
7 296 4.0 4.5226426
7 350 4.0 3.7548943
7 480 4.0 3.7154424
7 527 5.0 4.6303077
7 592 4.0 3.949059
7 593 4.0 4.279513
7 2 4.0 2.9895546
7 153 4.0 3.8683708
7 500 4.0 4.429707
7 289 3.0 3.4831333
7 377 4.0 2.6070764
7 316 4.0 3.2686594
7 1 5.0 4.2394953
7 112 4.0 4.668158
7 126 3.0 3.8165386
7 158 3.0 3.156315
7 160 4.0 3.9830253
7 170 4.0 3.0469778
7 315 4.0 3.9094903
7 361 3.0 3.907218
7 362 5.0 3.804196
7 374 3.0 3.389472
7 416 4.0 4.1171527
7 460 3.0 3.8597224
7 544 3.0 3.9474223
7 616 5.0 4.460115
8 260 5.0 5.0
8 457 5.0 4.097128
8 474 4.0 3.6059668
8 780 4.0 3.408316
8 1089 1.0 4.090046
8 1597 4.0 2.8987083
8 1645 3.0 3.2094758
8 3702 4.0 4.0118814
8 3703 3.0 4.492947
8 2396 4.0 4.448846
8 377 4.0 2.6385026
8 1035 5.0 4.363553
8 1961 4.0 4.345096
8 230 3.0 3.8193347
8 539 3.0 4.5282288
8 733 4.0 4.3030086
8 1186 4.0 3.970969
8 1225 5.0 4.3503456
8 1302 4.0 3.4642894
8 1408 3.0 4.2241797
8 1411 5.0 3.851959
8 2278 4.0 4.3894258
8 2427 3.0 3.8812573
8 2628 4.0 4.161532
8 3176 5.0 3.9493558
8 3256 4.0 3.0844505
8 3723 4.0 3.5416338
9 22 3.0 3.6431165
9 318 5.0 4.020446
9 648 3.0 4.045865
9 349 4.0 4.153751
9 3 3.0 3.5283809
9 236 3.0 4.170831
9 377 3.0 3.3783057
9 440 3.0 3.5947177
9 497 3.0 4.3431754
9 62 5.0 4.597815
9 230 3.0 3.7779248
9 355 3.0 3.1842203
9 491 4.0 3.1818426
9 540 3.0 3.1410236
9 586 3.0 3.8478556
9 272 4.0 3.9277499
9 14 4.0 4.0138164
9 35 3.0 3.7358289
9 154 3.0 4.2897553
9 161 4.0 3.7168117
9 235 2.0 3.5054686
9 246 3.0 3.7563713
9 305 3.0 3.7486784
9 412 3.0 4.30169
9 446 3.0 2.74372
9 1096 5.0 3.6535554
9 1124 5.0 3.7770658
10 318 3.5 4.883366
10 592 4.0 3.1598833
10 1089 3.5 4.17401
10 1198 4.0 3.6236784
10 1240 3.5 3.1537516
10 1291 4.0 4.228814
10 2858 4.5 4.1911635
10 3363 4.0 3.2426636
10 2406 2.5 3.9785
10 7153 4.0 4.264363
10 1035 1.5 3.6051745
10 1285 3.0 3.4203196
10 1288 4.5 4.4968696
10 1961 3.5 3.080208
10 3897 4.0 4.4496956
10 6711 4.0 3.2890923
10 2949 3.5 3.5411963
10 3252 3.5 4.0319014
10 508 2.0 3.352902
10 1084 3.5 3.990817
10 1095 4.0 3.6329849
10 215 4.0 3.467783
10 223 5.0 3.9555995
10 931 3.5 3.174403
10 1050 4.0 3.5105696
10 1203 4.0 3.3980136
10 1224 3.5 4.1111507
10 1228 4.0 4.5494475
10 1269 3.5 3.793259
10 1274 4.5 3.930423
10 1641 4.0 3.3385901
10 1945 4.0 2.5817714
10 2231 4.5 3.8813696
10 2289 4.5 3.4907384
10 2359 3.5 3.5622337
10 2371 3.5 3.3762636
10 2474 3.5 3.8923063
10 2700 4.5 2.6340919
10 2871 3.5 4.4844975
10 2946 3.5 3.674584
10 3504 4.0 4.1738706
10 3608 3.5 3.8070164
10 4027 4.5 4.1655717
10 4102 4.0 3.6169605
10 5617 4.0 4.2794347
10 5812 4.0 3.6349297
10 5820 3.0 3.730418
10 6331 3.5 3.5585063
10 6539 3.5 4.366961
10 6870 4.0 3.9150174
10 6874 4.5 3.6077125
10 8368 4.0 3.9637012
10 8464 4.0 3.2681139
10 8622 4.0 3.693278
10 8636 4.0 3.935579
10 8874 3.5 4.3233514
10 8949 2.0 3.8458195
10 8983 4.0 4.279996
11 3 2.5 3.2105682
11 368 2.5 3.989452
12 1230 3.0 3.698743
12 3671 4.0 3.8536742
12 1193 4.0 3.3839715
12 5377 4.0 3.215787
12 5422 2.0 3.3952866
12 5502 3.0 3.3794353
12 5890 3.0 3.505934
12 5968 2.0 3.4719515
13 1097 2.0 4.8146024
13 2858 3.5 4.240569
13 2 4.0 3.191126
13 1022 4.5 3.1622663
13 2052 3.5 2.9528642
13 72998 2.0 4.018723
13 344 3.5 3.9665596
13 1203 5.0 3.7887917
13 5618 4.5 4.048496
13 5945 2.5 2.5034285
13 8368 2.0 3.866583
13 27706 3.0 3.673654
13 32587 5.0 4.132303
13 19 3.5 3.2775295
13 5377 3.5 3.5415401
13 1806 3.5 3.623163
13 1967 2.5 3.87724
13 2082 3.5 3.3159115
13 2085 4.0 3.6105309
13 3124 3.5 3.5783646
13 3173 4.0 3.8685017
13 3483 3.5 3.4125004
13 3969 4.0 3.31473
13 5444 3.0 3.741981
13 5452 3.5 3.6061888
13 6297 4.5 3.5438228
13 8641 4.5 3.9378686
13 8977 2.0 3.61036
13 31193 4.0 3.5711043
13 32770 4.0 3.4945223
13 38061 3.5 3.569057
13 45517 4.0 3.5256615
13 48522 5.0 3.6132727
13 51694 4.0 3.5781903
13 57532 1.0 2.5174909
13 59014 0.5 3.6826034
13 62376 3.5 3.58469
13 74508 4.5 3.5404725
13 76093 5.0 3.760864
14 592 3.0 3.5117354
14 500 3.0 3.4052608
14 236 4.0 3.9665203
14 261 5.0 3.9314768
14 266 4.0 4.193077
14 339 3.0 3.2375484
14 595 5.0 3.506892
14 62 4.0 4.3296447
14 150 4.0 4.4928303
14 185 3.0 3.7677183
14 186 3.0 3.43488
14 587 3.0 3.3687239
14 272 5.0 4.4524565
14 151 5.0 3.9452548
14 222 5.0 3.1872702
14 41 4.0 4.6148725
14 247 4.0 3.0328877
15 457 5.0 3.7705564
15 750 4.0 4.2930965
15 968 1.0 3.8092744
15 1036 5.0 4.5316157
15 1073 4.0 3.361966
15 1196 4.0 3.1152241
15 1201 1.0 4.0270634
15 1278 4.0 3.1198308
15 1997 3.0 3.7225304
15 2529 4.0 3.0059834
15 2916 4.0 4.722193
15 2985 5.0 4.041594
15 2406 3.0 3.4318948
15 595 4.0 5.0
15 551 5.0 3.121049
15 2160 4.0 3.8365715
15 903 5.0 3.2485697
15 671 5.0 3.25206
15 926 4.0 4.020951
15 969 4.0 3.3547313
15 973 5.0 3.624399
15 1068 3.0 3.8464746
15 1250 4.0 4.2527337
15 1256 5.0 4.6370134
15 1340 5.0 3.7466972
15 1873 5.0 3.0752163
15 1938 5.0 3.4250941
15 1939 3.0 3.8936443
15 1940 5.0 3.6359391
15 1964 2.0 4.0237417
15 2182 3.0 3.3926835
15 2221 3.0 3.8297887
15 2531 2.0 3.6529589
15 2612 4.0 3.701044
15 2646 4.0 3.6687343
15 3038 5.0 4.289815
15 3219 3.0 3.802004
16 648 4.0 3.6011074
16 62 3.0 4.0531297
16 95 3.0 3.5528765
16 733 4.0 4.26213
16 760 3.0 3.3541005
16 832 4.0 3.8164043
16 1444 1.0 3.4822495
17 2944 3.0 3.0752614
17 135 2.0 2.4822772
17 1188 3.5 3.180857
17 2359 1.0 2.3634527
17 107 3.5 2.3957717
17 327 0.5 0.5
17 2094 3.5 2.3809702
17 2501 5.0 2.0840533
17 4718 2.0 2.4554617
18 296 5.0 4.807786
18 318 5.0 4.6985464
18 1196 5.0 4.3584843
18 7153 5.0 4.7649713
18 2428 4.0 3.7404048
18 111 3.0 3.5125825
18 1019 4.0 4.012062
18 3083 4.5 4.1054173
18 3269 4.5 3.8000708
18 4235 4.5 4.2403917
19 318 3.5 4.534916
19 527 5.0 4.705775
19 3147 4.0 4.302577
19 1653 4.5 3.2744722
19 2762 4.5 4.4908867
19 2329 4.5 5.0
19 6333 4.0 3.2705193
19 6870 4.0 3.8738909
19 8949 4.5 3.9476538
19 4963 4.0 4.0827885
19 4878 4.0 3.9524033
19 5378 4.0 3.8484147
19 44761 3.0 3.8999252
20 296 4.0 4.048334
20 527 4.5 5.0
20 1258 5.0 3.8549318
20 1266 5.0 3.6829395
20 1304 4.0 3.4840982
20 1374 3.0 3.27454
20 2791 3.0 4.0536323
20 2858 3.0 4.968854
20 4886 5.0 4.4610868
20 1213 5.0 3.643393
20 904 5.0 4.658818
20 420 2.0 3.569274
20 2706 3.0 4.482628
20 2710 2.5 3.9582832
21 32 4.0 4.7094655
21 648 4.0 3.6766748
21 780 3.0 4.1463475
21 1210 4.0 4.1322713
21 832 5.0 3.897192
21 784 2.0 2.6335607
21 802 4.0 3.2164757
22 1210 0.5 2.750121
22 762 3.0 2.9298804
22 4643 2.5 2.905362
22 44 0.5 0.87780684
22 2699 2.5 2.039129
22 2662 4.0 3.2880764
22 57274 2.5 3.041781
23 474 4.0 4.548818
23 1372 3.0 3.595562
23 1527 3.0 4.5238743
23 1994 5.0 3.5460892
23 2858 3.0 3.4963078
23 1499 3.0 3.1568222
23 4008 1.0 3.1478488
23 2719 3.0 3.775767
23 160 3.0 3.9320576
23 434 4.0 3.1986182
23 466 3.0 3.183415
23 733 2.0 3.3016202
23 1518 5.0 4.0556264
23 327 4.0 1.2180709
23 1590 4.0 3.489387
23 1717 3.0 2.687011
23 1969 4.0 3.2426438
23 1971 4.0 3.7148278
23 2241 3.0 3.581351
23 2746 4.0 2.93455
23 2792 4.0 2.9704018
23 2902 3.0 4.1055202
23 3107 3.0 2.9099298
23 3354 3.0 3.5008526
24 50 5.0 4.367677
24 780 1.0 3.267278
24 1573 4.0 4.405719
24 34 5.0 5.0
24 185 4.0 3.8866208
24 485 2.0 4.1472826
24 52 4.0 4.038647
24 305 1.0 3.7809448
24 1094 5.0 4.5769954
24 1704 5.0 4.2747507
24 515 5.0 5.0
24 800 4.0 4.0730762
24 1051 4.0 3.9215744
24 1399 4.0 4.041883
25 2701 1.0 3.2513762
25 2997 4.0 3.381252
25 3160 4.0 4.6382103
25 2762 5.0 4.869067
25 1093 1.0 3.783941
25 2702 3.0 3.87849
25 2734 4.0 3.9282568
25 3016 4.0 3.1611106
26 32 3.0 3.1642668
26 500 5.0 3.8137527
26 357 3.0 4.266263
27 2791 4.0 2.440902
27 3527 4.0 4.0615935
27 356 4.5 3.4682727
27 1223 3.5 4.0454645
27 745 4.0 4.817406
27 63082 5.0 3.9375918
28 1372 2.0 2.7632813
28 1721 1.0 2.364671
28 1682 3.0 2.9543407
28 2628 2.0 3.3696744
28 535 5.0 3.4299939
28 2289 5.0 2.8286517
28 2502 5.0 2.594273
28 2770 3.0 2.3675416
28 1373 1.0 1.7623768
28 2335 4.0 2.174811
28 2490 5.0 2.674302
29 1997 5.0 5.0
29 1093 4.0 3.9003158
29 1273 5.0 4.5740747
29 1995 2.0 3.7056305
29 2857 5.0 4.142955
29 2859 5.0 4.1390395
29 3841 4.0 4.0256476
30 110 5.0 4.1166153
30 44 4.0 1.8481799
30 196 5.0 4.057649
30 208 4.0 4.0077553
30 231 4.0 3.1615067
30 357 4.0 4.03599
30 540 3.0 3.0805786
30 104 4.0 3.4292293
30 333 4.0 3.6034684
30 337 5.0 3.6059885
30 546 1.0 3.9391015
31 32 4.0 4.1664367
31 198 5.0 3.8153288
31 431 3.0 2.99016
31 457 3.0 3.2554448
31 480 2.0 3.0414207
31 553 2.0 3.7774649
31 608 5.0 3.940698
31 913 5.0 4.094979
31 968 3.0 4.0014706
31 1197 4.0 3.3067517
31 1201 5.0 3.9062247
31 1219 4.0 3.3933737
31 1221 5.0 4.3187976
31 1270 4.0 3.266657
31 1291 4.0 3.5140274
31 1356 2.0 2.7287605
31 1358 4.0 3.996789
31 1610 3.0 4.1123557
31 1625 3.5 3.9294753
31 1732 3.5 3.0160363
31 2000 5.0 4.055576
31 2012 2.0 2.9893417
31 2288 5.0 3.4567568
31 2467 3.0 3.3143191
31 2916 5.0 3.9075084
31 2951 4.0 4.070911
31 3386 3.5 4.065037
31 3471 3.5 4.0790253
31 3476 2.0 2.7985513
31 3508 5.0 3.4732037
31 3551 2.0 4.080842
31 3681 5.0 4.050442
31 3839 4.0 3.6767168
31 4105 3.5 5.0
31 5060 4.5 3.8390174
31 349 2.0 3.2563994
31 953 3.0 3.1906781
31 1275 0.5 4.2355266
31 1653 3.0 4.0828648
31 2617 1.0 2.9214895
31 3100 4.0 3.4332933
31 440 1.0 3.9138618
31 180 0.5 3.4332247
31 316 3.0 2.7976692
31 908 3.0 3.661978
31 1246 0.5 3.6343632
31 1288 4.0 3.8313746
31 2124 3.0 2.956844
31 2395 5.0 4.226476
31 3897 3.0 4.123744
31 4014 0.5 3.7594886
31 4973 4.0 4.7347035
31 4448 3.0 2.9538484
31 8961 4.0 2.0410504
31 1 3.0 3.8002741
31 10 2.0 3.0352223
31 21 3.0 3.7069557
31 44 0.5 3.5055115
31 368 2.0 3.6534107
31 370 1.0 3.029073
31 516 0.5 3.2435467
31 586 0.5 2.887086
31 733 4.5 2.8521688
31 1408 4.5 3.5205839
31 1608 3.0 3.5314572
31 2949 5.0 3.3637533
31 2952 5.0 3.523001
31 3246 5.0 3.6508665
31 140 0.5 3.0924122
31 455 0.5 2.4835129
31 551 3.0 3.3607018
31 1203 2.0 4.0036955
31 1228 5.0 4.3617287
31 1921 4.0 4.1047688
31 2231 3.0 3.337811
31 2890 4.0 3.747787
31 3253 3.0 3.5012002
31 3317 2.0 3.6810403
31 3360 4.0 4.336012
31 3396 4.0 3.724731
31 4009 3.5 3.169871
31 4011 3.0 3.8557014
31 4036 2.0 2.3227708
31 4294 5.0 3.7962701
31 5445 2.0 4.4752326
31 30810 4.0 3.876653
31 903 5.0 4.304598
31 5502 0.5 3.709663
31 313 0.5 3.5687351
31 965 3.0 3.676563
31 2123 2.0 3.5554986
31 3969 0.5 3.3789067
31 1178 5.0 3.8351111
31 1260 4.0 3.7494285
31 1267 3.0 4.008341
31 1690 2.0 2.318233
31 2010 4.0 3.1620421
31 2398 0.5 3.2784016
31 2428 2.5 2.146955
31 3484 0.5 3.4987752
31 4235 5.0 3.165408
31 4878 3.0 3.5822866
31 5878 5.0 3.7469518
31 3948 1.0 3.7127619
31 33794 2.0 3.9264433
31 44761 4.0 3.5484116
31 3016 4.5 2.5939095
31 1010 0.5 3.011201
31 1235 0.5 3.9389927
31 3196 4.0 3.3363576
31 18 3.0 3.5876632
31 88 0.5 3.6003168
31 166 5.0 3.3195748
31 177 3.0 3.195358
31 481 0.5 3.5365624
31 599 5.0 3.6044557
31 663 4.0 3.239257
31 694 0.5 3.0421598
31 709 1.0 3.7516522
31 950 3.0 3.4339767
31 1013 0.5 2.7973952
31 1017 2.0 3.53133
31 1162 4.0 4.488577
31 1216 0.5 3.3223686
31 1342 3.0 3.8752105
31 1665 0.5 3.3682282
31 1676 5.0 3.2959533
31 1699 4.5 3.253638
31 1729 5.0 3.7112243
31 1809 4.0 3.5287495
31 1946 3.0 3.338116
31 1950 4.0 2.980293
31 1998 4.5 3.4706664
31 2015 0.5 3.3273566
31 2022 4.5 3.8008137
31 2048 2.0 3.5701945
31 2109 2.0 3.3401976
31 2176 4.0 3.1489797
31 2301 3.0 3.8278425
31 2308 3.5 3.4254975
31 2348 5.0 3.873741
31 2403 0.5 3.714977
31 2459 5.0 4.289161
31 2598 1.5 3.1118872
31 2600 4.0 3.2164328
31 2788 4.0 3.7552164
31 2803 2.0 3.4013894
31 2926 4.0 2.5966256
31 2936 3.0 3.3716097
31 3008 3.0 3.4275525
31 3013 2.5 3.04015
31 3019 4.5 3.6294281
31 3093 4.5 3.4417288
31 3143 4.0 3.8767507
31 3200 1.0 3.7210786
31 3301 0.5 3.7598286
31 3339 5.0 3.8278446
31 3430 1.5 3.472834
31 3431 3.5 3.1142523
31 3435 5.0 3.8698244
31 3546 5.0 3.9020004
31 3654 4.0 3.590656
31 3658 3.5 3.5566847
31 3728 4.5 3.421639
31 3731 3.0 3.5342937
31 3740 4.5 4.0690794
31 3752 0.5 3.7431877
31 3760 3.0 3.3567193
31 3783 4.0 3.352827
31 3802 2.0 2.5880003
31 3811 5.0 3.1477013
31 3892 3.0 3.672517
31 3893 2.0 3.1942408
31 3925 5.0 3.4326465
31 3955 0.5 3.4955113
31 4015 4.0 3.5401797
31 4065 3.5 3.7201018
31 4113 0.5 3.461229
31 4282 1.0 3.75643
31 4380 3.5 3.0984888
31 4426 5.0 3.4083738
31 4479 4.5 3.5339684
31 4518 4.5 3.4664521
31 4650 1.5 3.4619608
31 4698 4.5 3.3564982
31 4713 4.0 3.6142073
31 4735 4.5 3.6443193
31 4756 0.5 3.6596086
31 4776 3.0 2.9322834
31 4799 2.0 3.5415754
31 4826 5.0 3.369067
31 4881 3.5 3.736248
31 4887 1.0 3.2764003
31 4911 2.0 3.526183
31 4930 3.0 3.2659054
31 4945 2.5 3.2052743
31 4980 3.5 3.33798
31 5021 3.0 3.8826234
31 5199 1.5 3.2290823
31 5254 4.0 3.2607377
31 5325 4.0 3.602928
31 5329 2.0 3.2844675
31 5435 2.0 3.2631898
31 5507 0.5 2.8417618
31 5680 4.0 3.2769215
31 5692 2.5 3.5078564
31 5785 4.0 3.4278116
31 5847 4.5 3.4378457
31 5881 2.0 3.5444112
31 5908 4.5 3.719276
31 5909 5.0 3.1902254
31 5951 5.0 3.6022248
31 5961 5.0 3.4982538
31 5965 3.0 3.19605
31 5986 4.5 3.2711902
31 6021 3.0 3.3904793
31 6148 5.0 3.469056
31 6184 4.5 3.960135
31 6356 4.0 3.5611944
31 6401 3.0 3.613233
31 6448 4.5 3.6919968
31 6478 5.0 3.4567552
31 6484 3.5 3.4142838
31 6534 1.0 3.555527
31 6548 5.0 3.4136772
31 6586 2.5 3.4533057
31 6615 3.0 3.3695428
31 6618 3.5 3.3518784
31 6703 2.5 3.379159
31 6709 4.0 3.4174619
31 6742 0.5 3.054083
31 6748 5.0 3.5225708
31 6777 1.0 3.6461985
31 6808 4.5 3.3814065
31 6817 5.0 3.1801245
31 6844 0.5 3.3310735
31 6869 3.5 3.3111217
31 6920 5.0 3.8647065
31 6957 4.0 3.7026625
31 7027 3.5 3.929959
31 7056 4.5 3.2061
31 7215 3.5 3.729048
31 7222 2.0 3.514819
31 7278 5.0 3.5869663
31 7348 5.0 3.209866
31 7367 3.5 3.5487568
31 7413 3.0 3.459757
31 7419 5.0 3.9248536
31 7482 3.5 3.423039
31 7895 5.0 3.4615092
31 7918 0.5 3.6115136
31 7981 4.5 3.4797516
31 8527 5.0 3.5776963
31 8595 4.0 3.3114185
31 8618 3.5 3.6649294
31 8793 5.0 3.512135
31 8860 2.0 3.564403
31 8865 3.5 4.0953355
31 8914 5.0 3.4499118
31 8955 3.5 3.4230535
31 26349 4.5 3.466067
31 26350 5.0 3.2155397
31 26603 3.0 3.4768577
31 26616 5.0 3.2634246
31 26713 4.5 3.6360283
31 27728 5.0 3.2330134
31 31485 3.0 3.061409
31 32892 4.5 3.6154912
31 33834 5.0 3.6152213
31 37382 5.0 3.8297114
31 41569 4.0 3.5783167
31 41863 4.5 3.4535909
31 52241 3.5 3.359481
32 527 1.5 4.776476
32 1196 5.0 3.9197342
32 1214 0.5 3.9445493
32 1304 3.5 3.228495
32 1396 3.5 4.1234884
32 2001 3.5 3.3590395
32 2968 4.5 2.6156294
32 4085 4.0 3.9195373
32 1375 4.5 2.2068021
32 7 3.0 3.6366687
32 236 3.5 3.6651192
32 588 3.0 4.224546
32 920 2.0 4.85263
32 596 2.5 3.2645843
32 1961 4.5 4.275958
32 2100 4.0 2.9703057
32 5952 5.0 4.802472
32 6565 4.5 3.9018266
32 6863 4.0 4.156456
32 1957 4.5 4.466299
32 2150 5.0 3.6829054
32 2918 4.5 4.728928
32 3448 4.0 3.5017662
32 5989 4.5 3.4920182
32 1367 2.5 4.017323
32 2094 4.0 3.4271014
32 2915 2.5 3.5334563
32 3255 3.0 2.9639144
32 4018 4.0 3.4398465
32 4321 3.5 3.0745919
32 4447 4.0 2.6415062
32 6753 4.5 3.618443
33 1376 4.0 2.3703704
33 3418 4.0 3.017678
34 316 4.0 2.7703
34 368 3.0 3.5293016
34 587 3.0 3.387988
34 168 3.0 3.1748714
35 318 5.0 4.6829543
35 1240 4.5 3.8191338
35 2028 4.5 4.212396
35 736 2.5 1.9841256
35 586 3.0 2.889948
36 32 3.0 3.2317135
36 589 2.0 2.2821927
36 590 4.0 3.1242511
36 1376 1.0 2.2662253
36 1387 2.0 1.7713305
36 1617 3.0 3.268198
36 2012 1.5 2.524093
36 2268 4.0 2.9657228
36 3147 4.0 3.2766428
36 1584 4.0 2.266117
36 2640 1.5 3.7825344
36 5299 2.0 2.7820234
36 4306 2.0 4.368135
36 5014 4.0 3.7918873
36 47 5.0 3.1211436
36 381 5.0 3.3649685
36 36 4.5 3.1230986
36 161 2.5 3.0675533
36 1079 2.0 2.9441924
36 5349 3.0 4.0476217
36 6333 2.0 3.4717424
36 6870 2.5 3.4258783
36 1784 1.5 2.8679054
36 4246 3.0 3.012102
36 4896 3.5 2.2963278
36 2140 3.0 3.52862
36 3499 4.0 2.320972
36 33679 4.5 2.9890158
36 1388 1.0 1.2054733
36 4328 2.0 3.0739543
36 5064 2.5 3.0258749
36 5991 3.0 3.1981819
36 8784 2.5 3.2843707
36 8981 3.0 3.208463
36 27873 5.0 3.0483818
36 30812 2.5 3.0807495
36 34048 5.0 2.8369222
37 1220 3.5 3.0008314
37 1580 4.5 4.429839
37 5218 4.0 3.3947468
37 4306 4.5 3.7607634
37 5952 5.0 4.0376506
37 1 5.0 4.32381
37 10 4.5 2.9605558
37 4011 3.5 3.9739873
37 5418 3.5 4.192403
37 6539 4.0 3.8465014
37 6807 4.5 3.647254
37 8636 3.0 3.83431
37 8665 4.0 4.233532
37 2042 4.0 3.3000112
37 6377 4.5 3.904875
37 41566 2.5 3.4885588
37 4995 5.0 3.9559157
37 63082 3.0 3.548423
37 2857 2.0 3.1867692
37 4387 4.0 3.4018319
37 49272 4.5 3.2608864
37 40815 4.0 3.8916364
37 6373 4.0 3.3497248
37 6934 3.5 2.5301614
37 52245 4.0 3.9888475
38 32 4.5 4.5013347
38 260 4.5 4.293136
38 1196 4.5 4.1859665
38 1261 4.0 3.3998961
38 2571 5.0 4.275287
38 4993 5.0 5.0
38 60069 4.5 5.0
38 58559 5.0 3.807031
38 60684 4.5 2.5542107
38 79132 5.0 5.0
38 5445 4.5 3.9983597
38 4878 4.0 3.531973
38 6016 4.5 4.6658874
38 44191 4.5 3.986971
38 3107 3.0 3.3709016
38 68358 4.5 4.8434424
38 60161 4.5 3.9816046
38 80917 4.0 4.2137265
39 318 4.0 2.0472217
39 1136 3.5 4.0128493
39 1198 4.0 3.930206
39 1201 4.0 3.2060828
39 1221 0.5 3.5508914
39 1732 4.0 1.7208126
39 2009 3.0 3.18566
39 2985 3.0 5.0
39 1923 2.0 1.9123322
39 2997 3.0 2.538626
39 4886 5.0 3.5312233
39 58559 2.5 3.780871
39 89745 0.5 3.5241475
39 90405 1.0 2.951935
39 91529 1.5 3.3307085
39 1 5.0 3.349194
39 4011 3.0 2.782144
39 7361 3.5 4.444514
39 44191 4.5 3.3188255
39 3698 3.5 2.274509
39 91542 1.0 2.827572
40 1136 3.5 3.5493083
40 1258 2.5 3.5459657
40 1356 4.0 2.8609889
40 1527 4.0 3.163153
40 1994 3.0 3.7580767
40 2692 3.5 3.788185
40 3424 0.5 3.4574056
40 2 4.0 3.3429785
40 1032 4.0 2.728596
40 1380 2.0 3.7902184
40 180 4.0 3.6506178
40 5952 5.0 4.1364064
40 6863 4.0 3.7672353
40 2959 3.0 4.384089
40 4886 3.0 3.8495638
40 73321 3.5 3.7877152
40 74458 4.5 4.1430855
40 92422 2.5 2.1760492
40 102125 4.5 3.6271486
40 103253 3.5 3.5181787
40 104841 3.5 3.5281293
40 107436 1.0 3.8825886
40 109673 2.5 3.2595906
40 150 3.5 3.9192326
40 2628 3.5 2.6279347
40 1148 3.5 4.350771
40 3052 4.0 3.6447375
40 4979 4.5 3.6041312
40 7438 1.0 3.8878717
40 5502 3.5 3.5846472
40 4519 4.0 3.360548
40 4896 3.0 2.997557
40 8641 5.0 4.008366
40 61024 4.0 2.1714056
40 63131 5.0 3.8376348
40 66934 4.0 4.239991
40 253 4.0 2.456375
40 2528 4.0 3.9517746
40 5995 4.5 3.533212
40 6016 4.0 4.248613
40 44191 5.0 4.259487
40 45728 4.0 3.966206
40 2706 2.5 3.7151377
40 1544 2.5 2.7356126
40 1590 3.0 3.0353951
40 4754 2.5 3.7249742
40 337 4.0 4.016424
40 2033 2.0 2.9814868
40 2090 3.0 3.4776502
40 2140 5.0 3.5642214
40 3247 3.5 2.6377866
40 4015 2.0 3.6191423
40 4232 2.0 3.261116
40 5010 4.0 3.4021654
40 6040 3.0 3.0088124
40 6754 3.0 3.202521
40 8528 3.0 3.7922986
40 34405 5.0 3.8790758
40 40815 3.0 3.8714275
40 34048 3.5 3.3810368
40 6373 3.0 3.6575508
40 6934 2.0 3.0392628
40 27611 5.0 3.7077575
40 52328 5.0 3.930042
40 55908 5.0 3.6598258
40 78499 4.0 3.0525935
40 86332 4.5 3.1098318
40 90469 3.5 3.0109928
40 3581 3.0 3.2491386
40 4340 2.0 3.5183866
40 4446 4.0 2.7124133
40 5072 5.0 3.7215886
40 7649 4.0 3.6505177
40 7742 3.5 3.5137534
40 26903 3.0 3.7194633
40 31545 4.0 3.4147723
40 31685 3.0 3.231215
40 34314 2.0 3.7292747
40 37830 5.0 3.5687912
40 45672 3.0 3.5435877
40 46970 3.0 3.5732272
40 48043 2.0 3.8197343
40 54259 2.0 3.3389559
40 60293 4.0 3.4958873
40 64497 3.5 3.4867985
40 65261 5.0 3.9671419
40 66544 3.5 3.547344
40 71106 4.0 3.7067852
40 72171 4.5 3.8211536
40 80846 2.0 3.5954823
40 87232 3.5 3.702812
40 92058 0.5 3.4673612
40 98809 4.0 3.485512
40 99149 3.0 3.5246189
40 100163 4.0 3.5661352
40 102445 5.0 3.9640164
40 103688 3.5 3.5254567
40 107057 4.0 3.5744746
41 2081 5.0 4.1095023
41 2087 4.0 4.8567395
41 783 3.0 3.671125
41 1566 4.0 3.7974527
41 3259 4.0 4.2070894
42 480 3.0 2.3312693
42 236 3.0 3.5196965
42 261 4.0 3.2354188
42 266 3.0 3.3004327
42 282 4.0 3.6472385
43 588 2.0 4.2708
43 595 3.0 4.4118342
43 535 5.0 3.8529186
44 780 4.0 3.8414817
44 1197 4.0 3.8003037
44 1219 4.0 4.081862
44 1220 3.5 3.8014464
44 1265 4.0 3.4539692
44 1527 3.5 3.6984951
44 1610 3.5 3.3718445
44 1997 3.0 3.5670145
44 2000 3.5 3.786129
44 2194 3.5 4.1697736
44 2716 4.5 4.045753
44 2985 3.5 3.9715612
44 3578 4.0 3.736467
44 2100 3.5 3.0008264
44 2997 4.0 3.7506893
44 58559 4.5 4.838393
44 88125 4.0 3.0195153
44 21 3.0 3.2523937
44 158 3.0 3.5130045
44 196 3.0 3.4459455
44 2797 3.5 4.1286626
44 778 4.5 4.262483
44 3751 4.5 3.98981
44 44555 5.0 4.687115
44 50872 4.0 4.051124
44 63859 3.5 3.1881115
44 72226 4.0 3.7417638
44 76093 4.0 3.867178
44 63082 4.5 3.8206594
44 34405 3.5 4.356066
44 55118 5.0 4.427188
44 48774 3.5 4.27317
44 85414 5.0 3.6269605
44 96610 3.5 3.965403
44 103228 3.0 2.9081378
44 37729 4.0 4.1507297
44 54001 3.5 3.4203672
44 81591 5.0 3.847244
44 81845 4.5 4.1701016
44 87232 5.0 3.888762
44 91500 3.0 4.1258907
44 98809 3.5 3.6346383
44 81788 3.0 3.4874985
44 81834 3.5 3.5667722
44 88810 4.0 3.733744
44 92259 4.5 4.176919
45 50 4.0 4.3756285
45 198 3.0 3.493068
45 318 5.0 4.554374
45 608 5.0 3.1269538
45 1089 5.0 3.8959947
45 1097 4.0 4.487189
45 1196 5.0 3.9137917
45 1200 5.0 4.3111424
45 1214 5.0 4.793308
45 1258 5.0 3.395524
45 1291 4.0 3.963617
45 1321 5.0 3.803812
45 1347 4.0 3.788775
45 1356 4.0 3.037287
45 1372 4.0 3.6129425
45 1376 3.0 2.369475
45 1387 4.0 3.721786
45 1500 5.0 4.513625
45 1527 3.0 3.7555647
45 1580 3.0 3.4772112
45 1953 4.0 4.209442
45 2003 2.0 3.6070695
45 2012 1.0 2.9203482
45 2076 5.0 2.8270962
45 2985 3.0 3.6903608
45 3578 5.0 3.3997822
45 3702 4.0 3.4353614
45 4085 4.0 3.2173707
45 1275 4.0 4.1661925
45 1375 2.0 2.4181137
45 2384 5.0 3.5240488
45 1243 5.0 3.83611
45 1285 5.0 4.1014824
45 2081 4.0 3.69512
45 2709 4.0 3.9065242
45 2959 4.0 4.4746957
45 10 4.0 3.984657
45 173 2.0 2.6265187
45 342 3.0 2.6357944
45 586 4.0 2.8189628
45 36 4.0 4.883473
45 1213 4.0 4.458427
45 1302 3.0 2.8700192
45 1682 3.0 3.9371781
45 1722 4.0 3.0134203
45 2728 4.0 3.75876
45 2918 5.0 4.0502877
45 151 3.0 3.7289102
45 235 4.0 3.0983171
45 551 4.0 2.844754
45 778 4.0 4.0330563
45 1228 4.0 4.324089
45 2019 4.0 3.9212112
45 2699 4.0 2.515786
45 4102 3.0 3.705677
45 1784 4.0 3.875554
45 661 4.0 3.587365
45 1033 3.0 3.9726632
45 1917 3.0 2.8240056
45 2078 5.0 3.4959788
45 2082 2.0 3.2976131
45 2141 4.0 3.310973
45 452 3.0 4.089643
45 1256 4.0 4.4575405
45 1267 5.0 4.6649976
45 2105 4.0 3.4536927
45 2657 5.0 4.317982
45 3088 5.0 3.5802505
45 1345 4.0 4.057838
45 1320 3.0 4.1415014
45 2986 3.0 3.705216
45 800 3.0 3.8027005
45 1041 4.0 4.4486294
45 2671 4.0 2.2692175
45 337 5.0 4.7652483
45 555 4.0 3.9539511
45 101 4.0 3.7302845
45 162 4.0 4.020917
45 1147 5.0 4.166809
45 1391 3.0 3.3379505
45 1603 3.0 3.4801285
45 1729 4.0 3.3739486
45 1884 4.0 4.6302853
45 1912 4.0 3.8265586
45 2140 4.0 4.0902834
45 2301 4.0 3.8801723
45 2372 3.0 3.2677283
45 2403 5.0 3.9212651
45 2420 2.0 2.9605958
45 2598 1.0 3.2938788
45 2788 5.0 3.8934798
45 3429 5.0 3.7688591
45 3683 5.0 3.9043481
45 2336 4.0 4.1246676
45 1357 5.0 4.0569715
45 218 3.0 2.7548032
45 1077 4.0 3.3585756
45 1211 4.0 4.343237
45 1300 4.0 3.84668
45 1466 4.0 3.1583724
45 1594 4.0 4.248557
45 2091 3.0 3.5630612
45 2357 4.0 3.7781496
45 2405 4.0 4.085431
45 2414 2.0 3.647889
45 2437 4.0 3.5374916
45 2476 4.0 3.7114377
45 2642 2.0 3.7908347
45 2693 4.0 3.4632275
45 2735 3.0 3.6673877
45 2750 3.0 3.605644
45 3185 4.0 3.5375204
45 3452 4.0 3.6260653
46 1407 4.0 3.8542335
46 1645 5.0 3.6618893
46 2001 4.0 3.769426
46 1721 5.0 3.3427145
46 3897 4.0 4.67811
46 253 5.0 3.035822
46 3081 4.0 4.3651285
46 2710 4.0 3.692432
46 70 2.0 3.8037748
46 2976 3.0 3.9312477
46 3300 4.0 3.822496
46 3510 4.0 3.149329
46 3287 4.0 3.6350865
46 3946 3.0 4.189847
47 318 4.0 4.2921453
47 593 3.0 4.975614
47 316 3.0 3.1405933
47 47 4.0 3.2701542
47 344 2.0 3.9306006
48 260 5.0 5.0
48 780 5.0 4.0869074
48 1240 4.0 3.653109
48 1265 4.0 4.0363016
48 1387 5.0 3.5472465
48 1597 4.0 2.7929783
48 2716 5.0 4.0140305
48 3527 5.0 4.3093095
48 3793 5.0 3.570006
48 4121 4.0 3.8432374
48 500 4.0 3.8096313
48 3 3.0 3.301753
48 377 5.0 2.836888
48 588 4.0 4.2460437
48 1029 3.0 4.1295085
48 2081 3.0 3.610838
48 596 3.0 3.0952582
48 785 4.0 3.6189563
48 10 5.0 3.8526397
48 173 5.0 2.3197896
48 185 5.0 3.154422
48 374 3.0 3.3435416
48 434 5.0 3.2303782
48 520 5.0 3.0047011
48 455 3.0 2.5975306
48 551 3.0 2.7962658
48 2174 4.0 3.4342318
48 2700 5.0 3.070952
48 3098 3.0 4.002093
48 3253 4.0 3.7113423
48 986 3.0 3.6554182
48 1005 2.0 3.4305584
48 1907 3.0 3.3369818
48 2042 3.0 3.5112941
48 2085 3.0 3.2662654
48 2139 2.0 3.735689
48 4519 2.0 3.5991364
48 671 5.0 3.4024088
48 107 5.0 4.3354816
48 761 4.0 2.036325
48 3269 3.0 3.4169352
48 2706 5.0 3.6862566
48 1562 4.0 3.463124
48 2717 4.0 3.2130857
48 2792 5.0 2.93408
48 2004 4.0 3.5153894
48 3868 4.0 3.5959427
48 24 3.0 3.3333347
48 2006 4.0 3.0971575
48 2033 2.0 3.5569425
48 2301 4.0 4.0696197
48 2720 3.0 3.475742
48 3034 4.0 4.0883408
48 3535 1.0 3.9008844
48 3536 3.0 3.497741
48 3809 4.0 3.663556
48 4149 4.0 3.7399745
48 4370 4.0 3.2889702
48 2470 4.0 3.6933153
48 3489 4.0 4.3043685
48 4270 4.0 4.3921423
48 12 5.0 3.7695293
48 54 3.0 3.6453056
48 63 3.0 3.6130455
48 252 4.0 3.6286516
48 743 4.0 3.6595378
48 870 1.0 3.548373
48 1009 3.0 3.442565
48 1021 3.0 3.8493555
48 1099 3.0 3.545702
48 2036 3.0 3.7328634
48 2378 3.0 3.6540334
48 2549 3.0 3.469039
48 3243 3.0 3.732056
48 3399 2.0 3.7292123
48 3412 3.0 3.5350971
48 3450 4.0 3.6335692
48 3638 4.0 3.6881614
48 3784 4.0 3.784194
48 3986 5.0 3.4694912
48 4023 3.0 3.9223044
48 4104 4.0 3.3644135
48 4686 3.0 3.7698746
48 4701 3.0 3.6923535
49 480 3.0 3.7587008
49 1953 4.0 4.0198026
49 2713 2.0 2.3180544
49 4015 2.0 3.4521115
49 2772 3.0 3.052993
50 4643 4.5 3.2247274
50 4993 5.0 4.7445574
50 1088 2.0 3.2175663
50 2359 4.0 3.9943228
50 6807 5.0 3.880035
50 3146 3.0 2.8521116
50 3987 2.5 4.051884
50 2393 4.5 3.6528358
50 3977 5.0 3.8453193
50 4270 4.0 4.427031
50 2622 2.0 3.997048
50 4242 3.5 3.803846
50 5957 3.5 4.047842
50 7311 4.0 3.8425453
51 318 4.0 3.2515464
51 480 3.0 2.9324186
51 1092 3.0 4.225067
51 1333 4.0 4.3240385
51 1610 1.0 3.3470633
51 1909 4.0 3.8843179
51 2916 4.0 3.8383281
51 3273 3.0 3.3256798
51 3471 2.0 4.7167954
51 953 1.0 4.0230136
51 39 4.0 3.1598365
51 1247 3.0 4.2404604
51 1285 5.0 3.7213292
51 1968 5.0 4.7652698
51 1246 4.0 4.4292464
51 1499 1.0 2.8835692
51 2997 2.0 2.7157745
51 468 1.0 4.2742023
51 2628 1.0 2.9396691
51 215 4.0 3.5515358
51 2329 5.0 5.0
51 4034 5.0 3.66651
51 5349 4.0 3.5096416
51 1967 5.0 3.7553735
51 3114 4.0 5.0
51 4963 5.0 4.4298763
51 2747 2.0 3.1405907
51 1831 1.0 4.2483397
51 2746 2.0 3.3759537
51 2723 3.0 2.7540426
51 1884 4.0 3.4571195
51 2006 1.0 2.909685
51 2810 5.0 3.2919736
51 4776 5.0 3.3539553
51 4321 4.0 2.827484
51 2995 2.0 3.3320427
51 4975 4.0 3.738112
51 1991 2.0 3.8196948
51 2133 4.0 3.236575
51 2279 2.0 3.1049395
51 2771 3.0 4.0075617
51 3409 2.0 3.2358506
51 3797 1.0 3.9313414
51 3835 2.0 3.5322528
51 3980 2.0 3.7206006
51 5111 3.0 3.7220142
52 32 4.0 4.077854
52 924 4.5 4.6131644
52 1214 4.5 3.5622904
52 1333 4.5 3.3772457
52 1347 4.0 2.9009383
52 2167 2.5 2.7382953
52 2288 3.5 2.8878994
52 2529 4.0 2.173318
52 2571 4.0 3.1758213
52 2791 3.0 1.9784067
52 3018 4.0 3.218028
52 3273 2.0 2.358938
52 2617 2.0 2.2887118
52 2719 3.0 1.7559574
52 16 2.5 2.38381
52 112 2.5 3.341722
52 2160 4.0 3.1268516
52 2174 1.5 2.9146852
52 5445 4.0 3.2410698
52 7569 3.5 2.1545737
52 1334 3.0 1.7894299
52 2454 3.0 3.2306278
52 2633 3.5 2.707851
52 2657 3.0 1.5272881
52 2717 1.5 2.3353815
52 2793 2.0 3.1081514
52 1128 4.0 2.4755487
52 1998 3.5 2.7430265
52 4553 4.0 3.3840168
52 5165 4.0 2.5786016
52 6058 0.5 2.5564961
52 6242 3.0 3.5031917
52 6290 3.0 3.4408844
52 6731 3.5 3.1409223
52 6741 2.5 2.6205215
52 6820 2.0 2.8463867
52 7951 3.0 2.9147182
52 8265 3.5 2.3980649
52 33493 3.0 2.191089
52 8957 3.0 2.8415613
52 4270 1.5 2.521822
52 7454 3.0 2.885864
52 2122 3.0 2.7194083
52 2232 4.0 2.8462129
52 512 0.5 2.9942455
52 1105 2.0 2.7563124
52 1241 3.5 2.714584
52 1323 3.0 2.6557748
52 1341 2.5 2.7758155
52 1762 2.5 2.621431
52 1972 3.0 2.7387233
52 1979 2.0 2.7360928
52 2026 3.0 2.7110913
52 2097 4.0 2.828975
52 2158 4.0 3.0569894
52 2346 2.5 2.945367
52 2389 4.0 2.7314107
52 2452 1.0 2.7135565
52 2514 1.0 2.9220357
52 2548 2.0 3.0384345
52 2554 1.5 2.7823045
52 2780 1.0 2.7625904
52 2784 3.5 2.6018488
52 2790 3.0 2.6164641
52 2853 2.0 2.915003
52 2868 3.0 2.6569548
52 3024 3.0 2.4815805
52 3344 3.5 2.9732962
52 3493 4.0 2.6886349
52 3676 3.0 3.1979597
52 3732 2.5 2.7556822
52 3931 3.0 2.7494404
52 3938 2.0 2.7453463
52 3940 1.5 2.9475684
52 3941 1.0 2.6337192
52 4030 1.0 2.6617587
52 4124 2.0 2.7567961
52 4138 2.5 2.4933503
52 4213 3.0 2.6751182
52 4388 1.5 2.8122535
52 4430 1.5 3.0732205
52 4576 1.5 2.8502584
52 4665 3.0 2.6244712
52 4682 3.0 2.8581064
52 4753 1.0 2.6960785
52 4794 4.5 2.504776
52 4827 3.0 2.655301
52 4931 2.5 2.7269287
52 5183 3.5 2.8324342
52 5189 3.0 2.7429316
52 5311 4.0 2.6017528
52 5433 1.0 2.9756382
52 5546 2.5 2.9862435
52 5556 1.5 2.8447144
52 5695 4.5 2.7834854
52 5726 4.0 2.7249322
52 5746 2.5 2.8010259
52 5771 3.5 2.7843044
52 5784 3.0 2.7638674
52 5852 1.0 2.6513255
52 5980 3.5 2.9311252
52 6044 2.5 2.5750718
52 6066 2.0 2.6914866
52 6140 5.0 2.804884
52 6530 3.5 3.0252461
52 6639 3.0 2.650042
52 6736 2.0 2.8449876
52 6744 2.0 2.704617
52 6987 4.0 2.6026595
52 6996 1.0 2.9443989
52 7001 1.5 2.8329103
52 7202 2.5 2.75418
52 7449 2.5 3.0864575
52 7481 3.5 2.9944248
52 7561 3.0 2.6842663
52 7650 3.5 2.3735256
52 7713 3.5 2.784519
52 7845 2.0 2.9610069
52 7954 2.5 2.6325135
52 8222 3.5 2.9754484
52 8225 0.5 2.5817294
52 8770 4.0 2.9554114
52 8783 2.5 2.6998017
52 8870 3.5 2.8197875
52 8932 2.0 2.4853399
52 27317 4.0 2.8386922
53 2716 3.0 4.217629
53 2858 3.0 3.4099083
53 785 3.0 3.6910138
53 2683 4.0 4.203417
53 2759 3.0 3.228717
54 110 4.0 3.687983
54 1136 1.5 4.032734
54 1258 4.0 3.4651613
54 4973 4.5 3.9616857
54 5418 4.0 3.634727
54 5989 4.5 3.4155753
54 6502 5.0 4.4003725
54 54997 4.0 3.4032443
54 56367 0.5 4.527733
54 27773 4.0 4.259611
54 48774 4.5 3.9776976
54 71535 4.0 4.162477
54 81591 3.5 3.6939206
54 59369 5.0 3.4000216
54 64614 5.0 3.8140104
54 81788 4.5 3.4974797
54 421 0.5 3.5410202
54 49530 5.0 3.6848922
54 58295 5.0 3.598588
54 72554 4.0 3.69574
54 73168 5.0 3.743793
54 80398 4.5 3.456462
54 82242 0.5 3.8452075
55 593 5.0 4.423841
55 924 4.0 5.0
55 2028 3.0 5.0
55 594 3.0 5.0
55 899 5.0 4.743049
55 1947 5.0 4.6391087
55 1131 5.0 4.298105
55 3252 4.0 4.5476303
55 1537 5.0 3.1104624
55 1217 5.0 5.0
55 1233 5.0 5.0
55 307 5.0 5.0
55 1730 5.0 4.981854
55 262 5.0 4.320139
55 917 5.0 4.238793
55 2069 5.0 4.2330804
55 4424 5.0 4.578103
55 4921 4.0 4.4836664
55 4970 5.0 4.502133
56 858 5.0 4.9100065
56 1136 4.0 4.9899526
56 1221 4.0 4.1357794
56 2028 4.0 4.250819
56 5060 5.0 4.097708
56 1225 3.0 3.8453953
56 1203 5.0 4.6495585
56 1256 4.0 4.2442827
56 1301 5.0 3.8652275
56 2400 4.0 3.8648741
56 2620 2.0 3.7641878
57 7153 4.0 3.7112684
57 5952 4.0 3.7042563
57 468 2.0 2.867227
57 3360 3.5 4.6578393
57 5418 4.0 3.5661063
57 63853 4.5 3.4704792
57 6947 4.0 3.783697
57 45722 2.5 2.334324
57 3259 4.0 3.0324059
57 1959 2.0 2.6768794
57 6879 3.0 3.073368
57 27808 4.5 3.0934296
58 830 5.0 3.064343
58 733 5.0 4.5318823
58 1518 4.0 4.209942
58 1552 4.0 3.340602
58 376 3.0 2.833198
58 837 3.0 3.235334
58 786 4.0 2.727811
58 848 3.0 3.676721
58 1541 5.0 4.10556
58 880 3.0 3.2600832
58 808 3.0 3.169303
58 711 3.0 3.6109035
58 1488 5.0 3.2288942
59 474 4.0 3.9298613
59 3424 3.0 3.636668
59 4034 4.0 3.8371134
59 3617 1.0 4.128843
59 2771 2.0 3.8002076
59 3270 4.0 3.4939942
59 3953 2.0 3.5984268
59 4220 5.0 3.7239177
60 1221 4.5 4.6571894
60 2571 4.0 4.627336
60 3386 4.5 4.2788625
60 1059 4.0 3.4041865
60 908 5.0 4.333407
60 1408 4.0 4.2187753
60 3421 4.5 3.0900297
60 7156 4.0 4.397576
60 2551 4.0 3.9709215
60 4718 3.0 4.104913
60 48516 5.0 4.42351
60 2023 3.5 4.1355205
60 101 4.0 4.078201
60 6620 5.0 4.0003242
60 3977 3.0 3.9505942
60 2161 4.0 4.0278907
60 26228 4.0 3.9120078
61 50 5.0 4.2789454
61 260 4.0 3.5676568
61 350 3.0 3.6063905
61 592 4.0 1.8013096
61 17 5.0 4.060763
61 1 5.0 3.8015556
61 300 4.0 4.3271813
61 41 5.0 4.417699
61 802 4.0 3.9964108
61 94 3.0 3.6773307
61 640 3.0 3.9824107
62 920 2.5 3.344054
62 1682 1.5 3.0540695
62 25 3.5 3.4050148
62 2657 2.5 2.0432441
62 58 4.5 3.8871057
63 260 4.0 3.915886
63 858 5.0 3.9797583
63 1127 3.0 3.536199
63 1196 4.0 4.0255303
63 1206 5.0 4.1861043
63 1252 5.0 2.8700752
63 1394 4.0 4.6777086
63 1028 3.0 3.6537917
63 1230 5.0 4.3156486
63 1961 3.0 3.965708
63 1263 5.0 4.119835
63 1957 5.0 4.2308187
63 2021 3.0 2.898436
63 1125 3.0 3.2640283
63 1079 4.0 4.2902937
63 1264 3.0 3.157283
63 1882 1.0 3.2113814
63 1222 5.0 4.1744814
63 1949 3.0 3.7390916
63 2022 5.0 3.9228396
63 1211 5.0 4.050885
63 1295 4.0 3.9161854
63 615 3.0 3.8154917
63 1150 3.0 4.1980014
63 1956 3.0 3.729523
64 902 4.5 3.767373
64 3594 4.0 3.4571002
64 5222 1.5 3.6612425
64 5296 4.0 3.55181
64 69712 4.5 3.4929612
64 72737 5.0 4.1258073
65 1805 3.0 2.395707
65 51662 3.5 2.7406733
65 79132 2.5 3.982974
65 1272 4.0 2.9723845
65 1231 4.5 3.114022
65 19 3.0 3.8748477
65 969 3.0 2.224341
65 1690 3.5 3.7721374
65 1479 1.0 2.628672
65 2792 2.5 1.8138616
65 4370 4.5 1.7919128
65 7104 1.5 3.197318
65 3070 2.0 3.472606
65 1352 3.5 3.0228183
66 589 5.0 2.81015
66 153 2.0 3.6636848
66 364 2.0 3.4931765
66 377 3.0 4.1079054
66 595 4.0 3.590086
66 44 4.0 4.3068237
66 165 5.0 3.9213483
66 548 3.0 3.2573323
66 376 2.0 3.6863089
66 551 2.0 2.3377037
66 458 2.0 2.1056576
67 592 3.0 2.8847659
67 364 4.0 2.6321821
67 185 4.0 2.6914926
67 208 4.0 2.9508882
67 434 4.0 2.436123
68 589 4.0 3.1413906
68 1777 3.0 2.3237913
68 356 5.0 3.9854102
68 2302 2.0 3.8178163
68 150 5.0 4.183391
68 300 4.0 4.7528524
68 1343 4.0 2.6227434
68 1917 4.0 2.2468429
68 2392 1.0 3.817372
68 1801 3.0 3.323477
68 1834 5.0 4.3555794
68 1780 5.0 3.7353318
69 593 5.0 4.8286996
69 750 5.0 4.8645983
69 858 5.0 5.0
69 1196 5.0 4.961574
69 1227 5.0 4.4419503
69 1258 3.0 4.674693
69 1276 5.0 4.4658785
69 1304 5.0 4.469355
69 1645 3.0 3.680431
69 2542 4.0 3.9319289
69 2917 4.0 4.0248013
69 2973 4.0 3.8286355
69 3272 4.0 3.0521438
69 3681 5.0 5.0
69 34 4.0 4.5238037
69 914 5.0 4.774211
69 920 5.0 4.5126567
69 1247 5.0 4.9060225
69 1639 5.0 4.473904
69 908 5.0 4.743395
69 4643 2.0 3.814356
69 2278 3.0 4.936283
69 3176 2.0 4.75757
69 446 5.0 3.7184486
69 1084 5.0 5.0
69 1945 5.0 3.482683
69 2700 4.0 3.4784343
69 4034 3.0 4.566055
69 911 5.0 3.6202912
69 922 5.0 5.0
69 926 5.0 4.7880497
69 969 5.0 4.791835
69 2731 5.0 4.2697525
69 29 5.0 4.9656367
69 232 5.0 4.6028986
69 1175 5.0 5.0
69 1729 2.0 4.296775
69 2730 3.0 4.4694843
69 2905 5.0 4.6119757
69 3019 4.0 4.52209
69 3728 5.0 4.1989827
69 4339 3.0 4.3060303
69 4361 5.0 4.6667857
69 1952 5.0 4.8961515
69 125 5.0 4.4612317
69 334 5.0 5.0
69 2070 5.0 4.3098965
69 2830 5.0 4.6792154
69 3224 5.0 4.5431733
69 3467 5.0 4.32766
69 3507 5.0 4.3170514
69 3588 5.0 4.4715004
69 3950 1.0 4.3929677
69 4296 1.0 4.175453
69 4705 5.0 4.471652
70 32 4.5 4.8684616
70 110 4.0 4.4181666
70 198 4.5 4.1621623
70 480 4.0 4.3337994
70 593 5.0 4.0583367
70 648 3.5 4.2216835
70 924 3.5 4.164674
70 1089 4.0 4.527761
70 1200 3.5 3.5039046
70 1347 4.0 4.323299
70 1580 4.5 4.4640145
70 1954 3.0 4.093546
70 2011 2.5 4.6097193
70 2968 4.0 4.027956
70 3702 3.5 4.3456326
70 2 3.5 3.60556
70 34 3.0 3.9819856
70 1584 4.5 3.5528507
70 1721 4.0 4.123567
70 1777 4.0 2.855638
70 2617 4.0 3.6673455
70 3408 4.0 4.778734
70 7153 5.0 4.617283
70 39 4.0 3.619327
70 377 4.0 2.892559
70 1282 4.0 3.5078192
70 1297 5.0 4.4154186
70 1307 5.0 3.76209
70 1380 2.0 4.1150193
70 4306 5.0 4.5538073
70 5952 5.0 4.6976857
70 6863 4.0 4.4417834
70 45499 3.5 3.9876113
70 10 4.0 3.682642
70 165 4.0 3.4539497
70 185 3.5 3.274106
70 509 4.0 4.458652
70 587 4.0 3.740927
70 1370 4.0 4.1776657
70 3176 2.0 4.1207066
70 3252 4.0 3.9748187
70 141 3.5 4.5347033
70 235 4.0 3.6447372
70 852 3.5 3.776061
70 1673 3.0 3.7951
70 2144 5.0 3.5679615
70 2174 3.0 3.783137
70 2321 4.0 4.572554
70 3911 4.0 4.3979583
70 5445 3.0 4.7135596
70 5679 4.5 3.9355903
70 6874 5.0 4.491581
70 912 3.0 4.749718
70 1917 3.0 3.4020674
70 3114 4.0 4.692185
70 5378 3.0 3.7955666
70 849 5.0 3.534016
70 2746 3.0 3.6769311
70 3257 3.0 3.5022476
70 1513 4.0 3.953191
70 610 4.0 3.9350471
70 1711 4.0 3.8164742
70 3704 5.0 4.0276694
70 4239 4.0 4.3704896
70 4370 3.0 3.7695613
70 4873 4.0 4.9077005
70 33004 4.0 3.96789
70 3977 4.0 4.504861
70 6373 4.0 4.044736
70 48394 4.5 4.7056394
70 3033 4.5 4.925348
70 2005 5.0 3.6810732
70 4975 4.0 4.907644
70 1100 3.0 4.056724
70 2681 5.0 4.1252365
70 6583 5.0 4.0525894
70 7099 5.0 4.6531796
70 7743 5.0 3.9664216
70 26504 4.0 3.9638789
70 46965 3.0 3.9028838
71 5013 4.0 3.6030855
71 2662 4.0 3.34883
71 3536 4.0 3.1840482
71 2567 1.0 3.6945121
72 1252 3.0 3.1646311
72 1259 4.0 3.347355
72 1304 4.0 3.1091046
72 1387 5.0 2.863379
72 920 3.0 4.5939612
72 908 4.0 3.9798791
72 1 3.0 4.236307
72 1183 4.0 5.0
72 1641 5.0 3.1230166
72 1178 5.0 3.506888
72 1211 4.0 3.7938666
73 1127 3.0 3.447346
73 1215 4.0 2.9339755
73 2791 4.5 1.9781667
73 588 3.0 3.4989274
73 1022 2.5 2.4305964
73 345 3.0 2.0422204
73 2124 3.0 2.8083816
73 1693 4.0 3.135174
73 2021 4.5 2.4532392
73 3072 4.0 2.344742
73 4238 4.0 2.9469597
73 5900 2.5 2.7291865
73 54997 3.5 3.223271
73 3535 3.5 2.8293872
73 1061 3.0 3.1284616
73 27660 4.0 3.1995773
73 2005 4.0 3.1696553
73 3755 3.5 2.6631968
73 577 3.0 2.801423
73 6383 1.0 3.3267171
73 700 3.0 3.0661178
73 31420 3.0 3.060838
73 86142 3.0 3.0489724
74 296 5.0 4.530539
74 593 5.0 4.1844344
74 17 3.0 3.978335
74 838 4.0 4.000946
74 1084 5.0 4.5379934
74 659 3.0 3.6433256
74 728 3.0 3.8549287
75 457 3.0 3.3216622
75 1196 3.0 3.0425494
75 1208 4.0 3.6840856
75 1210 3.0 3.2106245
75 953 3.0 3.7601457
75 1101 2.0 2.7848105
75 1249 3.0 3.1179762
75 417 2.0 3.6547492
75 440 3.0 3.6228642
75 595 5.0 3.6687343
75 920 3.0 3.8655307
75 441 3.0 2.9077048
75 908 3.0 3.7357073
75 230 5.0 3.655146
75 292 2.0 3.1811848
75 351 3.0 1.7267212
75 355 3.0 2.7999198
75 410 3.0 3.854698
75 1090 3.0 3.4835188
75 1172 3.0 3.145281
75 194 4.0 3.7091916
75 235 5.0 3.107316
75 300 3.0 3.50785
75 1094 5.0 4.546335
75 551 5.0 3.596137
75 1080 3.0 4.074878
75 1193 3.0 4.195357
75 661 3.0 3.5367274
75 515 5.0 4.5640206
75 904 3.0 3.8980749
75 1339 3.0 3.5099447
75 288 1.0 2.671857
75 800 5.0 3.5882103
75 1093 3.0 3.4680173
75 555 4.0 3.644364
75 1395 3.0 2.6432767
75 879 3.0 2.021119
75 562 3.0 3.5308223
75 358 3.0 3.4764228
75 725 3.0 3.5876231
75 766 4.0 3.190424
75 824 5.0 3.4031646
75 1151 3.0 3.3764293
75 1177 3.0 3.354729
76 953 3.5 3.8025513
76 89745 4.0 3.513547
76 111362 4.0 3.586269
76 78499 5.0 2.9302022
77 589 3.5 4.0426745
77 858 5.0 3.4494917
77 1287 5.0 4.6507363
77 1291 3.5 3.8112295
77 2858 5.0 4.4785037
77 3578 4.0 3.8868735
77 105 3.0 3.8429353
77 3996 4.5 4.6047754
77 17 4.0 4.439586
77 5952 4.0 4.5117517
77 1172 4.5 3.6239598
77 1682 3.5 3.914093
77 2353 4.0 4.3213496
77 446 4.5 3.3614511
77 1193 4.5 3.876397
77 4223 4.0 4.3089614
77 3155 3.5 4.038853
77 5983 3.0 4.043557
77 30 3.5 3.5989869
77 2908 4.0 3.731317
77 6238 3.5 3.6889505
78 32 4.0 3.7565854
78 1732 4.0 3.1389036
78 3362 4.0 3.6712625
78 3481 4.0 3.4944408
78 3897 4.0 3.7702403
78 4993 4.0 3.8669944
78 5952 4.5 3.9257638
78 7147 4.5 4.1561785
78 58559 4.5 4.63748
78 80615 4.0 3.7848744
78 293 3.5 3.1096447
78 4011 4.0 3.9555604
78 4027 2.5 3.990913
78 27706 4.5 3.401671
78 4308 4.0 3.8549385
78 38061 4.5 3.324235
78 46976 4.0 3.6497834
78 59784 3.5 2.9804058
78 72226 3.5 3.3137946
78 44199 4.5 4.082236
78 53318 5.0 3.6573899
78 8957 4.0 3.7095811
78 68157 4.5 3.968471
78 60161 4.0 3.2877288
78 68237 3.0 3.4873967
78 70286 4.0 3.8285873
78 5971 4.0 3.4152818
78 48394 4.0 4.6884537
78 8607 5.0 3.5194268
78 68952 3.0 3.845093
78 71464 4.5 3.8348405
78 76251 3.5 4.425574
78 5128 3.5 2.5822597
78 1753 4.5 3.2516892
78 5477 4.0 3.3596454
78 45081 4.0 3.3803673
78 53161 4.0 3.3534439
78 67429 4.5 3.2892265
78 69481 3.0 3.3740058
78 72209 3.0 3.452892
79 50 4.0 4.172045
79 318 5.0 4.976157
79 592 3.0 2.4002483
79 608 2.0 4.228576
79 858 5.0 4.454558
79 999 2.0 3.8052568
79 1089 4.0 3.7930295
79 2194 3.0 2.4150574
79 2716 2.0 4.235108
79 1275 3.0 4.2864647
79 2291 2.0 3.3223968
79 17 4.0 3.7102864
79 1243 5.0 2.6529186
79 36 3.0 2.961141
79 1302 2.0 2.3218884
79 1674 4.0 3.9455872
79 2918 4.0 4.1136136
79 1103 4.0 4.1055284
79 1224 4.0 3.9088826
79 2174 2.0 3.5684373
79 2355 3.0 3.1567042
79 232 4.0 3.5411441
79 2372 4.0 3.4067662
79 1962 4.0 2.8895347
79 2872 3.0 3.4009197
79 2373 2.0 2.9433837
