1 50 5.0 4.1537066
1 260 5.0 3.796224
1 296 4.0 4.4042153
1 318 3.0 4.3289604
1 367 4.0 3.825863
1 480 4.0 3.488052
1 590 2.0 3.891774
1 593 5.0 4.07422
1 648 5.0 3.7872558
1 968 4.0 2.795589
1 1073 3.0 3.6130753
1 1129 5.0 3.9509804
1 1197 4.0 4.0872216
1 1199 2.0 4.222228
1 1210 3.0 4.003497
1 1219 5.0 4.0037847
1 1262 4.0 4.4474125
1 1278 3.0 3.608677
1 1372 3.0 3.545996
1 1580 5.0 3.9271696
1 1589 3.0 3.5653307
1 1754 2.0 3.5653307
1 1953 4.0 4.2159786
1 1954 5.0 2.8753576
1 1965 3.0 3.4477303
1 1994 5.0 4.5800524
1 2001 3.0 3.69988
1 2028 3.0 3.7383778
1 2076 3.0 3.2587132
1 2118 4.0 2.5249202
1 2267 3.0 3.5653307
1 2268 3.0 3.5084496
1 2478 1.0 2.737427
1 2571 4.0 4.114592
1 2580 3.0 4.527286
1 2664 4.0 3.5653307
1 2812 3.0 3.5653307
1 2948 4.0 4.157473
1 3272 1.0 3.5653307
1 3424 2.0 2.5064104
1 3543 3.0 2.0607638
1 3550 3.0 3.5653307
1 3681 5.0 4.278646
1 3699 5.0 2.6875
1 3703 3.0 4.107868
1 3735 3.0 3.5653307
1 3927 3.0 3.5653307
1 4041 4.0 3.5653307
2 1374 1.5 3.6059234
2 1997 5.0 4.426919
2 105 5.0 3.1666667
2 153 4.0 3.7741003
2 552 3.0 3.271131
2 762 2.0 3.1086538
2 1275 5.0 3.5495024
2 1584 4.0 4.16624
2 1721 4.0 2.9714892
2 1923 5.0 4.0361633
2 2406 4.0 4.157511
2 2617 4.0 2.7233603
2 3101 5.0 3.5653307
2 3408 3.0 3.5653307
3 260 5.0 4.3604
3 364 5.0 4.3651476
3 7 4.0 3.5653307
3 224 3.0 3.5653307
3 236 5.0 3.8003247
3 266 5.0 3.9687023
3 594 5.0 4.4560156
3 605 3.0 3.5653307
3 918 5.0 3.5653307
3 938 5.0 3.5653307
3 955 5.0 3.5653307
3 1014 5.0 3.5653307
3 1022 5.0 3.1756127
3 1024 4.0 3.5653307
3 1059 1.0 3.732794
3 1230 5.0 3.4145436
3 1285 3.0 4.5127645
3 1307 5.0 4.0223
3 1569 4.0 3.5653307
3 1639 3.0 4.979977
3 2038 3.0 3.5653307
3 2084 2.0 3.5653307
4 590 3.5 3.7823725
4 1197 5.0 4.3281636
4 2985 3.5 3.5802493
4 5060 3.5 4.054521
4 163 4.0 3.9584365
4 180 4.0 2.6499345
4 782 1.5 3.5653307
4 783 3.5 3.214942
4 2395 3.5 4.186111
4 2683 3.5 3.9225204
4 2997 1.5 3.2717826
4 3481 3.0 4.498917
4 3897 2.5 4.0790753
4 4008 1.5 3.5653307
4 4148 3.0 4.0393095
4 5446 4.0 3.5653307
4 6863 4.5 3.3261838
5 2719 3.5 3.5653307
5 5015 2.5 3.5653307
6 69406 3.5 3.5653307
6 74530 4.0 3.5653307
6 79139 3.5 3.5653307
6 82169 3.0 3.5653307
6 85367 3.5 3.5653307
6 92507 3.5 3.5653307
6 93272 4.0 3.5653307
6 93982 2.5 3.5653307
6 95720 2.0 3.5653307
6 96964 3.5 3.5653307
6 98203 3.5 3.5653307
6 99145 4.0 3.5653307
6 99813 4.0 3.5653307
6 102407 3.5 3.5653307
6 103335 4.5 3.5653307
6 104274 3.0 3.5653307
6 105844 3.5 3.5653307
6 106072 3.5 3.0
6 106782 3.5 4.4309564
6 110773 0.5 3.5653307
6 111360 2.5 3.5653307
6 111375 3.5 3.5653307
6 112303 2.5 3.5653307
6 113071 2.0 3.5653307
6 114795 4.0 3.5653307
6 115680 1.5 3.5653307
6 117590 1.5 3.5653307
7 592 4.0 3.6410546
7 364 5.0 4.089689
7 39 4.0 3.9700282
7 356 3.0 4.3727226
7 588 5.0 4.199246
7 594 4.0 3.6487925
7 47 5.0 4.53349
7 122 4.0 3.5653307
7 170 4.0 3.5653307
7 230 4.0 3.5653307
7 282 5.0 3.6482143
7 329 3.0 3.50521
7 342 3.0 2.8368456
7 353 4.0 3.4926696
7 355 3.0 3.5653307
7 368 4.0 3.0615225
7 380 4.0 4.2466917
7 383 3.0 3.5653307
7 454 4.0 3.5528746
7 494 4.0 4.2667785
7 540 3.0 3.5653307
7 544 3.0 3.5653307
7 548 3.0 3.5653307
7 587 3.0 3.5556204
8 457 5.0 4.14617
8 527 5.0 4.868679
8 608 4.0 3.331452
8 780 4.0 3.6865642
8 1198 5.0 4.1925535
8 1210 5.0 4.4792485
8 1270 4.0 3.9873133
8 1610 4.0 3.459206
8 736 4.0 2.8042498
8 377 4.0 3.8016334
8 920 5.0 5.0
8 1296 3.0 3.7583206
8 1747 4.0 3.4469118
8 345 2.0 4.213876
8 36 4.0 4.4455085
8 897 4.0 3.5653307
8 1088 2.0 3.7358007
8 1213 3.0 4.679657
8 1225 5.0 4.2732587
8 1272 4.0 3.5653307
8 1411 5.0 4.72495
8 1438 2.0 3.5653307
8 1518 5.0 3.5653307
8 1616 4.0 3.5653307
8 1682 4.0 3.9166834
8 1687 5.0 3.5653307
8 2150 4.0 3.6066093
8 3176 5.0 3.5713418
8 3252 3.0 3.955555
8 3256 4.0 2.3791757
8 3418 4.0 3.3670673
8 3498 5.0 3.5653307
8 3733 4.0 3.5653307
9 350 5.0 3.1854331
9 432 3.0 2.5387933
9 474 4.0 3.4673982
9 105 3.0 3.5653307
9 7 3.0 3.5653307
9 224 4.0 3.5653307
9 236 3.0 3.6739366
9 266 4.0 3.919414
9 339 4.0 3.7545466
9 417 4.0 3.5653307
9 62 5.0 3.4771352
9 11 4.0 3.6874378
9 47 3.0 4.0946755
9 292 3.0 3.2671483
9 380 3.0 3.8475294
9 383 4.0 3.5653307
9 586 3.0 2.972029
9 4 3.0 3.5653307
9 14 4.0 4.0735745
9 140 3.0 3.5653307
9 141 4.0 3.8356214
9 154 3.0 3.5653307
9 222 3.0 4.308233
9 314 4.0 3.92848
9 446 3.0 3.4814816
9 508 5.0 3.5495198
9 1094 4.0 3.5653307
9 1135 3.0 3.5653307
10 50 5.0 4.3040953
10 608 3.0 3.956954
10 858 4.5 4.5232162
10 1201 4.5 4.3531885
10 1206 3.0 4.6087174
10 1259 4.0 3.8727598
10 1276 4.0 4.5120015
10 1358 4.0 3.9220943
10 1394 4.5 3.6152654
10 1997 3.5 4.370129
10 2692 4.0 3.8986604
10 2912 4.0 3.9258244
10 2951 4.0 4.3009253
10 3363 4.0 3.0065217
10 3793 2.5 3.5366676
10 5060 3.5 4.185114
10 2406 2.5 4.0414014
10 1032 3.0 3.7691367
10 1247 4.0 3.9049323
10 1282 4.5 3.3459363
10 1285 3.0 3.5859654
10 4993 4.0 4.151069
10 2762 4.0 3.667608
10 293 4.0 3.6276708
10 272 4.0 4.071429
10 1090 2.5 3.5595
10 1213 4.5 4.256665
10 2918 3.5 4.4100466
10 508 2.0 3.2460272
10 1050 4.0 3.5653307
10 1080 4.0 3.6331592
10 1120 3.0 3.5653307
10 1148 3.5 3.0958333
10 1179 3.5 3.5653307
10 1289 4.0 3.4285715
10 1673 4.0 3.9583333
10 2144 3.0 4.0177913
10 2174 3.5 3.295808
10 2231 4.5 3.1869848
10 2289 4.5 3.5653307
10 2371 3.5 3.5653307
10 2502 3.0 4.2112947
10 2946 3.5 3.5653307
10 3052 4.5 3.115012
10 3360 5.0 3.6555555
10 3396 4.5 3.7333333
10 4009 3.0 3.5653307
10 4011 4.5 3.8407457
10 4848 2.5 3.9055254
10 5820 3.0 3.5653307
10 5945 1.5 3.673349
10 6104 3.5 3.5653307
10 6306 4.5 3.5653307
10 6790 2.5 3.5653307
10 6807 3.5 4.7305546
10 7073 4.5 3.5653307
10 7137 4.0 3.5653307
10 7156 4.5 4.4391026
10 7361 4.5 4.2889156
10 7889 4.0 3.5653307
10 8368 4.0 3.4658654
10 8807 4.5 3.5653307
10 8874 3.5 4.1386847
10 27706 3.5 3.5653307
10 30898 4.0 3.5653307
10 32587 4.5 4.2616587
11 1304 4.0 3.780303
11 1610 3.0 3.6004696
11 1537 2.5 3.5653307
12 2058 3.0 3.098148
12 903 5.0 4.007143
12 5380 4.0 3.5653307
12 5415 1.0 3.5653307
12 5481 4.0 3.5653307
13 22 3.5 3.19
13 1097 2.0 4.008527
13 2987 4.5 3.1578338
13 364 4.5 4.283544
13 2384 3.0 4.119613
13 48 4.0 2.4654467
13 588 5.0 3.7768517
13 1285 4.5 3.668052
13 2014 2.5 3.5653307
13 2096 4.0 4.0131316
13 783 3.0 3.3153286
13 158 3.0 3.2730453
13 520 4.0 3.6851685
13 616 4.5 4.003422
13 27706 3.0 3.5653307
13 5481 3.0 3.2307692
13 673 4.5 3.8427978
13 837 3.5 3.5653307
13 986 3.5 2.7767406
13 1005 3.0 3.5653307
13 1064 4.0 3.5653307
13 1688 3.0 4.1666665
13 1907 3.0 3.5653307
13 1967 2.5 4.3563666
13 2018 5.0 3.025
13 2085 4.0 2.2821429
13 2092 3.0 3.5653307
13 2142 3.5 2.748447
13 2152 3.0 3.5653307
13 2355 4.0 4.1427193
13 3124 3.5 3.5653307
13 3483 3.5 3.5653307
13 3969 4.0 3.5653307
13 4519 3.5 3.4062722
13 4639 3.0 3.5653307
13 5151 3.5 3.5653307
13 5900 2.5 3.5653307
13 6173 4.0 3.5653307
13 6297 4.5 3.5653307
13 6377 4.5 4.6009917
13 6624 4.0 3.5653307
13 7451 4.0 3.5653307
13 8360 3.5 2.9386446
13 26662 4.0 3.5653307
13 31502 1.0 3.5653307
13 41566 3.5 3.2585714
13 44022 3.5 3.5653307
13 44225 2.5 3.5653307
13 45106 3.5 3.5653307
13 46976 3.5 3.5653307
13 47518 4.5 3.5653307
13 55363 4.0 3.5653307
13 56176 4.0 3.5653307
13 56788 4.0 3.5653307
13 56949 3.5 3.5653307
13 58078 4.0 3.5653307
13 59014 0.5 3.5653307
13 59141 4.0 3.5653307
13 62718 3.5 3.5653307
14 593 4.0 4.445611
14 2 4.0 3.7151573
14 552 3.0 3.8931842
14 261 5.0 3.9554198
14 266 4.0 3.9039729
14 595 5.0 4.0805306
14 21 4.0 3.6421623
14 165 2.0 3.1317217
14 185 3.0 3.4104986
14 208 3.0 3.3099186
14 282 5.0 3.6007216
14 168 3.0 3.9385583
14 246 5.0 4.437545
14 534 4.0 3.5653307
14 28 5.0 3.5653307
14 247 4.0 3.5653307
14 256 3.0 3.5653307
14 306 4.0 3.5653307
15 592 5.0 3.6297143
15 858 2.0 4.403106
15 1201 1.0 4.1784916
15 1214 2.0 4.0715313
15 1219 5.0 4.1486773
15 1252 1.0 4.5094123
15 1253 4.0 3.5653307
15 1278 4.0 4.434939
15 1321 3.0 4.6918855
15 1580 3.0 4.2336845
15 1997 3.0 4.2752466
15 2011 4.0 4.106777
15 2194 4.0 3.929609
15 2527 3.0 3.5653307
15 2406 3.0 4.266626
15 2455 4.0 3.8376043
15 36 4.0 4.6172786
15 1225 4.0 4.175924
15 2728 5.0 3.957176
15 1248 5.0 4.043485
15 1193 4.0 4.3956914
15 906 4.0 3.5653307
15 926 4.0 3.5653307
15 927 3.0 3.5653307
15 930 4.0 3.5653307
15 946 3.0 3.5653307
15 1068 3.0 3.5653307
15 1212 5.0 4.8809648
15 1250 4.0 5.0
15 1256 5.0 3.5653307
15 1964 2.0 3.5653307
15 2206 3.0 3.5653307
15 2398 3.0 2.1949668
15 2428 3.0 2.906388
15 2653 3.0 3.5653307
15 2848 4.0 3.5653307
15 2867 4.0 2.8241332
15 3365 3.0 3.5653307
16 780 5.0 3.4116354
16 760 3.0 3.5653307
16 832 4.0 4.113589
16 1354 3.0 3.5653307
17 2944 3.0 3.5653307
17 3252 4.5 3.5653307
17 2501 5.0 3.5653307
17 2722 1.0 3.5653307
17 3967 4.0 3.5653307
18 50 5.0 4.8747797
18 110 5.0 4.8661323
18 608 5.0 4.652581
18 1197 3.5 4.8487234
18 1208 3.0 5.0
18 1219 5.0 4.5255837
18 2028 5.0 4.307639
18 2692 5.0 4.686973
18 2858 5.0 4.3013644
18 7153 5.0 5.0
18 4973 5.0 5.0
18 3000 4.0 4.4518366
18 3083 4.5 3.5653307
18 3269 4.5 2.692526
18 4878 5.0 4.681876
19 296 4.0 4.5261164
19 1092 4.0 3.3073802
19 1625 5.0 4.5336475
19 3147 4.0 3.9625826
19 1653 4.5 3.6922863
19 1230 4.0 4.285714
19 173 2.0 3.5653307
19 778 4.5 4.1665974
19 4963 4.0 3.8154538
19 4878 4.0 4.0609584
19 6016 4.5 4.828864
19 34437 4.0 3.5653307
20 350 4.0 2.7152941
20 1219 5.0 4.3063893
20 2571 5.0 4.4033155
20 653 4.0 4.360909
20 2174 3.5 3.59236
20 420 2.0 3.5653307
20 2710 2.5 3.6567752
20 6787 5.0 3.5653307
21 260 5.0 4.2721133
21 608 4.0 4.151019
21 783 3.0 3.8615758
21 86 4.0 3.5653307
21 628 4.0 4.4144735
22 44 0.5 1.4465215
22 1186 4.0 2.4610014
22 6953 5.0 3.5653307
22 3988 1.5 2.186219
22 2023 0.5 3.5653307
22 54190 4.5 3.5653307
23 480 5.0 3.8877513
23 1129 3.0 4.2702208
23 1258 5.0 3.6664126
23 1259 4.0 4.0362725
23 1372 3.0 3.9555933
23 1610 5.0 3.8001347
23 2617 5.0 2.7055042
23 163 2.0 3.8813262
23 2455 4.0 4.753677
23 173 2.0 4.4025383
23 329 3.0 3.367302
23 466 3.0 3.860238
23 1831 3.0 3.179563
23 1385 5.0 3.5653307
23 1389 3.0 3.5653307
23 1590 4.0 2.6022425
23 1970 4.0 3.5653307
23 1974 4.0 3.1594288
23 1975 3.0 3.5653307
23 2497 1.0 3.5653307
23 2793 4.0 3.5653307
23 3082 4.0 4.026991
23 3208 3.0 3.5653307
23 4002 4.0 3.5653307
24 318 5.0 5.0
24 590 4.0 4.676721
24 1358 5.0 4.6980157
24 762 1.0 1.7625
24 45 4.0 3.7544565
24 1682 5.0 3.811442
24 778 3.0 4.328544
24 800 4.0 4.6928573
24 1513 4.0 2.5694444
25 3160 4.0 3.5653307
25 2686 4.0 3.5653307
25 2702 3.0 4.4166665
25 3005 4.0 3.5653307
26 480 5.0 3.6355357
26 589 5.0 3.7953436
26 590 3.0 4.041272
26 592 3.0 3.3711348
26 500 5.0 3.3515933
26 356 5.0 3.750217
26 377 3.0 3.0152085
26 597 3.0 3.169981
26 47 3.0 4.0450454
26 185 4.0 3.3389568
26 329 3.0 3.5758688
26 434 3.0 3.1269193
27 3527 4.0 4.3419733
27 3481 5.0 4.21654
27 2959 5.0 4.9780564
27 1 4.0 5.0
27 745 4.0 3.5653307
27 519 2.0 3.5653307
27 2004 2.5 3.5653307
27 2382 1.5 3.5653307
27 3264 4.0 3.5653307
27 3959 4.0 3.5653307
27 6893 5.0 3.5653307
27 64957 4.0 3.5653307
28 1278 4.0 3.5653307
28 1372 2.0 2.0707915
28 1374 2.0 2.5844157
28 1721 1.0 2.6059053
28 1957 4.0 3.0840068
28 535 5.0 3.5653307
28 2502 5.0 2.2183907
28 1373 1.0 3.5653307
28 1779 2.0 1.6472372
28 2393 2.0 3.5653307
29 1200 3.0 4.261919
29 1259 5.0 3.796469
29 3712 4.0 3.5653307
30 474 5.0 4.10576
30 349 3.0 3.5854044
30 377 4.0 3.6812382
30 595 5.0 4.311917
30 316 2.0 3.5842555
30 44 4.0 2.9228349
30 47 5.0 4.309916
30 353 4.0 3.5328627
30 355 3.0 3.5653307
30 368 4.0 3.4970512
30 454 3.0 3.674115
30 466 2.0 3.9365435
30 485 3.0 3.5296187
30 71 4.0 3.5653307
30 216 4.0 4.1854353
31 6 5.0 2.5645006
31 32 4.0 2.8347282
31 367 0.5 2.9700024
31 431 3.0 3.5653307
31 474 3.0 2.885463
31 527 3.0 3.8321388
31 590 3.0 3.3587418
31 592 0.5 2.6517942
31 780 2.0 2.7913475
31 924 5.0 3.5236228
31 1034 5.0 3.5653307
31 1036 4.0 3.9416122
31 1129 5.0 3.0232375
31 1210 3.0 3.552404
31 1227 5.0 3.5396655
31 1234 4.0 3.8240173
31 1257 4.0 3.9478216
31 1262 4.0 3.9766884
31 1266 5.0 3.9360607
31 1270 4.0 3.033847
31 1374 3.0 3.3792486
31 1376 0.5 2.3953352
31 1500 3.0 4.495277
31 1645 1.0 2.6857333
31 1689 0.5 3.3545475
31 1953 5.0 4.0712423
31 2009 4.0 3.3408453
31 2011 3.0 2.8605978
31 2012 2.0 1.6418148
31 2268 2.0 2.8784413
31 2391 3.0 3.2661784
31 2580 4.0 3.6016986
31 2692 4.0 3.4903407
31 2716 3.0 3.1316018
31 2916 5.0 3.691506
31 3272 3.0 3.5653307
31 3508 5.0 3.5653307
31 3551 2.0 3.5653307
31 3681 5.0 4.247311
31 3682 3.5 3.5653307
31 3703 5.0 3.181128
31 3793 3.0 2.7633693
31 4037 5.0 3.5653307
31 4128 3.0 3.3299038
31 364 2.0 3.4599214
31 953 3.0 3.0807142
31 1721 1.0 2.7878308
31 2291 3.0 3.3610725
31 3996 3.5 3.7507913
31 497 4.0 3.2035966
31 899 3.0 3.9654691
31 920 0.5 3.4903035
31 1059 2.0 3.1335938
31 1247 4.0 3.530562
31 1947 0.5 3.7801352
31 908 3.0 3.5922391
31 1268 0.5 3.5653307
31 4008 5.0 0.5
31 4306 1.0 3.0380385
31 4973 4.0 3.8453238
31 4448 3.0 3.5653307
31 4902 4.0 3.5653307
31 8781 5.0 3.5653307
31 10 2.0 2.6545262
31 16 5.0 2.5616822
31 79 0.5 3.5653307
31 112 0.5 2.4309814
31 170 1.0 2.8209615
31 368 2.0 2.0763888
31 516 0.5 1.9656746
31 1225 5.0 3.3497891
31 1370 1.0 3.5653307
31 2728 3.0 3.8507564
31 3723 2.0 3.5653307
31 653 0.5 2.8476555
31 1095 5.0 3.1792085
31 778 4.0 3.9040687
31 1203 2.0 3.6991265
31 2019 4.0 3.8347876
31 2871 5.0 3.835054
31 3421 4.0 2.6989489
31 5464 0.5 3.5653307
31 8807 4.5 3.5653307
31 5502 0.5 1.65
31 673 0.5 3.1342227
31 2123 2.0 2.7619047
31 2761 4.0 2.3496807
31 930 4.0 3.5653307
31 1212 5.0 3.4113572
31 1250 3.5 4.6892476
31 1260 4.0 3.5653307
31 1334 0.5 3.5653307
31 2010 4.0 3.627258
31 2633 2.0 3.25
31 2644 2.0 3.377258
31 1047 4.0 1.7183908
31 327 0.5 1.6229069
31 2094 2.0 2.6911526
31 48516 4.0 2.6219587
31 5630 0.5 3.5653307
31 7445 4.0 3.5653307
31 44761 4.0 3.5653307
31 3105 0.5 3.5653307
31 6787 4.0 3.5653307
31 1345 3.0 3.4823444
31 2023 3.0 5.0
31 1339 1.0 2.494708
31 1544 2.0 2.3568885
31 6893 5.0 3.5653307
31 2723 1.0 2.4415996
31 1235 0.5 4.200271
31 2731 2.0 4.1666665
31 29 4.5 3.5784447
31 70 4.0 2.708491
31 88 0.5 3.5653307
31 162 5.0 4.684079
31 245 4.0 3.5653307
31 473 0.5 3.5653307
31 482 3.0 3.5653307
31 663 4.0 3.5653307
31 694 0.5 3.5653307
31 1017 2.0 3.5653307
31 1167 0.5 3.5653307
31 1175 4.5 3.946423
31 1209 5.0 3.5653307
31 1279 3.5 3.5653307
31 1342 3.0 3.5653307
31 1603 3.0 2.6179783
31 1729 5.0 3.5653307
31 1884 4.0 3.216344
31 1912 4.5 3.5653307
31 1949 3.0 3.5653307
31 2048 2.0 2.2110164
31 2051 0.5 3.5653307
31 2074 5.0 3.5653307
31 2195 3.0 3.5653307
31 2282 4.0 3.5653307
31 2301 3.0 3.5653307
31 2328 4.0 3.5653307
31 2399 0.5 3.5653307
31 2413 4.0 2.8396757
31 2583 4.0 3.5653307
31 2694 0.5 2.0517242
31 2810 0.5 3.5653307
31 2841 3.5 3.5653307
31 2847 5.0 3.5653307
31 2898 1.5 3.5653307
31 3008 3.0 3.5653307
31 3030 5.0 3.5653307
31 3182 5.0 3.5653307
31 3213 2.5 3.5653307
31 3238 4.5 3.5653307
31 3262 5.0 3.5653307
31 3429 5.0 3.5653307
31 3499 4.0 2.4083552
31 3546 5.0 3.5653307
31 3717 1.0 1.8758684
31 3728 4.5 3.5653307
31 3731 3.0 3.5653307
31 3783 4.0 3.5653307
31 3947 5.0 3.5653307
31 3970 5.0 3.5653307
31 4149 3.0 3.5653307
31 4228 1.0 3.5653307
31 4239 0.5 3.2398956
31 4251 5.0 3.5653307
31 4282 1.0 3.5653307
31 4380 3.5 3.5653307
31 4426 5.0 3.5653307
31 4441 5.0 3.5653307
31 4479 4.5 3.5653307
31 4553 5.0 3.5653307
31 4571 3.0 3.5653307
31 4574 3.0 3.5653307
31 4616 3.0 3.5653307
31 4649 4.0 3.5653307
31 4650 1.5 3.5653307
31 4698 4.5 3.5653307
31 4728 3.0 3.5653307
31 4776 3.0 3.072162
31 4842 3.0 3.5653307
31 4846 3.0 3.5653307
31 4881 3.5 3.5653307
31 4945 2.5 3.5653307
31 5010 2.0 3.5819442
31 5017 4.0 3.5653307
31 5093 0.5 3.5653307
31 5105 0.5 3.5653307
31 5110 3.5 3.5653307
31 5152 2.0 3.5653307
31 5199 1.5 3.5653307
31 5254 4.0 3.5653307
31 5266 2.0 3.5653307
31 5294 4.0 3.5653307
31 5325 4.0 3.5653307
31 5329 2.0 3.5653307
31 5602 3.5 3.5653307
31 5605 4.5 3.5653307
31 5609 0.5 3.5653307
31 5653 5.0 3.5653307
31 5680 4.0 3.5653307
31 5799 3.5 3.5653307
31 5853 4.0 3.5653307
31 5876 2.5 3.5653307
31 5891 0.5 3.5653307
31 5941 4.0 3.5653307
31 6009 4.0 3.5653307
31 6132 5.0 3.5653307
31 6185 3.5 3.5653307
31 6213 2.0 3.5653307
31 6229 5.0 3.5653307
31 6288 4.0 3.5653307
31 6478 5.0 3.5653307
31 6534 1.0 3.5653307
31 6548 5.0 3.5653307
31 6595 3.0 3.5653307
31 6676 4.0 3.5653307
31 6862 4.0 3.5653307
31 6957 4.0 3.5653307
31 6990 3.0 3.5653307
31 7007 4.5 3.5653307
31 7010 0.5 3.5653307
31 7022 3.5 3.5653307
31 7063 5.0 3.5653307
31 7215 3.5 3.5653307
31 7222 2.0 3.5653307
31 7318 1.5 3.5653307
31 7482 3.5 3.5653307
31 7700 1.0 3.5653307
31 7918 0.5 3.5653307
31 7981 4.5 3.5653307
31 8011 4.0 3.5653307
31 8016 4.0 3.5653307
31 8265 1.0 3.5653307
31 8501 4.0 3.5653307
31 8623 2.0 3.5653307
31 8751 5.0 3.5653307
31 8790 5.0 3.5653307
31 26547 4.0 3.5653307
31 26616 5.0 3.5653307
31 26713 4.5 3.5653307
31 26840 5.0 3.5653307
31 31101 3.5 3.5653307
31 31364 4.0 3.5653307
31 31485 3.0 3.5653307
31 33171 5.0 3.5653307
31 37382 5.0 3.5653307
31 37386 2.5 3.5653307
31 37733 5.0 3.5653307
31 46430 3.0 3.5653307
31 47894 4.5 3.5653307
31 53127 5.0 3.5653307
32 432 4.0 2.1516194
32 2968 4.5 3.962336
32 500 4.5 3.466597
32 5299 3.5 3.1905584
32 7 3.0 3.5653307
32 920 2.0 4.275098
32 2302 3.0 3.4255152
32 3481 3.5 4.1644483
32 4306 5.0 3.9997175
32 4993 5.0 4.307163
32 1302 3.5 3.0570893
32 2150 5.0 3.2335231
32 852 3.5 3.5653307
32 5445 3.5 4.0932407
32 6539 3.5 4.3084383
32 4639 3.5 3.5653307
32 6593 3.0 3.5653307
32 4002 4.5 3.5653307
32 6893 4.0 3.5653307
32 3034 4.0 4.151541
32 3175 5.0 3.4666402
32 1395 2.5 3.5653307
32 2324 4.5 4.499226
32 3066 3.0 3.5653307
32 3255 3.0 3.5653307
32 4321 3.5 3.4279761
32 4447 4.0 3.5653307
32 6753 4.5 3.5653307
32 6936 2.5 3.5653307
33 3114 4.0 3.8272882
33 40815 4.0 3.5653307
34 474 3.0 3.3261428
34 370 3.0 2.6754758
34 168 3.0 3.5745792
35 1266 4.5 3.5653307
35 1377 4.0 2.642969
35 1028 4.5 2.967033
35 5952 4.5 4.522788
35 2353 3.5 3.5833333
35 6377 3.0 4.7606215
36 260 2.0 3.3170345
36 1036 4.0 3.6922233
36 1127 4.0 2.7024775
36 1196 3.5 3.2200494
36 1198 2.5 4.0156384
36 1210 3.0 3.4736013
36 1214 2.0 2.9424586
36 1376 1.0 2.4325347
36 2858 3.5 3.1739445
36 3471 1.5 3.1653733
36 3408 4.0 3.5372925
36 3996 3.0 3.7035832
36 356 4.5 3.3438776
36 4993 4.5 3.737837
36 5952 4.0 4.232282
36 6565 4.0 3.5075758
36 282 4.0 2.6418366
36 357 3.5 3.1986945
36 370 1.5 2.5093439
36 508 4.0 3.3235261
36 805 3.5 3.3526454
36 1124 2.5 3.6919644
36 223 2.0 3.532932
36 1343 2.5 2.5576806
36 4034 2.0 3.6548069
36 4226 0.5 3.779617
36 5349 3.0 3.1767488
36 5418 4.5 3.034309
36 5989 3.0 3.7301059
36 6539 3.5 3.6651356
36 6870 2.5 3.5653307
36 8636 3.5 3.1750185
36 5377 3.0 3.5653307
36 6377 3.0 3.9739776
36 832 3.5 3.0739136
36 1027 2.0 3.5653307
36 1320 2.0 2.8005042
36 4720 3.0 3.5653307
36 30707 5.0 2.9295046
36 33679 4.5 3.0014482
36 1271 3.0 3.5653307
36 1388 1.0 0.64603174
36 5991 3.0 3.5653307
36 6385 4.0 3.5653307
36 7579 2.0 3.5653307
36 8010 2.5 3.5653307
36 8981 3.0 3.5653307
36 34048 5.0 3.5653307
37 541 4.0 3.9886756
37 1136 5.0 3.8558228
37 1198 4.5 4.306838
37 1219 3.0 4.162344
37 1220 3.5 3.837008
37 1580 4.5 4.0283103
37 2948 3.0 4.522588
37 3147 2.5 4.0515275
37 1961 4.0 4.027106
37 51662 4.0 4.2445965
37 2762 4.0 3.7274797
37 4886 3.0 4.3208704
37 45499 3.5 3.2495515
37 59315 3.0 3.7353444
37 74458 3.5 4.5669847
37 4011 3.5 4.0104403
37 5349 4.0 3.7404196
37 6807 4.5 4.5633864
37 7361 5.0 4.29037
37 8665 4.0 4.1985855
37 4963 4.5 3.9315958
37 2657 1.0 2.837835
37 40815 4.0 3.0513394
37 6373 4.0 3.3697793
37 8644 3.5 3.5125
37 68157 4.0 4.530754
37 71535 5.0 3.8849955
38 541 5.0 4.4381638
38 2571 5.0 4.84848
38 3793 4.0 4.0537853
38 193 1.0 3.5653307
38 44191 4.5 4.5744314
38 8914 4.0 4.687053
38 68358 4.5 5.0
38 2641 4.0 3.5653307
38 27904 4.0 3.5653307
38 52281 5.0 4.4490232
39 50 3.5 3.874698
39 110 4.0 3.5728025
39 457 1.5 3.1516905
39 527 3.0 3.7032766
39 1196 3.0 3.318005
39 1199 3.5 3.1194525
39 1200 1.5 3.3441303
39 1210 3.5 3.1599734
39 2011 4.0 2.9962482
39 4973 4.5 3.2873523
39 6365 0.5 3.02575
39 73321 3.5 3.5653307
39 106487 0.5 1.5972222
39 1213 1.0 3.4382408
39 2502 3.5 4.3074574
39 68954 4.0 4.866667
39 56174 0.5 3.0632243
39 86880 3.0 3.5653307
39 88140 1.0 3.5653307
39 109487 2.5 3.5653307
40 1259 3.5 3.9307945
40 1270 3.5 3.5426311
40 1527 4.0 3.862637
40 1994 3.0 4.662315
40 2987 4.5 3.2828925
40 2 4.0 3.4103122
40 364 3.5 3.9756513
40 2617 3.0 2.2366698
40 5218 3.0 3.826115
40 588 4.5 3.6066828
40 595 4.0 3.857928
40 597 2.0 2.7330883
40 1029 3.0 3.7424366
40 163 4.0 3.4318507
40 59315 4.0 4.0068026
40 80615 4.0 3.5653307
40 97752 5.0 3.5653307
40 107436 1.0 3.5653307
40 1148 3.5 3.9840908
40 3052 4.0 3.1250644
40 5349 4.0 3.6726358
40 5617 4.0 3.2044034
40 104 2.5 3.155855
40 2141 3.5 3.2167745
40 8360 3.0 2.5129926
40 8641 5.0 3.5653307
40 46578 3.0 3.232738
40 63131 5.0 3.5653307
40 68554 3.0 3.5653307
40 68954 3.5 4.75
40 72226 5.0 4.0424285
40 2657 2.5 3.4098976
40 31696 3.0 3.5653307
40 784 3.0 0.5
40 5378 3.5 3.3706024
40 31410 3.5 2.2003968
40 1882 3.5 2.4597116
40 63082 3.5 3.7552972
40 64957 4.0 3.5653307
40 216 2.0 3.7053638
40 70 3.5 3.3376665
40 101 3.5 3.909025
40 1342 4.0 3.5653307
40 2033 2.0 0.9553637
40 2143 4.5 3.5653307
40 4223 3.5 2.7465363
40 5449 2.0 3.5653307
40 6754 3.0 2.1481342
40 8910 4.5 3.5653307
40 53996 3.5 3.250785
40 5816 3.0 3.5653307
40 77561 4.5 2.885385
40 48394 5.0 3.308069
40 2340 4.0 3.5653307
40 4270 3.0 3.0819476
40 6156 3.0 3.5653307
40 6882 4.5 3.5653307
40 7454 3.5 3.5653307
40 8331 4.0 3.5653307
40 8607 3.5 3.5653307
40 8972 3.0 3.5653307
40 27660 3.5 3.5653307
40 31184 3.0 3.5653307
40 33615 3.0 3.5653307
40 34314 2.0 3.5653307
40 34532 3.0 3.5653307
40 37729 4.5 3.5653307
40 37830 5.0 3.5653307
40 45447 3.0 3.5653307
40 48738 4.0 3.5653307
40 51562 3.5 3.5653307
40 55768 2.5 3.5653307
40 63433 5.0 3.5653307
40 64983 3.0 3.5653307
40 65868 4.0 3.5653307
40 66544 3.5 3.5653307
40 68952 4.5 3.5653307
40 72117 4.0 3.5653307
40 72171 4.5 3.5653307
40 72393 2.5 3.5653307
40 78209 4.5 3.5653307
40 79702 5.0 3.5653307
40 82459 3.5 3.5653307
40 87234 4.5 3.5653307
40 87921 2.0 3.5653307
40 92192 2.5 3.5653307
40 93840 4.0 3.5653307
40 94813 1.0 3.5653307
40 95088 4.5 3.5653307
40 95207 0.5 3.5653307
40 95510 4.0 3.5653307
40 97701 3.5 3.5653307
40 98809 4.0 3.5653307
40 102445 5.0 3.5653307
40 103659 4.0 3.5653307
40 103688 3.5 3.5653307
40 104241 4.0 3.5653307
40 106195 4.0 3.5653307
40 106489 4.0 3.5653307
41 594 5.0 4.848681
41 918 3.0 3.5653307
41 1022 4.0 4.0205874
41 1028 5.0 4.160606
41 1951 4.0 3.5653307
41 783 3.0 4.2242856
41 1566 4.0 5.0
41 310 5.0 3.5653307
41 2083 5.0 3.5653307
42 282 4.0 3.005276
42 357 4.0 3.7479563
42 509 5.0 4.092931
42 508 5.0 3.8333333
42 288 3.0 1.4281617
43 318 5.0 4.0599675
43 292 3.0 3.0121257
43 329 3.0 2.8045835
43 380 3.0 3.4922898
43 14 4.0 3.1333334
44 780 4.0 3.5494337
44 1206 4.0 4.9404917
44 1265 4.0 3.7441587
44 1291 4.5 3.8805437
44 1356 3.5 3.4683197
44 2716 4.5 4.08199
44 2858 4.0 3.8676424
44 1777 3.0 3.5356731
44 5218 4.5 4.0046945
44 2100 3.5 3.1020834
44 2302 3.5 3.4980843
44 60069 5.0 4.5761375
44 91529 4.0 3.8434677
44 102903 2.5 3.5653307
44 103141 3.5 3.5653307
44 106487 4.0 4.022222
44 1213 4.0 4.43435
44 5225 4.5 3.5653307
44 4963 3.5 3.9101262
44 44555 5.0 3.5653307
44 50872 4.0 4.0579367
44 66097 4.5 3.708664
44 76093 4.0 4.2507234
44 910 3.5 3.9518886
44 2657 5.0 3.65534
44 48516 5.0 4.253889
44 33794 4.0 4.0173717
44 48394 5.0 3.9507668
44 71530 3.0 3.5653307
44 91542 4.0 3.5653307
44 91658 4.5 3.5653307
44 96610 3.5 4.1529174
44 103228 3.0 3.5653307
44 81591 5.0 3.5653307
44 82459 3.5 3.5653307
44 87306 3.5 3.5653307
44 98809 3.5 3.5653307
44 101864 3.0 3.5653307
44 106489 3.5 3.5653307
44 8529 3.5 3.5653307
44 44665 4.0 4.138889
44 67255 4.5 3.5653307
44 81788 3.0 3.5653307
44 84392 4.0 3.5653307
44 92259 4.5 3.5653307
44 104879 4.0 3.5653307
45 110 3.0 4.693016
45 608 5.0 4.316226
45 968 4.0 3.197868
45 1129 4.0 4.38125
45 1198 4.0 4.628325
45 1199 5.0 4.7740593
45 1234 4.0 4.1664133
45 1258 5.0 3.9205546
45 1259 4.0 4.189531
45 1304 5.0 3.9297287
45 1347 4.0 4.06949
45 2001 4.0 3.825824
45 2268 3.0 3.533843
45 2858 5.0 3.9282386
45 3578 5.0 4.038796
45 2 2.0 3.813682
45 39 3.0 3.5733933
45 265 4.0 4.558672
45 2038 3.0 3.5653307
45 345 5.0 3.2916865
45 348 4.0 3.8482144
45 1288 5.0 4.6137958
45 2395 4.0 4.779585
45 2997 5.0 3.8393116
45 3160 5.0 3.5653307
45 10 4.0 3.9064384
45 173 2.0 3.7015226
45 293 3.0 3.810785
45 1186 4.0 3.5342429
45 1682 3.0 3.9631205
45 1960 5.0 3.8502574
45 2949 4.0 4.007189
45 1095 3.0 3.7938273
45 1125 4.0 3.5653307
45 223 4.0 4.335941
45 1079 5.0 3.7671695
45 1171 4.0 3.9771826
45 1641 4.0 4.4569035
45 1673 4.0 4.446429
45 1885 2.0 3.9549718
45 3361 4.0 4.7504015
45 3421 4.0 3.3225434
45 903 5.0 4.2936764
45 1367 4.0 3.0545263
45 1566 3.0 3.565123
45 1588 4.0 3.5952103
45 2078 5.0 3.77326
45 2082 2.0 2.9479487
45 2085 5.0 2.7015216
45 2141 4.0 3.7765017
45 2355 4.0 3.849585
45 3114 5.0 3.9130127
45 3988 3.0 3.3115225
45 1256 4.0 3.5653307
45 1267 5.0 4.451418
45 1690 4.0 3.87273
45 745 5.0 3.5653307
45 1345 4.0 4.4858823
45 2717 3.0 2.9478564
45 1513 3.0 3.3778846
45 2686 5.0 3.5653307
45 1273 4.0 4.9986796
45 2857 4.0 4.681818
45 2859 5.0 3.6770833
45 1391 3.0 2.9898868
45 1729 4.0 3.5653307
45 2022 5.0 3.5653307
45 2033 3.0 1.5264649
45 2064 4.0 4.615498
45 2165 4.0 3.5653307
45 2598 1.0 3.5653307
45 3034 5.0 3.6567693
45 3683 5.0 3.5653307
45 1357 5.0 3.5653307
45 2641 1.0 3.5653307
45 242 4.0 3.5653307
45 307 5.0 5.0
45 379 2.0 3.5653307
45 720 5.0 3.0
45 994 5.0 3.5653307
45 1111 5.0 3.5653307
45 1211 4.0 4.50659
45 1306 4.0 3.5653307
45 1466 4.0 3.5653307
45 1582 4.0 3.5653307
45 2034 4.0 3.5653307
45 2110 4.0 3.5653307
45 2148 3.0 3.5653307
45 2151 4.0 3.5653307
45 2263 4.0 3.5653307
45 2390 4.0 3.5653307
45 2468 3.0 3.5653307
45 2476 4.0 3.5653307
45 2690 5.0 3.5653307
45 2693 4.0 3.5653307
45 2808 1.0 3.5653307
45 2966 5.0 3.5653307
45 3148 4.0 3.5653307
45 3287 3.0 3.5653307
45 3452 4.0 3.5653307
45 3523 3.0 3.5653307
45 3526 3.0 3.5653307
45 3569 5.0 3.5653307
45 3910 4.0 3.5653307
46 1198 4.0 4.501196
46 3578 4.0 4.128449
46 1721 5.0 3.282973
46 253 5.0 3.1983042
46 382 2.0 2.8055556
46 3081 4.0 4.4086156
46 724 3.0 3.170303
46 1717 3.0 2.9147823
46 3535 5.0 2.9603827
46 3287 4.0 3.5653307
46 799 4.0 3.5653307
46 3617 4.0 3.5653307
46 3946 3.0 3.5653307
47 593 3.0 4.0730147
47 316 3.0 3.1802354
47 165 3.0 2.9184935
47 329 5.0 2.80339
47 161 4.0 3.156406
48 780 5.0 3.9302714
48 1200 5.0 4.411176
48 1210 5.0 4.4445996
48 1215 4.0 4.867106
48 1242 4.0 3.5449753
48 1261 3.0 4.101337
48 1265 4.0 4.1358995
48 1376 3.0 3.521419
48 1610 4.0 4.2383175
48 1909 4.0 4.548493
48 1954 4.0 3.7994835
48 2012 5.0 2.7917583
48 2692 5.0 4.7247763
48 2987 4.0 3.8565922
48 4121 4.0 3.5653307
48 1101 4.0 3.698792
48 1584 4.0 4.4586215
48 1923 4.0 4.2586775
48 2384 2.0 4.6788487
48 2406 3.0 4.8059525
48 2617 5.0 2.9336135
48 3623 4.0 4.0141325
48 595 3.0 4.6846743
48 934 3.0 4.1921854
48 2080 2.0 3.905267
48 785 4.0 3.5653307
48 2100 3.0 4.202083
48 2762 5.0 4.28132
48 10 5.0 4.708944
48 344 5.0 3.5097725
48 370 4.0 3.4696002
48 733 4.0 5.0
48 2918 4.0 4.9759583
48 551 3.0 4.0612226
48 3098 3.0 3.5653307
48 4034 3.0 4.76381
48 104 5.0 4.387616
48 837 3.0 3.5653307
48 1005 2.0 3.5653307
48 1033 2.0 3.4107769
48 3114 5.0 4.4444475
48 671 5.0 5.0
48 2501 4.0 3.9785497
48 788 4.0 3.4644933
48 2335 4.0 4.36385
48 1017 4.0 3.5653307
48 2694 4.0 4.109195
48 2720 3.0 2.538726
48 3175 5.0 3.8541172
48 4370 4.0 3.6144896
48 2137 2.0 3.5653307
48 4447 3.0 3.25
48 543 4.0 3.5653307
48 3510 4.0 3.5653307
48 3489 4.0 3.5653307
48 4016 5.0 4.03125
48 3617 5.0 3.5653307
48 12 5.0 3.5653307
48 54 3.0 3.5653307
48 169 2.0 3.5653307
48 239 4.0 3.5653307
48 577 3.0 3.5653307
48 637 4.0 3.5653307
48 1009 3.0 3.5653307
48 1016 3.0 3.5653307
48 1409 3.0 3.5653307
48 1453 3.0 3.5653307
48 2162 3.0 3.5653307
48 3156 4.0 3.5653307
48 3157 3.0 3.5653307
48 3412 3.0 3.5653307
48 3450 4.0 3.5653307
48 3999 5.0 3.5653307
48 4006 5.0 3.5653307
48 4090 4.0 3.5653307
48 4502 3.0 3.5653307
49 785 4.0 3.5653307
49 381 3.0 3.5653307
49 2976 4.0 3.375
49 3826 2.0 3.25
49 3863 3.0 3.1666667
50 648 4.0 4.2585373
50 1092 4.0 2.5820594
50 2542 3.5 3.8416066
50 4306 5.0 4.40893
50 1722 4.0 4.3560905
50 5459 5.0 3.5653307
50 2657 5.0 2.1160715
50 3005 4.5 3.5653307
50 2393 4.5 3.5653307
50 2394 4.0 2.7043025
50 6537 5.0 3.5653307
50 5991 3.5 3.5653307
50 4016 5.0 3.5653307
50 4270 4.0 4.4558415
50 4638 4.5 3.5653307
50 2622 2.0 3.5653307
50 5480 4.5 3.5653307
50 6503 5.0 3.5653307
50 6564 5.0 3.5653307
51 480 3.0 3.6156266
51 527 5.0 4.8026114
51 648 3.0 3.4697077
51 1036 5.0 4.4414406
51 1197 5.0 4.24537
51 1214 5.0 3.3735373
51 1219 5.0 4.0756907
51 1407 3.0 3.0609977
51 1610 1.0 3.3232124
51 2542 5.0 3.4073498
51 2571 4.0 4.284163
51 2291 3.0 4.091054
51 265 4.0 4.701339
51 1022 3.0 3.3570826
51 1285 5.0 3.5887673
51 1246 4.0 3.569267
51 2997 2.0 3.53085
51 1 4.0 4.245221
51 468 1.0 3.4359524
51 36 4.0 4.5138855
51 2628 1.0 3.2958198
51 2329 5.0 4.4074535
51 2599 5.0 3.6666667
51 4226 5.0 4.211072
51 4246 3.0 3.6120722
51 1267 5.0 3.9992836
51 2747 2.0 3.5653307
51 724 3.0 3.3639245
51 288 5.0 2.150041
51 1093 3.0 1.7142857
51 2798 2.0 3.5653307
51 2137 5.0 3.5653307
51 866 5.0 3.5653307
51 60 3.0 3.5653307
51 4975 4.0 4.1041665
51 662 3.0 3.5653307
51 3993 4.0 3.5653307
52 480 3.5 3.4009821
52 1199 4.0 3.8885581
52 1200 3.0 3.6209397
52 1214 4.5 3.4759843
52 1240 4.0 3.4634683
52 1258 4.0 3.3359363
52 1396 4.0 3.248226
52 1407 2.0 2.777956
52 1994 3.5 4.4074383
52 2012 3.0 1.794199
52 2167 2.5 2.6929111
52 2664 2.5 3.5653307
52 3018 4.0 3.8800793
52 3703 4.0 4.159238
52 173 1.5 3.5653307
52 196 2.5 3.3575962
52 5445 4.0 3.6253529
52 5679 2.0 3.612722
52 6502 3.5 3.6544156
52 1334 3.0 3.5653307
52 2633 3.5 3.75
52 1389 3.0 3.5653307
52 2793 2.0 3.5653307
52 2903 3.0 3.5653307
52 2004 3.0 3.5653307
52 3959 3.5 3.5653307
52 1995 2.5 3.5653307
52 177 2.5 3.5653307
52 426 3.5 3.5653307
52 610 3.0 3.5653307
52 1327 3.0 3.5653307
52 1342 4.0 3.5653307
52 2898 2.5 3.5653307
52 4518 2.5 3.5653307
52 4833 5.0 3.5653307
52 5853 4.0 3.5653307
52 5891 3.0 3.5653307
52 6058 0.5 3.5653307
52 6184 4.5 4.7465477
52 6500 2.5 3.5653307
52 6629 4.0 3.5653307
52 6748 3.5 3.5653307
52 7123 4.0 4.15625
52 7235 3.5 3.5653307
52 7236 2.0 3.5653307
52 7347 3.5 3.254277
52 7360 4.0 3.5078669
52 8491 5.0 3.5653307
52 33493 3.0 3.047707
52 6952 3.0 3.5653307
52 2120 2.0 3.5653307
52 2995 3.5 1.2380953
52 3785 3.0 2.7837565
52 2279 2.0 3.5653307
52 3973 3.0 3.5653307
52 76 1.0 3.5653307
52 674 3.5 3.5653307
52 1232 2.5 3.5653307
52 1336 1.0 3.5653307
52 1756 1.5 3.5653307
52 1762 2.5 3.5653307
52 1983 2.0 3.5653307
52 2117 3.5 3.5653307
52 2149 2.0 3.5653307
52 2327 3.0 3.5653307
52 2367 3.0 3.5653307
52 2368 2.5 3.5653307
52 2389 4.0 3.5653307
52 2451 2.0 3.5653307
52 2514 1.0 3.5653307
52 2516 1.5 3.5653307
52 2554 1.5 3.5653307
52 2634 3.5 3.5653307
52 2656 2.0 3.5653307
52 2668 2.0 3.5653307
52 2790 3.0 3.5653307
52 2878 2.5 3.5653307
52 3021 3.0 3.5653307
52 3024 3.0 3.5653307
52 3070 3.5 3.5653307
52 3663 1.0 3.5653307
52 3664 1.5 3.5653307
52 3665 0.5 3.5653307
52 3696 3.0 3.5653307
52 3709 1.5 3.5653307
52 3732 2.5 3.5653307
52 3923 3.0 3.5653307
52 3934 3.0 3.5653307
52 3939 1.5 3.5653307
52 4030 1.0 3.5653307
52 4096 3.0 3.5653307
52 4138 2.5 3.5653307
52 4472 3.0 3.5653307
52 4514 1.5 3.5653307
52 4576 1.5 3.5653307
52 4658 4.0 3.5653307
52 4669 1.0 3.5653307
52 4697 3.5 3.5653307
52 4752 4.0 3.5653307
52 4758 3.0 3.5653307
52 5189 3.0 3.5653307
52 5192 2.0 3.5653307
52 5205 2.5 3.5653307
52 5206 3.5 3.5653307
52 5305 1.5 3.5653307
52 5310 1.5 3.5653307
52 5311 4.0 3.5653307
52 5413 3.5 3.5653307
52 5476 3.0 3.5653307
52 5489 1.0 3.5653307
52 5717 3.0 3.5653307
52 5735 0.5 3.5653307
52 5737 0.5 3.5653307
52 5755 3.0 3.5653307
52 5771 3.5 3.5653307
52 5833 0.5 3.5653307
52 5852 1.0 3.5653307
52 5862 1.0 3.5653307
52 5998 1.5 3.5653307
52 6044 2.5 3.5653307
52 6120 3.0 3.5653307
52 6140 5.0 3.5653307
52 6406 2.0 3.5653307
52 6530 3.5 3.5653307
52 6653 4.5 3.5653307
52 6966 3.0 3.5653307
52 7046 3.0 3.5653307
52 7289 3.0 3.5653307
52 7646 2.5 3.5653307
52 7827 4.0 3.5653307
52 8482 2.0 3.5653307
52 8810 2.5 3.5653307
52 8893 3.5 3.5653307
52 8894 3.0 3.5653307
52 8906 3.0 3.5653307
53 2716 3.0 4.278994
53 2683 4.0 3.8384438
53 3005 4.0 3.5653307
53 3175 2.0 3.7127404
53 3593 1.0 1.9434378
53 1911 2.0 3.5653307
53 3113 1.0 3.5653307
53 2861 1.0 3.5653307
54 1293 4.0 2.9572704
54 4011 4.5 4.019645
54 44199 4.0 3.4404762
54 57274 4.0 2.8888888
54 8253 3.5 3.5653307
54 55118 5.0 4.6966906
54 68237 4.0 3.919388
54 56145 4.5 3.5653307
54 84152 4.5 3.5653307
54 1405 0.5 3.5653307
54 6059 4.0 3.5653307
54 6371 0.5 3.5653307
54 47099 4.5 3.5653307
54 49530 5.0 3.5653307
54 72980 4.0 3.5653307
55 913 4.0 4.420101
55 2067 5.0 3.5833333
55 594 3.0 4.9817843
55 1132 5.0 3.5653307
55 2160 5.0 4.2060304
55 903 5.0 3.9697638
55 2398 5.0 2.181276
55 1019 3.0 3.5653307
55 1233 5.0 3.8017242
55 3067 4.0 3.5653307
55 940 4.0 3.5653307
55 1913 5.0 3.5653307
55 2899 4.0 3.5653307
55 3462 5.0 3.5653307
55 4178 5.0 3.5653307
56 1208 3.0 4.917905
56 2028 4.0 4.205765
56 16 3.0 3.4300914
56 1225 3.0 4.1116557
56 1203 5.0 4.4325967
56 1641 3.0 4.124062
56 1193 5.0 4.5220017
56 3114 5.0 4.080032
56 1256 4.0 3.5653307
57 4014 4.0 3.1452165
57 5952 4.0 4.2648287
57 805 3.0 2.6818182
57 63853 4.5 3.5653307
57 933 2.0 3.5653307
58 780 3.0 4.0094066
58 79 3.0 3.5653307
58 1518 4.0 3.5653307
58 805 4.0 3.5653307
58 1367 4.0 2.197733
58 1562 4.0 4.7380953
58 801 3.0 3.5653307
58 1049 4.0 3.5653307
59 3424 3.0 3.5653307
59 3527 4.0 3.840441
59 47 5.0 4.659975
59 733 5.0 3.5653307
59 111 1.0 4.6190476
59 4019 5.0 4.129154
59 4025 4.0 3.5653307
59 4161 3.0 2.5833333
59 1635 3.0 3.5653307
59 3953 2.0 3.5653307
59 4060 2.0 3.5653307
59 4205 4.0 3.5653307
60 6 5.0 3.5653307
60 318 4.0 4.6943855
60 541 4.5 4.348842
60 593 5.0 4.283946
60 608 4.0 3.9939582
60 1136 4.0 3.8081348
60 1197 3.5 4.5335035
60 2571 4.0 4.566285
60 1059 4.0 3.5766425
60 1747 3.0 3.6531312
60 908 5.0 4.051313
60 6711 4.5 3.5227633
60 2021 4.0 3.3043423
60 3671 4.0 4.7143455
60 4979 4.0 4.1126986
60 5782 4.0 4.1041665
60 2551 4.0 3.71875
60 4718 3.0 3.2427163
60 31410 4.5 3.5653307
60 2706 3.5 4.0476074
60 2023 3.5 3.5653307
60 3030 4.5 3.5653307
60 37733 4.5 3.5653307
60 2161 4.0 3.545434
60 7925 4.0 3.5653307
60 26729 4.5 3.5653307
61 32 4.0 4.0035834
61 110 3.0 4.436231
61 318 5.0 4.3538184
61 17 5.0 4.2840896
61 440 4.0 3.8060925
61 345 5.0 4.05
61 1 5.0 3.9322033
61 249 4.0 3.2861388
61 371 3.0 3.5653307
61 805 3.0 4.142857
61 247 3.0 3.5653307
61 537 4.0 2.0
61 43 5.0 3.5653307
61 477 4.0 3.5653307
62 1304 3.0 3.0022736
62 1394 5.0 2.88805
62 1732 3.0 2.6690314
62 497 3.5 2.4661617
62 920 2.5 4.136161
62 342 3.5 3.0963204
62 36 4.5 3.674996
62 1682 1.5 2.9469335
62 151 3.0 3.8842356
62 435 2.0 0.95131415
62 2355 4.0 3.067488
62 2657 2.5 2.4828284
62 58 4.5 3.3637104
63 260 4.0 3.9153366
63 541 4.0 3.9681387
63 924 5.0 3.992094
63 1242 3.0 3.4151628
63 1252 5.0 4.493249
63 1262 5.0 4.490386
63 1276 4.0 4.5601673
63 1278 3.0 4.1746035
63 1304 3.0 3.9677703
63 1961 3.0 3.7609339
63 1186 3.0 3.2744048
63 1263 5.0 4.4838276
63 1299 4.0 4.0925045
63 1079 4.0 3.817354
63 1921 4.0 4.34324
63 1917 3.0 2.7377923
63 1217 5.0 3.5653307
63 1964 4.0 3.5653307
63 1251 5.0 4.021905
63 1207 5.0 3.4295726
63 1949 3.0 3.5653307
63 2022 5.0 3.5653307
63 1211 5.0 4.345323
63 680 4.0 3.5653307
63 1952 4.0 4.556001
63 702 3.0 3.5653307
63 1173 4.0 3.5653307
63 1888 1.0 3.5653307
63 1918 4.0 3.5653307
64 7293 3.5 3.5653307
64 55290 4.0 3.5653307
64 4757 1.5 3.5653307
64 5222 1.5 3.5653307
65 1127 2.0 2.7337456
65 1214 4.0 3.6963546
65 1321 4.5 4.6355114
65 3386 4.0 2.9170854
65 344 4.0 3.2810087
65 412 3.5 3.5653307
65 3210 1.5 3.5653307
65 6502 3.0 5.0
65 55282 3.0 3.5653307
65 2722 2.0 3.5653307
65 3841 2.5 3.5653307
65 7419 4.0 3.5653307
65 8169 2.0 3.5653307
65 37 4.5 3.5653307
65 3153 2.5 3.5653307
65 55391 3.0 3.5653307
65 61948 3.0 3.5653307
66 198 5.0 4.479914
66 480 3.0 3.62835
66 592 2.0 3.2858531
66 377 3.0 2.8139243
66 588 4.0 3.9918697
66 44 4.0 2.6214383
66 112 5.0 3.406175
66 165 5.0 3.484735
66 383 5.0 3.5653307
66 442 4.0 2.817185
66 548 3.0 3.5653307
66 376 2.0 3.5653307
66 458 2.0 3.5653307
67 110 5.0 3.3648524
67 592 3.0 3.0150719
67 34 3.0 3.9747486
67 153 3.0 2.7806284
67 356 4.0 3.3672745
67 588 4.0 3.4099042
67 208 4.0 3.232421
67 19 2.0 2.5522604
68 480 3.0 3.9654772
68 589 4.0 3.9819403
68 1610 5.0 3.875239
68 1617 5.0 4.0920115
68 1805 4.0 3.1234658
68 1777 3.0 3.6126728
68 2291 3.0 4.6426907
68 1183 5.0 4.702381
68 1917 4.0 2.465984
68 2393 4.0 3.5653307
68 2324 4.0 4.11895
69 968 5.0 3.6172082
69 1206 5.0 4.955264
69 1227 5.0 4.0328298
69 1240 5.0 4.233865
69 1645 3.0 3.0833333
69 2921 4.0 5.0
69 2081 5.0 3.8551931
69 1288 5.0 4.732705
69 3503 5.0 3.09375
69 509 5.0 5.0
69 1095 5.0 3.5653307
69 1248 4.0 4.6174927
69 1945 5.0 3.214996
69 2160 5.0 4.441599
69 922 5.0 5.0
69 926 5.0 3.5653307
69 1217 5.0 5.0
69 3075 5.0 3.5653307
69 1207 5.0 4.2766953
69 1233 5.0 4.98978
69 1729 2.0 3.5653307
69 3030 5.0 3.5653307
69 3067 5.0 3.5653307
69 3435 5.0 3.5653307
69 3598 1.0 3.5653307
69 3728 5.0 3.5653307
69 4329 4.0 3.5653307
69 4624 5.0 3.5653307
69 1388 1.0 3.5653307
69 680 5.0 3.5653307
69 4195 5.0 3.5653307
69 3461 5.0 3.5653307
69 1958 5.0 3.5653307
69 458 1.0 3.5653307
69 728 5.0 3.9792736
69 2068 5.0 3.5653307
69 2285 5.0 3.5653307
69 2495 5.0 3.5653307
69 3167 5.0 3.5653307
69 3307 5.0 3.5653307
69 3507 5.0 3.5653307
69 4296 1.0 3.5653307
69 4331 4.0 3.5653307
69 4334 4.0 3.5653307
69 4390 5.0 3.5653307
70 50 5.0 4.6879754
70 260 5.0 4.507639
70 590 4.0 4.1013255
70 924 3.5 4.4167604
70 1136 5.0 4.1273656
70 1201 4.5 4.8576245
70 1261 4.5 3.9975266
70 1374 5.0 4.2768917
70 1396 4.5 3.8561287
70 1610 3.0 3.6364944
70 1625 4.5 4.3763127
70 2167 4.5 4.372523
70 2288 4.5 3.9699636
70 2571 5.0 4.822174
70 2916 4.0 4.650608
70 3578 3.5 4.2833085
70 2 3.5 4.087409
70 349 4.0 3.8021722
70 736 3.5 3.002545
70 2294 4.0 3.594481
70 2617 4.0 2.674661
70 2640 4.0 3.84738
70 2712 3.5 3.4382522
70 377 4.0 3.753755
70 1243 4.5 4.438147
70 1307 5.0 3.4896026
70 1947 2.5 4.6377473
70 1968 5.0 4.1345453
70 3897 4.5 4.387894
70 165 4.0 3.6866207
70 509 4.0 4.850225
70 539 3.5 3.904277
70 616 4.0 4.3605103
70 2353 4.0 4.1216125
70 852 3.5 3.5653307
70 1120 4.5 3.5653307
70 1343 4.0 3.182853
70 1517 3.0 4.026565
70 1673 3.0 4.391667
70 2700 3.5 3.6362004
70 5617 5.0 3.9114897
70 6333 5.0 4.0229316
70 32587 5.0 4.787685
70 919 3.0 4.5566177
70 1367 3.5 2.8842046
70 1917 3.0 3.2465525
70 2138 4.0 4.99711
70 4963 5.0 4.169958
70 2105 5.0 3.8018134
70 2528 5.0 3.5653307
70 2657 4.0 4.1466007
70 3081 4.0 4.1950846
70 4995 4.5 4.4995823
70 44191 5.0 4.3383174
70 288 5.0 2.4688601
70 322 4.0 3.5653307
70 610 4.0 3.5653307
70 1676 4.0 3.9270985
70 1801 4.0 1.6061507
70 2140 5.0 4.141705
70 3300 4.0 4.0021973
70 3697 3.5 3.5318363
70 4025 4.0 3.5653307
70 4370 3.0 4.516568
70 4571 5.0 3.5653307
70 8910 3.5 3.5653307
70 34405 5.0 4.7152467
70 3255 3.0 3.5653307
70 40815 4.0 3.5825894
70 5816 4.0 3.5653307
70 6934 3.0 2.4783306
70 3033 4.5 4.2220554
70 4446 4.5 4.107097
70 1037 4.0 3.5653307
70 1077 3.5 3.6129446
70 2005 5.0 3.732195
70 2232 4.5 3.9792295
70 2046 3.0 3.5653307
70 5379 4.0 3.5653307
70 7842 4.5 3.5653307
71 5015 4.0 3.5653307
71 5013 4.0 3.5653307
71 3536 4.0 3.5653307
71 2125 4.0 3.5653307
72 110 3.0 3.7672625
72 318 4.0 3.9659686
72 608 5.0 2.6124322
72 1214 3.0 3.40838
72 1252 3.0 4.078156
72 1266 4.0 4.06846
72 1610 3.0 2.814648
72 1617 5.0 3.3885524
72 900 3.0 3.5653307
72 1288 4.0 3.8310847
72 1272 3.0 3.5653307
72 1224 4.0 3.5430827
72 912 5.0 4.4714065
72 1479 3.0 3.5653307
72 1788 3.0 3.5653307
72 1277 4.0 3.5332892
73 1200 4.0 3.8693924
73 4085 3.5 3.8285713
73 2294 3.5 3.5095239
73 588 3.0 3.8619287
73 2021 4.5 3.638286
73 19 1.5 2.5104473
73 7173 1.5 3.5653307
73 333 3.0 2.956044
73 2694 3.0 1.9285715
73 27660 4.0 3.5653307
73 2117 4.0 3.5653307
73 4748 0.5 3.5653307
73 4749 0.5 3.5653307
74 593 5.0 4.0163693
74 830 3.0 3.2380953
74 1183 5.0 4.1404734
74 25 5.0 3.0517242
74 82 5.0 3.5653307
74 92 3.0 3.5653307
74 1464 4.0 3.5653307
75 457 3.0 3.4713333
75 968 3.0 2.110673
75 1198 3.0 3.643357
75 1206 2.0 4.2445574
75 1208 4.0 4.1554203
75 1252 5.0 3.8016524
75 1347 3.0 3.2733283
75 364 3.0 3.5981753
75 953 3.0 3.2894998
75 17 3.0 3.407082
75 417 2.0 3.5653307
75 497 4.0 3.8746855
75 594 3.0 2.9495327
75 249 3.0 2.5225344
75 344 3.0 2.303506
75 410 3.0 3.2793775
75 509 5.0 4.1591034
75 25 3.0 3.6965892
75 52 3.0 2.1920636
75 151 3.0 3.2439458
75 508 3.0 3.1555626
75 551 5.0 2.8468919
75 1079 2.0 3.2060995
75 1080 3.0 3.2382426
75 1148 5.0 3.9938312
75 1179 3.0 3.5653307
75 912 4.0 3.6859646
75 28 5.0 3.5653307
75 253 3.0 2.2272398
75 904 3.0 3.7245266
75 1264 3.0 2.5714285
75 273 3.0 3.4166667
75 288 1.0 1.8103517
75 991 3.0 3.5653307
75 848 3.0 3.5653307
75 555 4.0 3.5653307
75 159 3.0 3.5653307
75 176 5.0 1.9921416
75 950 3.0 2.9327116
75 1011 3.0 3.5653307
75 1013 2.0 3.5653307
75 58 4.0 3.563336
75 82 5.0 3.5653307
75 1030 3.0 3.5653307
75 1099 3.0 3.5653307
75 971 4.0 3.5653307
75 425 4.0 3.5653307
75 43 3.0 3.5653307
75 1150 5.0 3.5653307
75 506 3.0 3.5653307
75 562 3.0 3.5653307
75 117 3.0 3.5653307
75 131 3.0 3.5653307
75 448 4.0 3.5653307
75 549 3.0 3.5653307
75 766 4.0 3.5653307
75 932 3.0 3.5653307
75 949 4.0 3.5653307
76 1270 4.0 3.3546815
76 4306 3.0 3.3629794
76 115617 3.5 3.5653307
77 1291 3.5 3.5990598
77 2167 2.5 3.3966668
77 1721 4.0 3.3181314
77 4993 4.5 4.2840915
77 5952 4.0 4.690921
77 2150 4.5 3.282126
77 2353 4.0 4.2013493
77 1704 4.0 4.2872586
77 4034 4.5 4.340344
77 4226 4.5 4.3851395
77 306 4.5 3.5653307
77 4995 4.5 4.407563
77 30 3.5 3.5653307
77 645 4.0 3.5653307
77 6039 3.5 3.5653307
78 296 4.0 4.541809
78 750 3.0 3.3264916
78 1732 4.0 3.126822
78 2571 4.0 3.7725043
78 3362 4.0 2.9820988
78 4973 5.0 4.2197046
78 60069 4.0 4.268425
78 89745 3.0 3.331691
78 5890 4.0 3.5653307
78 6502 1.5 3.8823829
78 38061 4.5 3.5653307
78 46976 4.0 3.5653307
78 59784 3.5 3.5653307
78 69122 3.5 3.9337764
78 6016 5.0 4.306595
78 3429 3.5 3.5653307
78 49272 1.5 2.3524604
78 8957 4.0 3.5653307
78 68358 3.0 4.223428
78 60161 4.0 3.5653307
78 58998 3.5 3.5653307
78 74789 1.5 3.5653307
78 82459 4.0 3.5653307
78 67255 3.0 3.5653307
78 5128 3.5 3.5653307
78 5690 3.0 3.5653307
78 6291 4.0 3.5653307
78 6935 3.0 3.5653307
78 8576 4.5 3.5653307
78 33880 2.5 3.5653307
78 36517 5.0 3.5653307
78 37853 4.0 3.5653307
78 44694 2.5 3.5653307
78 53161 4.0 3.5653307
78 57504 3.0 3.5653307
78 61236 5.0 3.5653307
78 67429 4.5 3.5653307
78 71264 3.0 3.5653307
78 72209 3.0 3.5653307
79 296 4.0 4.3762217
79 318 5.0 4.3123927
79 1199 3.0 4.178044
79 1208 5.0 4.629287
79 1220 4.0 3.765508
79 1240 2.0 3.6925864
79 1374 3.0 3.4807403
79 2716 2.0 3.7426422
79 2115 3.0 3.6930196
79 1639 3.0 4.169748
79 47 4.0 4.0722165
79 1183 4.0 3.8815782
79 1272 4.0 3.5653307
79 1411 4.0 4.2359886
79 2021 3.0 3.1489031
79 2918 4.0 4.2927947
79 1060 5.0 3.000686
79 1120 2.0 3.5653307
79 1917 1.0 2.6555312
79 2355 3.0 3.752604
79 1729 3.0 3.5653307
79 2420 1.0 2.5136003
79 307 5.0 4.8033333
79 2373 2.0 3.5653307
