1 6 2.0 3.5694256
1 32 2.0 3.7862124
1 164 3.0 3.5694256
1 198 3.0 3.6536577
1 303 3.0 2.9930556
1 553 3.0 3.2498395
1 608 5.0 3.9913657
1 858 5.0 4.2130656
1 999 4.0 3.3888888
1 1130 3.0 3.459694
1 1198 5.0 4.1047134
1 1208 3.0 4.2542644
1 1258 5.0 3.9256217
1 1270 3.0 3.7105064
1 1347 5.0 3.852631
1 1374 3.0 3.2636774
1 1387 5.0 3.6738153
1 1500 4.0 4.2596884
1 1527 3.0 3.9406698
1 1617 3.0 3.9143867
1 1627 3.0 3.5694256
1 1732 2.0 3.3710237
1 1748 2.0 4.0911922
1 1876 3.0 3.5694256
1 1892 3.0 3.5694256
1 2000 4.0 3.5295646
1 2003 4.0 3.8227794
1 2347 3.0 3.5694256
1 2391 4.0 3.5694256
1 2527 3.0 3.5694256
1 2858 4.0 3.6176407
1 2947 4.0 3.2940207
1 2973 2.0 3.5694256
1 3668 3.0 3.5694256
1 3827 2.0 3.5694256
1 3917 4.0 3.5694256
1 4086 3.0 3.5694256
1 4128 5.0 2.2660758
1 5060 5.0 3.919569
2 50 4.0 4.9244695
2 2268 4.0 3.172778
2 2804 3.0 4.3875
2 34 5.0 4.600537
2 1375 1.0 3.6850886
2 2067 5.0 3.5694256
2 2115 4.0 4.2828274
2 2712 3.0 3.2682633
2 3100 5.0 4.066288
2 5218 4.0 3.4656737
2 7153 4.5 4.534745
3 1196 3.0 4.679341
3 500 5.0 4.397044
3 3 4.0 3.5694256
3 5 4.0 3.8426607
3 261 5.0 4.745575
3 597 4.0 3.6578958
3 838 3.0 3.5694256
3 899 5.0 5.0
3 900 4.0 3.5694256
3 916 5.0 3.5694256
3 1296 5.0 3.5694256
3 1457 4.0 3.5694256
3 1835 4.0 5.0
3 1951 3.0 3.5694256
4 318 5.0 4.4149876
4 589 3.5 3.663263
4 1270 3.5 3.5470474
4 1527 4.5 4.1000805
4 105 2.0 3.5694256
4 48 2.0 3.4510536
4 348 3.5 3.5694256
4 785 2.5 3.3014705
4 1246 5.0 3.6938434
4 1644 2.0 3.5694256
4 1678 4.0 5.0
4 1961 3.5 4.2976756
4 2455 2.5 3.3690476
4 3398 5.0 3.5694256
4 4022 2.5 4.0851192
4 4621 3.0 3.5694256
4 4643 2.5 2.5722814
4 4703 4.5 3.5694256
4 6250 1.0 3.5694256
5 318 3.5 3.7790492
5 858 4.5 2.040107
5 916 3.0 3.5694256
5 3513 1.5 3.5694256
5 3744 1.5 3.5694256
5 27831 4.0 3.5694256
5 31878 3.0 3.5694256
5 51662 3.0 3.5694256
6 364 4.0 3.6006837
6 7153 4.0 4.5607476
6 4886 4.0 4.2678246
6 8961 4.0 3.9884496
6 45499 3.5 2.9583333
6 74458 4.0 4.4880953
6 74698 2.5 3.5694256
6 78772 3.5 3.5694256
6 78893 4.0 3.5694256
6 80549 3.5 3.5694256
6 81417 0.5 3.5694256
6 85261 4.0 3.5694256
6 87430 3.5 3.5694256
6 88785 3.0 3.5694256
6 90866 2.0 3.5694256
6 90890 3.0 3.5694256
6 91529 4.0 4.1254106
6 95105 3.5 3.5694256
6 95543 3.5 3.5694256
6 96655 3.5 3.5694256
6 97462 3.5 3.5694256
6 97752 1.5 3.5694256
6 97913 3.5 3.5694256
6 97938 3.5 3.5694256
6 99787 0.5 3.5694256
6 103384 3.0 3.5694256
6 111362 4.0 3.5694256
6 112006 4.0 3.5694256
6 112091 4.0 3.5694256
6 112138 3.0 3.5694256
6 112623 3.5 3.5694256
6 114180 3.5 3.5694256
6 114182 3.5 3.5694256
6 114552 1.5 3.5694256
6 115569 1.5 3.5694256
6 115617 4.5 3.5694256
6 118696 2.5 3.5694256
7 590 3.0 4.305601
7 593 4.0 4.816021
7 500 4.0 3.4901495
7 266 3.0 4.53125
7 289 3.0 3.5694256
7 339 5.0 4.1053233
7 595 4.0 4.556901
7 597 3.0 3.204695
7 1 5.0 4.662621
7 23 4.0 3.5694256
7 79 5.0 2.7833333
7 165 3.0 3.331548
7 174 4.0 3.5694256
7 185 4.0 3.6472807
7 186 4.0 3.5694256
7 196 4.0 3.7480657
7 237 4.0 3.5694256
7 319 5.0 4.0570617
7 344 4.0 3.5287364
7 357 5.0 4.1045594
7 370 4.0 3.111106
7 460 3.0 3.5694256
7 464 3.0 3.5694256
7 475 5.0 4.5075965
7 509 4.0 5.0
7 516 4.0 2.2413077
7 542 4.0 3.5694256
8 474 4.0 3.885533
8 1036 4.0 4.695536
8 1200 4.0 3.879979
8 1259 4.0 4.74767
8 1580 4.0 4.072066
8 1617 5.0 4.8448224
8 2947 4.0 3.6631677
8 3527 4.0 3.8214352
8 2396 4.0 4.4126983
8 1035 5.0 3.827998
8 1968 4.0 4.327837
8 1961 4.0 4.6782093
8 150 4.0 4.6530504
8 165 4.0 3.745102
8 230 3.0 3.621212
8 272 4.0 4.6643224
8 529 3.0 4.1268125
8 1132 4.0 3.75
8 1186 4.0 4.5226564
8 1299 5.0 3.5694256
8 1393 4.0 3.4509413
8 1408 3.0 3.4666667
8 1722 4.0 4.217659
8 2278 4.0 4.23042
8 3072 2.0 3.3277779
9 6 3.0 3.5694256
9 457 4.0 4.0979843
9 480 3.0 4.0041413
9 527 5.0 4.6620436
9 648 3.0 4.135392
9 440 3.0 3.7491393
9 830 3.0 3.8087287
9 185 3.0 3.5050142
9 249 4.0 3.8031924
9 277 4.0 3.8576195
9 468 4.0 3.3972836
9 1088 3.0 4.6666665
9 1090 3.0 3.8309975
9 35 3.0 3.5694256
9 235 2.0 3.8794723
9 246 3.0 4.7406344
9 378 3.0 3.5694256
9 444 3.0 3.5694256
9 534 3.0 3.5694256
9 647 4.0 3.5694256
9 653 3.0 2.238889
9 852 4.0 3.5694256
9 1087 3.0 3.5694256
10 110 3.5 4.1225247
10 541 4.0 4.0502286
10 589 3.5 3.8056867
10 750 4.5 4.01965
10 1197 4.5 4.06225
10 1258 4.0 3.9703696
10 1304 4.0 3.5876737
10 1617 4.0 3.796764
10 2542 4.0 3.4673777
10 2716 3.5 3.6400497
10 2948 3.5 3.4250762
10 3543 3.0 3.4
10 1923 3.0 3.9616325
10 1035 1.5 3.5123525
10 1747 3.5 3.2333333
10 908 4.0 4.17333
10 1246 3.0 3.7126663
10 1288 4.5 4.337195
10 1961 3.5 3.7842126
10 2959 5.0 4.036564
10 353 2.0 3.8136926
10 357 3.5 3.8746433
10 2949 3.5 3.150619
10 199 1.5 3.5694256
10 535 4.5 5.0
10 778 4.0 4.087419
10 902 4.0 3.5694256
10 931 3.5 3.5694256
10 1060 2.0 3.8728821
10 1171 4.5 3.5694256
10 1274 4.5 4.3249855
10 1343 3.5 2.9541495
10 2184 4.0 3.5694256
10 2303 4.0 3.5694256
10 2329 4.5 3.94024
10 2359 3.5 2.6767547
10 2474 3.5 3.7524793
10 2700 4.5 3.9165823
10 3000 3.5 3.6866457
10 3267 3.5 3.9171455
10 3271 3.0 3.5694256
10 3361 4.0 4.4400434
10 3552 4.0 3.5694256
10 3671 4.0 4.404313
10 3911 4.0 3.8541667
10 3994 3.0 3.1190686
10 4036 1.5 3.5694256
10 4102 4.0 3.5694256
10 4280 1.0 3.5694256
10 4294 4.0 3.5694256
10 4855 3.0 3.8264272
10 5669 4.0 2.897649
10 5812 4.0 3.5694256
10 5902 3.5 3.5060184
10 6296 2.5 3.5694256
10 6331 3.5 3.5694256
10 6755 4.0 3.5694256
10 7438 3.5 3.3812299
10 7569 2.5 3.5694256
10 8949 2.0 3.5694256
11 1220 4.0 4.1199703
11 3793 3.5 3.2816024
11 235 4.0 3.5694256
11 1080 5.0 4.075
11 104 3.0 3.32401
12 480 3.0 3.3224418
12 5445 3.0 3.5521424
12 1193 4.0 4.9692307
13 5218 3.5 3.570864
13 2124 3.0 3.5071428
13 3398 3.5 3.5694256
13 3897 4.0 4.038148
13 60069 4.5 4.620302
13 4979 3.0 3.7705882
13 6539 4.5 4.161448
13 8464 3.5 3.0934396
13 145 3.0 3.8011205
13 919 3.5 4.4462385
13 965 4.0 4.2
13 1367 4.0 3.434113
13 1566 4.0 3.9971755
13 1592 3.5 3.5694256
13 1917 3.5 3.2055554
13 2123 4.0 3.0826325
13 3879 3.0 3.5694256
13 4039 3.0 3.5694256
13 4308 5.0 3.7319834
13 4700 3.5 3.5694256
13 4896 2.0 3.4271514
13 4963 4.0 4.1349635
13 6793 3.5 3.5694256
13 7045 3.5 3.5694256
13 7173 3.0 3.5694256
13 8221 4.0 3.5694256
13 8946 3.0 3.5694256
13 30793 2.5 4.516667
13 31193 4.0 3.5694256
13 32289 2.5 3.5694256
13 38061 3.5 3.5694256
13 44195 4.0 3.6268637
13 48522 5.0 3.5694256
13 49274 3.5 3.5694256
13 50601 3.5 3.5694256
13 51255 4.5 2.732143
13 51694 4.0 3.5694256
13 53956 3.5 3.5694256
13 54503 4.0 4.488895
13 57532 1.0 3.5694256
13 57669 3.5 3.5694256
13 58803 3.0 3.5694256
13 61024 1.0 3.5694256
13 62376 3.5 3.5694256
13 63859 3.0 3.5694256
13 66097 3.0 4.2565722
13 68269 4.0 3.5694256
13 68554 2.0 3.5694256
13 69253 2.5 3.5694256
13 69644 3.5 2.5833333
13 76093 5.0 3.6866584
14 318 5.0 4.519966
14 592 3.0 3.3568835
14 17 5.0 4.25
14 339 3.0 3.924493
14 497 4.0 4.279356
14 62 4.0 4.0689716
14 11 4.0 3.7846146
14 186 3.0 3.5694256
14 237 4.0 3.5694256
14 249 3.0 3.7793827
14 292 3.0 3.2897084
14 374 3.0 2.4359086
14 586 3.0 3.0014255
14 151 5.0 3.7397354
14 300 4.0 4.1935067
15 32 4.0 3.6361415
15 110 5.0 4.0030794
15 541 3.0 4.221136
15 750 4.0 3.8551714
15 1036 5.0 4.214784
15 1210 4.0 4.315884
15 1270 5.0 3.512395
15 1573 5.0 3.768916
15 2407 3.0 3.4062862
15 2985 5.0 2.9258573
15 380 4.0 3.871251
15 1674 3.0 4.098858
15 1087 4.0 3.5694256
15 904 5.0 3.9806483
15 905 4.0 3.5694256
15 973 5.0 3.5694256
15 2075 2.0 3.5694256
15 2202 2.0 3.5694256
15 2221 3.0 3.5694256
15 2362 5.0 3.5694256
15 2366 5.0 3.7394722
15 2519 5.0 3.5694256
15 2525 4.0 3.5694256
15 2528 4.0 3.7458334
15 2633 5.0 2.910907
15 2657 3.0 3.7246141
15 2920 2.0 3.5694256
15 3089 1.0 4.592572
16 260 5.0 4.068365
16 708 3.0 3.5694256
16 62 3.0 4.3768764
16 1 5.0 3.6021838
17 1186 0.5 3.5694256
17 327 0.5 4.5
18 318 5.0 5.0
18 1198 5.0 4.889987
18 2329 5.0 4.393952
18 1193 5.0 5.0
18 904 4.5 4.2542915
18 761 2.0 3.5694256
18 2183 5.0 3.5694256
18 4235 4.5 4.4333334
18 5995 5.0 5.0
18 31696 4.5 3.5694256
19 6 4.0 2.575
19 318 3.5 4.509768
19 3949 4.0 3.6231306
19 6711 4.0 3.4142656
19 150 4.0 4.000518
19 1552 3.5 3.3785715
19 6870 4.0 3.4577923
19 8949 4.5 3.5694256
19 7445 4.0 3.5694256
19 27700 3.0 3.5694256
19 31410 5.0 2.1388888
19 33794 4.0 3.6124508
19 42718 4.0 3.5694256
20 527 4.5 4.6967316
20 608 5.0 4.054301
20 953 5.0 3.2189837
20 920 5.0 4.0376544
20 1917 4.0 2.5496428
20 904 5.0 4.1290336
21 32 4.0 4.0019717
21 648 4.0 4.7290845
21 858 5.0 3.5694256
21 1073 4.0 3.5079365
21 1210 4.0 4.4741488
21 1 5.0 4.215674
21 653 4.0 3.5694256
21 788 5.0 2.5242329
21 1006 4.0 3.5694256
22 589 1.0 2.8956313
22 4643 2.5 2.3845098
22 1094 5.0 3.5694256
22 5151 5.0 3.5694256
22 5810 5.0 3.5694256
23 366 4.0 2.491608
23 474 4.0 4.3844085
23 780 3.0 3.8824792
23 1573 4.0 3.8331666
23 1876 3.0 2.35
23 1994 5.0 4.5026646
23 2701 3.0 2.5219307
23 2916 5.0 4.5712614
23 316 4.0 3.2506063
23 4008 1.0 3.5694256
23 95 3.0 3.7691703
23 160 3.0 3.5694256
23 292 3.0 3.5736082
23 344 2.0 3.5624883
23 733 2.0 4.088746
23 1370 4.0 3.650727
23 1518 5.0 4.285714
23 1722 3.0 4.2284613
23 1339 2.0 4.060313
23 1562 3.0 3.5694256
23 1591 3.0 3.5694256
23 1882 3.0 3.235024
23 2241 3.0 3.5694256
23 2614 1.0 3.5694256
23 2746 4.0 3.9953804
24 50 5.0 4.6289296
24 110 5.0 4.2349286
24 1573 4.0 3.8302112
24 736 2.0 4.040971
24 52 4.0 3.1247013
24 1094 5.0 3.5694256
24 1704 5.0 4.6625304
24 515 5.0 3.5694256
24 1041 5.0 3.5694256
25 2713 3.0 3.5694256
25 2716 4.0 3.8535748
25 2858 5.0 4.2552276
25 2699 3.0 3.9725275
25 2147 4.0 3.5694256
25 2724 4.0 3.5694256
25 2888 3.0 3.5694256
26 457 4.0 4.156269
26 339 3.0 4.0911803
26 208 3.0 3.1613798
26 586 3.0 3.2014031
27 296 5.0 4.835848
27 1035 3.0 4.1233206
27 1148 4.0 3.5694256
27 1223 3.5 5.0
27 2792 3.5 3.3888888
27 5419 1.0 3.5694256
27 56174 3.0 3.3181963
28 1199 5.0 3.44992
28 329 1.0 3.097085
28 2628 2.0 2.7155056
29 1214 5.0 3.9538102
29 1997 5.0 4.7568645
29 412 3.0 3.5694256
29 1096 4.0 3.5694256
29 919 5.0 3.666847
29 969 5.0 4.4444447
29 1995 2.0 3.5694256
29 2072 3.0 3.5694256
29 2132 5.0 4.5
29 2245 4.0 3.5694256
29 2857 5.0 3.5694256
29 3196 4.0 3.5694256
29 3420 4.0 3.5694256
30 110 5.0 4.496638
30 366 3.0 2.6263487
30 367 5.0 2.8467596
30 457 4.0 4.111726
30 589 5.0 4.149489
30 593 4.0 3.989493
30 648 3.0 4.018959
30 780 5.0 3.7618926
30 196 5.0 3.5537405
30 208 4.0 3.8432486
30 231 4.0 3.907819
30 292 2.0 3.412423
30 293 3.0 4.0107822
30 344 5.0 3.2355402
30 539 4.0 3.2370918
30 161 3.0 3.670423
30 371 3.0 3.5694256
30 223 4.0 4.1591487
30 551 4.0 3.899192
30 585 3.0 4.6158824
30 420 3.0 3.5694256
30 280 3.0 3.5694256
30 550 4.0 3.5694256
31 198 5.0 2.8579936
31 303 4.0 2.2303572
31 608 5.0 3.4902747
31 648 3.0 3.1889672
31 750 5.0 3.5013857
31 1199 4.0 3.1361964
31 1214 3.0 2.748392
31 1220 5.0 3.187841
31 1259 3.0 3.5301993
31 1265 4.0 2.897133
31 1283 0.5 4.301272
31 1347 3.0 2.9851558
31 1356 2.0 2.8390722
31 1394 5.0 3.7990353
31 1527 3.0 3.2051654
31 1573 3.0 3.1295826
31 1580 3.0 3.5101843
31 1617 4.0 3.0299375
31 1748 2.0 3.186989
31 2000 5.0 3.645908
31 2076 3.0 3.2257802
31 2167 3.0 2.87108
31 2542 3.0 3.1832924
31 2804 4.0 4.197591
31 2858 0.5 3.3407993
31 2912 4.5 3.4035053
31 2968 5.0 3.4925578
31 3147 1.5 3.4732673
31 3527 2.0 3.226896
31 3706 4.5 3.5694256
31 4043 3.0 3.5694256
31 500 0.5 2.292833
31 736 2.0 2.5047038
31 2067 4.0 2.5294118
31 2712 5.0 2.3365562
31 916 3.0 3.5694256
31 1024 0.5 3.5694256
31 1031 3.0 2.95
31 1296 0.5 3.25
31 1747 4.0 1.9098136
31 2302 2.0 2.812053
31 2455 5.0 2.8966916
31 3160 4.0 3.920664
31 4022 3.0 2.9796627
31 47 4.0 3.7182539
31 165 3.0 2.2967591
31 293 1.5 3.2262151
31 353 2.0 2.7596226
31 471 4.5 3.2805874
31 1408 4.5 3.1105654
31 1411 4.0 3.2839367
31 1552 0.5 2.0392857
31 1608 3.0 3.3914604
31 1682 3.0 2.7518806
31 1687 0.5 3.5694256
31 2628 2.0 2.7655244
31 2918 3.0 3.7770016
31 2949 5.0 2.9611297
31 14 3.5 3.5694256
31 132 5.0 3.5694256
31 193 5.0 1.4789683
31 235 2.5 2.5011547
31 300 4.0 3.1053085
31 1231 4.5 3.0139487
31 1269 3.0 4.05117
31 1663 2.0 1.7093434
31 2174 2.0 2.9228134
31 2599 4.5 4.39329
31 2890 4.0 3.5694256
31 3360 4.0 4.1660776
31 4226 4.0 3.5539017
31 5418 4.0 3.2408257
31 5679 2.5 2.9579873
31 5945 3.0 0.5
31 6870 4.0 2.2795806
31 7073 4.0 3.5694256
31 104 3.0 2.7923968
31 4308 3.0 3.5295506
31 4896 0.5 2.458309
31 4963 3.0 3.3788872
31 51255 3.5 1.2207143
31 26 2.0 3.5694256
31 1284 5.0 4.007143
31 1348 4.0 3.5694256
31 2186 4.0 3.5694256
31 3088 4.0 4.5573645
31 2501 3.0 3.5694256
31 5378 3.5 2.7153869
31 1882 0.5 2.1401646
31 1974 1.0 3.3803504
31 2702 5.0 3.5694256
31 2770 2.5 2.7800553
31 2490 3.0 3.2118056
31 216 3.0 2.718826
31 555 4.0 3.5694256
31 123 5.0 3.5694256
31 177 3.0 3.5694256
31 322 0.5 3.5694256
31 326 2.0 3.5694256
31 429 4.5 3.5694256
31 481 0.5 3.5694256
31 741 5.0 2.4337785
31 1076 3.0 3.5694256
31 1202 5.0 3.5694256
31 1281 2.0 3.5694256
31 1303 5.0 3.5694256
31 1327 0.5 3.5694256
31 1483 5.0 3.5694256
31 1694 5.0 3.5694256
31 1711 4.5 3.5694256
31 1788 4.0 3.5694256
31 1827 4.0 3.5694256
31 1840 4.5 3.5694256
31 1916 5.0 3.5694256
31 1999 2.0 3.5694256
31 2015 0.5 3.5694256
31 2027 0.5 3.5694256
31 2064 4.0 3.5694256
31 2090 2.0 2.7149305
31 2116 4.0 3.5694256
31 2126 1.0 3.5694256
31 2178 4.5 3.5694256
31 2344 3.0 3.5694256
31 2377 3.0 3.5694256
31 2394 0.5 2.6380734
31 2420 3.0 1.8277217
31 2456 2.0 3.5694256
31 2511 4.5 3.5694256
31 2596 2.0 3.5694256
31 2606 4.0 3.5694256
31 2718 3.0 3.5694256
31 2788 4.0 3.5694256
31 2803 2.0 3.5694256
31 2844 2.0 3.5694256
31 2892 5.0 3.5694256
31 2900 4.5 3.5694256
31 2965 0.5 3.5694256
31 2976 5.0 1.5166667
31 3028 0.5 3.5694256
31 3071 2.0 3.5694256
31 3087 2.0 3.5694256
31 3181 4.5 3.5694256
31 3200 1.0 3.5694256
31 3265 4.5 3.5694256
31 3364 5.0 3.5694256
31 3535 3.0 1.9410949
31 3593 0.5 0.5
31 3598 4.5 3.5694256
31 3652 5.0 3.5694256
31 3658 3.5 3.5694256
31 3685 4.0 3.5694256
31 3704 2.0 3.5694256
31 3730 5.0 3.5694256
31 3840 2.0 3.5694256
31 3858 5.0 3.5694256
31 3884 0.5 3.5694256
31 3893 2.0 3.5694256
31 4020 3.0 3.5694256
31 4066 0.5 3.5694256
31 4103 5.0 3.5694256
31 4210 3.0 3.5694256
31 4212 1.0 3.5694256
31 4313 1.0 3.5694256
31 4406 5.0 3.5694256
31 4419 4.5 3.5694256
31 4488 4.0 3.5694256
31 4498 2.0 3.5694256
31 4518 4.5 3.5694256
31 4634 5.0 3.5694256
31 4641 4.5 3.5694256
31 4723 0.5 3.5694256
31 4816 3.0 3.4796193
31 4826 5.0 3.5694256
31 4857 3.0 3.5694256
31 4862 0.5 3.5694256
31 4901 2.0 3.5694256
31 4914 4.0 3.5694256
31 4916 0.5 3.5694256
31 4958 0.5 3.5694256
31 4980 3.5 2.5334241
31 5235 3.0 3.5694256
31 5323 2.0 3.5694256
31 5401 2.0 3.5694256
31 5449 3.0 3.5694256
31 5451 1.0 3.5694256
31 5507 0.5 3.5694256
31 5522 4.5 3.5694256
31 5572 3.0 3.5694256
31 5666 2.0 3.5694256
31 5678 3.0 3.5694256
31 5785 4.0 3.5694256
31 5793 0.5 3.5694256
31 5808 4.5 3.5694256
31 5881 2.0 3.5694256
31 5956 4.0 3.5694256
31 5961 5.0 3.5694256
31 5986 4.5 3.5694256
31 6001 4.0 3.5694256
31 6047 3.5 3.5694256
31 6062 3.0 3.5694256
31 6148 5.0 3.5694256
31 6166 1.0 3.5694256
31 6197 4.5 3.5694256
31 6219 5.0 3.5694256
31 6290 5.0 3.5694256
31 6378 2.0 3.5197525
31 6387 1.5 3.5694256
31 6484 3.5 3.5694256
31 6629 3.5 3.5694256
31 6664 1.0 3.5694256
31 6707 3.5 3.5694256
31 6748 5.0 3.5694256
31 6754 0.5 3.5694256
31 6818 4.5 3.5694256
31 6820 2.0 3.5694256
31 6857 4.5 3.5694256
31 6869 3.5 3.5694256
31 7029 5.0 3.5694256
31 7104 3.5 3.5694256
31 7171 5.0 3.5694256
31 7235 5.0 3.5694256
31 7236 5.0 3.5694256
31 7286 4.5 3.5694256
31 7325 3.5 3.5694256
31 7335 5.0 3.5694256
31 7387 5.0 3.5694256
31 7391 1.5 3.5694256
31 7439 2.5 3.5694256
31 7817 4.0 3.5694256
31 8169 1.5 3.5694256
31 8253 5.0 3.5694256
31 8257 1.0 3.5694256
31 8340 4.5 3.5694256
31 8491 5.0 3.5694256
31 8661 1.0 3.5694256
31 8670 5.0 3.5694256
31 8746 4.0 3.5694256
31 8793 5.0 3.5694256
31 8860 2.0 3.5694256
31 8879 3.5 3.5694256
31 26172 4.0 3.5694256
31 26283 5.0 3.5694256
31 26285 3.0 3.5694256
31 26350 5.0 3.5694256
31 30846 5.0 3.5694256
31 32892 4.5 3.5694256
31 33493 5.0 1.9779056
31 34405 4.0 3.5694256
31 36401 4.0 3.5694256
31 40412 1.0 3.5694256
31 41863 4.5 3.5694256
31 48142 4.5 3.5694256
32 260 5.0 4.2689257
32 527 1.5 4.557134
32 1210 5.0 3.9185774
32 1304 3.5 3.7688258
32 3363 4.0 3.1737013
32 1377 3.5 3.0909336
32 3408 4.0 3.8301508
32 48 1.0 2.7857144
32 1246 4.0 3.8221636
32 2100 4.0 2.9431818
32 5952 5.0 4.3838887
32 1225 5.0 4.315381
32 4979 2.5 4.5217686
32 1784 3.0 4.0002646
32 2355 4.0 4.0005746
32 3114 5.0 4.0978622
32 4896 3.0 3.821938
32 2094 4.0 3.0376375
32 6947 5.0 3.5694256
32 2376 3.5 3.5694256
32 2469 4.5 3.5694256
32 2915 2.5 3.5694256
32 3310 4.0 3.5694256
32 4018 4.0 3.5694256
32 4225 3.5 3.5694256
33 1376 4.0 2.4032607
33 48 3.5 3.5694256
33 596 2.5 3.5694256
33 6539 4.0 4.0000362
34 480 3.0 3.5900543
34 2 3.0 3.4533489
34 500 4.0 3.2404182
34 597 3.0 2.864466
34 316 4.0 2.7206533
35 736 2.5 2.6142857
35 48 3.0 3.1
35 597 2.5 3.2380836
35 1722 3.0 4.168603
35 5445 3.5 3.9157991
35 70 3.5 4.073174
35 543 3.0 3.5694256
36 432 1.0 3.023734
36 457 4.0 3.2069519
36 480 3.0 3.4189343
36 527 4.5 3.9982257
36 589 2.0 3.354066
36 1265 2.0 3.0782075
36 1358 3.0 3.1846342
36 2028 4.5 3.163616
36 2407 3.0 3.0321543
36 3578 5.0 3.267406
36 2406 3.0 2.9018812
36 2640 1.5 3.1672761
36 261 3.5 3.5465915
36 265 4.5 3.4839048
36 1485 1.0 1.217111
36 2054 0.5 1.5688454
36 4022 2.0 2.1707635
36 4306 2.0 3.4883077
36 5014 4.0 3.5694256
36 7147 2.0 3.9415348
36 2762 5.0 3.484035
36 342 4.0 3.1104388
36 1674 3.0 3.208226
36 2353 2.5 3.8004503
36 1704 4.0 3.5286698
36 2700 0.5 3.0938888
36 3421 0.5 3.5694256
36 5445 4.5 3.1133082
36 5679 3.0 3.1382682
36 6333 2.0 3.3553777
36 1784 1.5 3.1853201
36 2355 2.5 3.0726545
36 3988 1.0 2.4206142
36 4896 3.5 2.4870353
36 4963 4.0 3.43623
36 5995 1.0 4.156746
36 628 2.5 3.5694256
36 2739 3.0 3.5694256
36 3916 4.5 3.5694256
36 4223 3.0 2.666721
36 4776 2.0 3.5694256
36 1962 2.5 3.0070708
36 2125 3.0 3.5694256
36 2336 3.5 4.0770817
36 4465 4.0 3.5694256
36 4508 3.5 3.5694256
36 4646 1.5 3.5694256
36 5064 2.5 3.5694256
36 8132 5.0 3.5694256
36 8957 3.5 3.5694256
36 8958 4.5 3.5694256
36 30812 2.5 2.9622595
37 318 5.0 4.4277115
37 527 5.0 4.5035567
37 924 1.5 3.4107096
37 1197 5.0 4.09803
37 2692 4.5 4.0264177
37 2716 3.5 3.7681606
37 736 2.5 2.4115462
37 1653 5.0 3.8461554
37 1721 2.5 3.1371915
37 7153 5.0 4.1419635
37 356 5.0 3.718101
37 3949 3.0 3.2215905
37 4993 5.0 4.1268687
37 2959 5.0 3.8115492
37 48385 4.0 4.0087967
37 150 4.5 4.193191
37 2628 2.5 3.7168145
37 2502 5.0 3.4551852
37 5445 4.5 3.9663548
37 1917 3.0 2.4295273
37 2042 4.0 3.5694256
37 7254 3.5 3.1601684
37 1927 2.5 3.5694256
37 4623 3.5 3.5694256
37 45722 3.5 3.5694256
37 48774 3.5 3.809348
38 32 4.5 4.0876336
38 260 4.5 4.314858
38 7153 5.0 4.6457076
38 58559 5.0 4.2772355
38 59315 4.5 4.1425405
38 72998 4.5 4.271867
38 5349 4.0 4.0385857
38 6502 4.5 3.923188
38 68954 4.0 4.877311
38 849 3.0 3.5694256
38 1479 3.0 3.5694256
38 2746 4.0 3.49375
38 34405 4.0 3.5694256
38 60161 4.5 3.5694256
39 589 2.5 3.1873527
39 1036 5.0 3.387832
39 1136 3.5 3.1740358
39 1610 3.5 2.7026832
39 2294 0.5 3.1303892
39 908 2.5 3.630842
39 2762 1.0 3.0752468
39 90405 1.0 3.5694256
39 97913 3.0 3.5694256
39 1302 3.5 2.353867
39 4855 4.0 2.2739394
39 6377 5.0 3.674312
39 50872 4.0 4.081155
39 3275 2.0 3.5694256
39 3698 3.5 0.7964751
39 3704 3.0 3.5694256
39 71535 3.5 3.7615387
39 7502 2.5 3.5694256
39 47997 3.5 3.5694256
39 48394 2.5 4.25
39 91542 1.0 3.5694256
39 91658 1.0 3.5694256
39 96079 3.5 3.5694256
40 260 3.5 3.9572666
40 589 4.0 3.8874729
40 1200 4.0 3.3768797
40 1240 3.0 3.8544638
40 1321 3.5 3.6862605
40 1580 3.5 3.8972495
40 2011 3.0 3.5540624
40 2028 4.0 3.4068725
40 3424 0.5 2.5855114
40 1101 3.0 2.9752116
40 7153 5.0 4.1016984
40 1639 4.0 3.4387627
40 1968 3.0 3.7373013
40 2395 5.0 4.2663145
40 5952 5.0 4.3620667
40 2959 3.0 3.8229067
40 6283 4.5 3.06999
40 2762 3.5 3.9875255
40 4886 3.0 3.9918363
40 58559 4.0 4.0232744
40 74458 4.5 4.463736
40 78893 3.0 3.5694256
40 90866 4.0 3.5694256
40 108945 4.0 3.5694256
40 111362 4.0 3.5694256
40 111759 4.5 3.5694256
40 112852 4.0 4.321429
40 223 4.0 3.7502167
40 551 4.0 3.51005
40 1080 3.5 3.1190183
40 2700 2.0 4.055973
40 4011 4.5 3.9892275
40 7361 4.0 4.452174
40 8874 3.5 4.0791593
40 5502 3.5 2.1875
40 5444 2.5 3.5694256
40 45517 3.0 3.5694256
40 66934 4.0 3.5694256
40 69122 2.0 4.6685867
40 107 3.5 3.0217626
40 6016 4.0 4.072086
40 3081 4.5 3.436718
40 34437 3.0 3.5694256
40 1590 3.0 2.9131362
40 2090 3.0 3.6858902
40 4103 4.0 3.5694256
40 4232 2.0 3.5694256
40 5507 2.0 3.5694256
40 6242 5.0 3.5694256
40 7247 3.5 3.5694256
40 7347 4.0 3.4815521
40 7360 3.0 3.2443182
40 7373 3.0 3.5694256
40 33004 3.5 3.2488196
40 33493 3.5 2.587093
40 34405 5.0 3.5694256
40 51540 4.0 3.5694256
40 7143 4.0 3.6440477
40 8784 4.0 3.5694256
40 48774 4.0 3.6689553
40 78499 4.0 3.885989
40 88140 3.5 3.5694256
40 4340 2.0 3.5694256
40 4366 3.5 3.5694256
40 26903 3.0 3.5694256
40 31685 3.0 3.5694256
40 40278 4.0 3.5694256
40 45672 3.0 3.5694256
40 48043 2.0 3.5694256
40 52435 3.0 3.5694256
40 54001 3.0 3.5694256
40 54259 2.0 3.5694256
40 56757 5.0 3.5694256
40 60293 4.0 3.5694256
40 63113 3.0 3.5694256
40 68073 3.5 3.5694256
40 71106 4.0 3.5694256
40 74685 3.0 3.5694256
40 78759 3.0 3.5694256
40 83613 2.5 3.5694256
40 84732 3.0 3.5694256
40 84954 4.0 3.5694256
40 87192 4.0 3.5694256
40 88744 4.0 3.5694256
40 94018 2.5 3.5694256
40 94864 1.5 3.5694256
40 95309 4.5 3.5694256
40 99149 3.0 3.5694256
40 100163 4.0 3.5694256
40 100810 4.0 3.5694256
40 103306 4.0 3.5694256
40 106030 4.0 3.5694256
41 1282 5.0 4.357082
41 1380 5.0 4.156246
41 1487 5.0 3.5694256
41 551 2.0 4.5877824
41 1688 4.0 3.5694256
41 1207 4.0 4.897283
41 1713 4.0 4.669063
41 1397 5.0 3.5694256
42 593 2.0 4.2995524
42 34 3.0 3.4115667
42 339 4.0 3.3337963
42 356 4.0 3.2802641
42 551 1.0 3.3536122
43 349 4.0 2.8295887
43 588 2.0 3.830052
43 150 3.0 3.724803
43 161 3.0 3.200904
44 480 4.0 4.011732
44 592 4.5 3.3706765
44 1210 4.5 4.0865836
44 1252 4.5 4.3250895
44 1610 3.5 3.5757473
44 1909 4.0 3.8221207
44 2542 4.0 3.665015
44 2571 4.5 4.441796
44 2791 3.5 3.8112724
44 5299 4.0 3.3008213
44 4973 5.0 4.819329
44 2959 5.0 4.3672924
44 51662 3.5 4.63429
44 58559 4.5 4.1553645
44 74458 5.0 3.9434786
44 81564 4.0 3.5694256
44 99145 3.5 3.5694256
44 104841 4.0 3.6388888
44 106782 5.0 4.138889
44 109673 2.5 3.5694256
44 150 3.5 4.2168202
44 158 3.0 3.5514398
44 196 3.0 3.6082244
44 2763 4.0 3.766967
44 3176 4.0 3.4575856
44 551 5.0 3.9073963
44 4034 4.0 4.0716944
44 4226 4.5 4.280273
44 6874 4.0 3.7066498
44 32587 4.0 4.8490424
44 145 3.5 3.347619
44 30793 2.5 5.0
44 68954 5.0 4.617433
44 34405 3.5 3.5694256
44 48780 5.0 3.5694256
44 52281 3.0 3.5694256
44 85414 5.0 3.5694256
44 96079 4.0 3.5694256
44 3033 5.0 4.0582876
44 31658 5.0 5.0
44 87232 5.0 3.5694256
44 102445 4.0 3.5694256
45 589 4.0 4.1400914
45 593 3.0 4.6787777
45 1127 3.0 3.1975207
45 1214 5.0 3.5982652
45 1240 4.0 3.8913937
45 1262 5.0 4.8060927
45 1265 3.0 4.0754375
45 1321 5.0 4.164055
45 1394 4.0 3.9757261
45 1396 3.0 4.1745987
45 1748 4.0 3.9419243
45 1805 2.0 3.6927228
45 1953 4.0 4.8544593
45 1954 5.0 3.5085921
45 1997 4.0 4.3629284
45 2118 3.0 3.6736808
45 2194 4.0 3.6775184
45 2391 3.0 3.5694256
45 3471 5.0 3.6371543
45 3703 5.0 4.200244
45 3793 4.0 3.4756086
45 34 5.0 4.038105
45 552 3.0 3.8782086
45 1101 3.0 3.3165596
45 2115 4.0 3.9763746
45 2396 5.0 4.5656414
45 2406 4.0 3.8921828
45 3623 3.0 3.3577812
45 899 4.0 5.0
45 1282 5.0 3.698483
45 1285 5.0 4.054771
45 1639 4.0 4.0022087
45 1947 5.0 3.4099162
45 62 3.0 4.1787605
45 441 3.0 3.5694256
45 1961 3.0 4.200861
45 2455 4.0 4.3743925
45 442 2.0 3.29907
45 539 3.0 3.7085695
45 1293 5.0 3.945851
45 2020 4.0 3.5694256
45 2021 4.0 3.6883223
45 2763 4.0 3.3263917
45 2797 4.0 3.0388458
45 3176 4.0 3.1695762
45 551 4.0 4.056264
45 1103 4.0 4.5538044
45 1120 4.0 3.6977255
45 1148 5.0 4.5138936
45 1289 3.0 3.5694256
45 2019 4.0 4.4807787
45 4102 3.0 3.5694256
45 1784 4.0 4.1208444
45 919 5.0 4.386008
45 1967 4.0 4.1959224
45 31 2.0 3.5694256
45 452 3.0 3.5694256
45 969 4.0 4.22328
45 1250 4.0 4.70521
45 1480 3.0 2.6288888
45 1544 3.0 2.5490851
45 1591 3.0 3.5694256
45 3082 3.0 4.099299
45 1373 1.0 3.5694256
45 1235 4.0 3.734705
45 232 4.0 4.377457
45 599 4.0 3.5694256
45 1147 5.0 3.3804286
45 1175 5.0 4.519113
45 1202 4.0 3.5694256
45 2048 4.0 3.5694256
45 2140 4.0 4.2247295
45 2282 4.0 3.5694256
45 2513 2.0 2.4124603
45 2745 4.0 3.5694256
45 2788 5.0 3.5694256
45 3429 5.0 4.941964
45 1298 5.0 1.8838888
45 1271 3.0 3.5694256
45 2470 4.0 3.3936105
45 271 4.0 3.5694256
45 1119 3.0 3.5694256
45 1366 3.0 3.5694256
45 1392 3.0 3.5694256
45 1611 3.0 3.5694256
45 2146 2.0 3.5694256
45 2405 4.0 3.5694256
45 2410 2.0 3.5694256
45 2411 2.0 3.5694256
45 2750 3.0 3.5694256
45 2843 5.0 3.5694256
45 3185 4.0 3.5694256
45 3680 4.0 3.5694256
45 3852 3.0 3.5694256
45 4084 3.0 3.5694256
46 1356 5.0 3.759419
46 2001 4.0 4.6695237
46 3476 4.0 3.0895011
46 3623 4.0 3.988691
46 3481 5.0 4.352983
46 3744 4.0 3.5694256
46 3483 4.0 3.5694256
46 273 4.0 3.5694256
46 1342 5.0 5.0
46 3301 4.0 3.5694256
46 3499 5.0 3.4238095
46 3555 5.0 3.5694256
46 3624 4.0 3.5694256
46 879 2.0 3.5694256
46 2891 3.0 3.5694256
46 3512 4.0 3.5694256
46 3556 4.0 3.5694256
47 296 3.0 4.0725317
47 349 4.0 3.2629447
47 10 3.0 3.754118
47 150 4.0 4.083115
47 344 2.0 3.0694273
47 434 3.0 3.6436453
47 300 3.0 4.3108997
48 367 5.0 3.2798514
48 1197 5.0 4.437653
48 2011 5.0 4.3129115
48 2571 5.0 4.8411937
48 3793 5.0 3.6807497
48 4105 3.0 5.0
48 364 4.0 4.4587526
48 736 4.0 3.468303
48 3996 5.0 4.484064
48 39 2.0 4.18499
48 356 4.0 4.40805
48 594 3.0 3.8937302
48 1022 2.0 4.208241
48 1246 3.0 4.366665
48 2959 5.0 4.714899
48 1 5.0 4.6356206
48 44 5.0 3.0555692
48 185 5.0 3.9347641
48 208 5.0 4.0036077
48 520 5.0 3.6972744
48 1438 4.0 3.5694256
48 1552 4.0 3.1970239
48 653 5.0 3.50625
48 661 3.0 3.7929993
48 1367 2.0 3.668236
48 2082 4.0 2.543703
48 2141 4.0 3.9356859
48 2354 1.0 3.5694256
48 4896 5.0 4.3602753
48 2428 4.0 3.2934687
48 107 5.0 2.9080474
48 1831 5.0 3.2483497
48 3269 3.0 3.180135
48 1544 4.0 3.076793
48 1562 4.0 3.5694256
48 1591 4.0 3.5694256
48 3438 4.0 3.5694256
48 2723 4.0 3.109747
48 24 3.0 3.5694256
48 473 4.0 3.5694256
48 1025 4.0 3.5694256
48 2048 3.0 3.5694256
48 2953 3.0 3.5694256
48 3752 5.0 3.2066667
48 4366 4.0 3.5694256
48 8 3.0 3.5694256
48 63 3.0 3.5694256
48 558 3.0 3.5694256
48 833 4.0 3.5694256
48 880 4.0 3.4375
48 1021 3.0 3.5694256
48 1707 3.0 3.5694256
48 1731 3.0 3.5694256
48 1792 5.0 3.5694256
48 2036 3.0 3.5694256
48 2378 3.0 3.5694256
48 2453 3.0 3.5694256
48 2549 3.0 3.5694256
48 2572 3.0 3.5694256
48 3243 3.0 3.5694256
48 3254 4.0 3.5694256
48 3439 5.0 3.5694256
48 3784 4.0 3.5694256
48 3964 3.0 3.5694256
48 4104 4.0 3.5694256
48 4477 5.0 3.5694256
48 4545 3.0 3.5694256
48 4619 4.0 3.5694256
49 480 3.0 3.736086
49 968 4.0 3.8536944
49 2395 4.0 4.5
49 2959 5.0 4.340909
49 1135 3.0 3.5694256
49 2722 2.0 2.8125
49 1513 3.0 3.1546052
49 4015 2.0 3.5694256
49 3326 2.0 3.5694256
50 1282 3.5 3.9251416
50 345 4.5 4.341802
50 4014 4.0 4.1814666
50 4993 5.0 4.7146835
50 1088 2.0 3.5694256
50 647 4.5 3.5694256
50 6807 5.0 4.4666667
50 5444 4.5 3.5694256
50 3967 3.5 3.5694256
50 3146 3.0 3.5694256
50 5378 4.5 4.3
50 3175 3.0 4.261143
50 5944 4.5 3.5694256
50 4447 2.0 3.745238
50 6218 4.0 3.5694256
50 3156 3.0 3.5694256
50 3157 4.5 3.5694256
50 3159 3.5 3.5694256
50 5957 3.5 3.5694256
51 110 5.0 3.9152734
51 318 4.0 4.4182854
51 350 4.0 3.6022727
51 589 3.0 3.569438
51 593 5.0 4.6865005
51 1258 4.0 4.1720753
51 1270 5.0 3.5588195
51 1333 4.0 4.3768015
51 1387 3.0 3.6485674
51 1994 5.0 3.7516725
51 2858 5.0 4.1161904
51 2916 4.0 4.0482683
51 3273 3.0 2.6227262
51 1249 5.0 3.9642427
51 2712 3.0 2.738231
51 588 3.0 3.8342626
51 1014 2.0 3.5694256
51 1059 4.0 2.457012
51 1644 1.0 3.5694256
51 2959 4.0 3.9110293
51 150 4.0 4.1637154
51 185 2.0 2.9279683
51 2918 5.0 4.698114
51 1060 3.0 3.96099
51 2174 4.0 3.384331
51 4011 4.0 3.8221495
51 4034 5.0 3.8341591
51 5349 4.0 3.578749
51 5225 5.0 3.5694256
51 4963 5.0 3.6047926
51 31 3.0 3.5694256
51 1344 4.0 3.5694256
51 2428 1.0 2.5727684
51 2671 2.0 3.5762885
51 2006 1.0 2.8507879
51 3745 3.0 3.5694256
51 4776 5.0 3.5694256
51 2572 3.0 3.5694256
51 213 5.0 3.5694256
51 1330 1.0 3.5694256
51 1991 2.0 3.5694256
51 2107 1.0 3.5694256
51 2279 2.0 3.5694256
51 3980 2.0 3.5694256
51 5111 3.0 3.5694256
52 260 3.5 3.7331657
52 1127 2.5 2.9020336
52 1215 3.0 4.059945
52 1333 4.5 4.168345
52 1374 4.5 3.044126
52 1997 5.0 4.168776
52 2529 4.0 3.9191267
52 2716 3.0 3.4946597
52 2791 3.0 3.2610946
52 3471 4.0 3.078275
52 3917 3.5 3.5694256
52 908 4.0 4.1202235
52 1644 2.5 3.5694256
52 2455 4.0 2.8986132
52 4148 3.0 2.83
52 2719 3.0 1.8220435
52 2021 1.5 4.0129333
52 7569 3.5 3.5694256
52 1348 3.0 3.5694256
52 2105 3.5 3.3297665
52 2454 3.0 3.5694256
52 2644 3.5 2.527992
52 2657 3.0 3.5176806
52 382 1.0 1.95
52 4878 2.5 3.729519
52 3081 4.0 3.0760276
52 724 3.0 2.445625
52 1320 3.5 3.3483493
52 1339 2.0 2.8849192
52 1971 3.0 3.5694256
52 2614 1.5 3.5694256
52 3016 1.5 3.5694256
52 3264 3.0 3.5694256
52 1779 3.0 2.3751907
52 70 3.5 3.1172774
52 407 3.5 3.5694256
52 1301 3.5 4.1598487
52 1676 2.5 3.7070606
52 1999 4.0 3.5694256
52 2140 3.5 4.02517
52 2456 3.0 3.5694256
52 2459 4.5 3.5694256
52 2900 3.5 3.5694256
52 3535 0.5 3.4833333
52 3587 4.5 3.5694256
52 3826 3.0 3.5694256
52 4735 3.5 3.5694256
52 5323 3.0 3.5694256
52 6132 3.5 3.5694256
52 6242 3.0 3.5694256
52 6379 2.5 3.5694256
52 6741 2.5 3.5694256
52 6754 4.0 3.5694256
52 6774 4.5 3.5694256
52 6820 2.0 3.5694256
52 7373 3.5 3.5694256
52 7387 4.5 3.5694256
52 8265 3.5 3.5694256
52 1388 0.5 1.5528572
52 7454 3.0 3.5694256
52 27839 1.5 3.5694256
52 2122 3.0 3.5694256
52 742 2.5 3.5694256
52 799 2.0 3.5694256
52 2338 3.0 1.2416667
52 1330 1.0 3.5694256
52 2107 2.0 3.5694256
52 152 3.5 3.5694256
52 1105 2.0 3.5694256
52 1324 0.5 3.5694256
52 1325 1.5 3.5694256
52 1355 1.5 3.5694256
52 1976 2.5 3.5694256
52 1979 2.0 3.5694256
52 1984 3.5 3.5694256
52 1988 2.5 3.5694256
52 1996 2.5 3.5694256
52 2097 4.0 3.5694256
52 2121 3.5 3.5694256
52 2158 4.0 3.5694256
52 2163 3.5 3.5694256
52 2462 2.0 3.5694256
52 2655 2.0 3.5694256
52 2740 1.5 3.5694256
52 2854 2.5 3.5694256
52 2855 2.0 3.5694256
52 2992 3.5 3.5694256
52 3294 2.5 3.5694256
52 3490 3.0 3.5694256
52 3493 4.0 3.5694256
52 3621 3.5 3.5694256
52 3660 1.0 3.5694256
52 3940 1.5 3.5694256
52 3962 0.5 3.5694256
52 4195 3.5 3.5694256
52 4266 2.0 3.5694256
52 4417 4.0 3.5694256
52 4532 2.5 3.5694256
52 4560 3.0 3.5694256
52 4744 3.0 3.5694256
52 4812 3.5 3.5694256
52 5128 0.5 3.5694256
52 5306 1.5 3.5694256
52 5433 1.0 3.5694256
52 5555 4.0 3.5694256
52 5595 1.5 3.5694256
52 5731 2.5 3.5694256
52 5734 0.5 3.5694256
52 5746 2.5 3.5694256
52 5754 2.5 3.5694256
52 5774 2.0 3.5694256
52 5918 4.5 3.5694256
52 6243 1.5 3.5694256
52 6736 2.0 3.5694256
52 6744 2.0 3.5694256
52 6803 4.0 3.5694256
52 7001 1.5 3.5694256
52 7036 1.0 3.5694256
52 7202 2.5 3.5694256
52 7481 3.5 3.5694256
52 7561 3.0 3.5694256
52 7650 3.5 3.5694256
52 7991 4.0 3.5694256
52 8035 4.0 3.5694256
52 8092 2.0 3.5694256
52 8206 3.5 3.5694256
52 8507 3.5 3.5694256
52 8778 2.5 3.5694256
52 8783 2.5 3.5694256
52 8861 2.5 3.5694256
52 8885 2.5 3.5694256
52 8889 3.5 3.5694256
53 260 5.0 3.9098134
53 593 5.0 4.930615
53 3578 5.0 3.456014
53 3623 4.0 3.0104167
53 2355 4.0 3.2291667
53 3203 3.0 4.625
53 3717 1.0 2.7113326
53 1466 3.0 3.5694256
53 3986 3.0 3.5694256
54 1258 4.0 3.515928
54 1291 4.0 3.4909842
54 6365 3.0 2.7498016
54 58559 4.0 3.7410152
54 60684 1.0 3.4047618
54 3198 5.0 3.5694256
54 27773 4.0 3.5694256
54 36529 4.5 3.5694256
54 1233 4.5 3.7395806
54 7360 4.5 3.5694256
54 49272 3.0 2.205661
54 48774 4.5 3.9312563
54 47610 4.5 3.5694256
54 5608 4.0 3.5694256
54 6902 4.0 3.5694256
54 26444 2.0 3.5694256
54 56171 2.5 3.5694256
54 58295 5.0 3.5694256
54 66297 4.0 3.5694256
54 72554 4.0 3.5694256
54 73168 5.0 3.5694256
54 74228 3.5 3.5694256
55 260 3.0 4.8646836
55 858 4.0 4.744277
55 2028 3.0 4.1066217
55 3996 5.0 4.4969783
55 265 5.0 3.5694256
55 899 5.0 4.8763814
55 1172 4.0 4.432253
55 1204 4.0 4.3420877
55 919 5.0 4.323939
55 969 5.0 4.232939
55 3251 4.0 3.5694256
55 3546 5.0 3.5694256
55 1730 5.0 3.5694256
55 917 5.0 3.5694256
55 1545 5.0 3.5694256
55 4921 4.0 3.5694256
55 4970 5.0 3.5694256
56 1304 5.0 3.7595396
56 1249 5.0 3.944318
56 1247 4.0 4.584811
56 1299 5.0 3.75
56 1079 4.0 3.7935183
56 1250 5.0 4.6132903
56 2501 4.0 3.5694256
56 745 5.0 3.5694256
57 1610 3.5 2.7784913
57 349 3.5 3.3850372
57 1101 3.5 2.9485967
57 1721 4.0 2.3014135
57 4993 4.0 3.3730786
57 468 2.0 3.75
57 1608 4.0 1.625
57 2763 2.0 2.9931035
57 2108 3.0 4.089286
57 3360 3.5 3.5694256
57 8665 4.0 4.2978835
57 1344 0.5 3.5694256
57 6947 4.0 3.5694256
57 4361 1.5 3.5694256
57 45722 2.5 3.5694256
57 3155 4.5 3.5694256
57 3984 3.0 3.5694256
57 8533 4.5 3.5694256
58 999 3.0 3.5694256
58 653 5.0 3.5694256
58 1544 4.0 2.6482575
58 1409 3.0 3.5694256
58 100 4.0 3.5694256
58 113 3.0 3.5694256
58 719 3.0 3.5694256
58 992 3.0 3.5694256
59 474 4.0 3.7232144
59 858 5.0 3.5694256
59 2194 5.0 3.6655936
59 3897 4.0 4.4627037
59 4022 3.0 3.5694256
59 207 3.0 3.5694256
59 3948 3.0 3.7965279
59 3617 1.0 3.5694256
59 64 3.0 3.5694256
59 3270 4.0 3.5694256
59 3952 4.0 3.5694256
59 4062 3.0 3.5694256
60 2917 3.5 3.9444444
60 4973 4.0 5.0
60 5952 4.5 4.722764
60 1663 4.0 3.934127
60 3421 4.5 3.5694256
60 62376 4.0 3.5694256
60 4235 3.5 4.4333334
60 714 4.5 3.5694256
60 4378 5.0 3.5694256
60 6774 5.0 3.5694256
60 47044 4.5 3.5694256
60 3977 3.0 5.0
60 68157 5.0 4.452381
60 61240 4.5 4.1236773
60 2330 3.5 3.5694256
60 4407 4.5 3.5694256
60 26471 4.0 3.5694256
60 62437 4.5 3.5694256
60 69640 4.5 3.5694256
61 780 3.0 3.8225577
61 736 1.0 3.6142857
61 762 2.0 3.5694256
61 587 3.0 3.5773928
61 300 4.0 4.118238
61 41 5.0 3.5694256
61 515 5.0 3.5694256
61 100 3.0 3.5694256
62 3996 5.0 3.2799823
62 5 3.0 1.7959499
62 1230 3.0 3.2794187
63 1127 3.0 2.810925
63 1208 5.0 4.733255
63 1234 3.0 4.4906015
63 1965 3.0 4.072611
63 914 4.0 4.40441
63 1247 4.0 4.0826583
63 1957 5.0 4.3472958
63 1080 3.0 3.843841
63 1204 5.0 3.973671
63 1224 4.0 3.894084
63 2013 2.0 3.5694256
63 1371 4.0 1.735308
63 1273 4.0 4.9416575
63 1303 4.0 3.5694256
63 1298 4.0 3.5694256
63 1395 3.0 3.2142856
63 1185 4.0 3.5694256
63 909 4.0 3.5694256
63 1082 3.0 3.5694256
63 1238 4.0 3.5694256
63 1244 5.0 4.309256
63 1419 4.0 3.5694256
64 1569 3.5 3.5694256
64 69406 4.5 3.5694256
64 46976 4.5 3.5694256
64 37386 3.5 3.5694256
64 68157 5.0 3.5694256
64 2114 4.0 3.5694256
64 3594 4.0 3.5694256
64 3791 2.0 3.5694256
64 5296 4.0 3.5694256
64 8638 5.0 3.5694256
64 69712 4.5 3.5694256
64 71899 4.0 3.5694256
64 72737 5.0 3.5694256
65 51662 3.5 3.75
65 1608 3.0 4.6025133
65 1663 1.0 3.5694256
65 1367 1.0 3.563236
65 969 3.0 3.7797618
65 1320 3.0 3.753884
65 1479 1.0 3.5694256
65 4792 3.0 3.5694256
65 3070 2.0 3.5694256
65 2971 3.5 3.5694256
65 3206 3.0 3.5694256
65 4159 3.5 3.5694256
65 6383 1.0 3.5694256
65 53207 3.0 3.5694256
65 80502 3.5 3.5694256
66 153 2.0 3.2030945
66 48 2.0 1.9583334
66 316 3.0 3.364868
66 47 5.0 4.221705
66 158 2.0 3.3736045
66 293 4.0 3.7595687
66 485 3.0 3.4696233
66 145 4.0 3.1960785
66 519 2.0 0.5
66 239 3.0 3.5694256
66 405 2.0 3.5694256
67 480 3.0 3.5148501
67 150 4.0 4.027142
67 185 4.0 3.189756
68 2028 5.0 3.8764138
68 2268 4.0 3.3353407
68 1584 2.0 4.418033
68 1747 4.0 3.9098136
68 2302 2.0 3.822429
68 1885 4.0 3.323491
68 111 5.0 4.189749
68 2392 1.0 3.5694256
68 1801 3.0 2.0825298
68 1834 5.0 3.5694256
68 73 4.0 3.96875
68 363 5.0 3.5694256
68 506 5.0 3.5694256
68 2442 4.0 3.5694256
69 590 4.0 4.2701373
69 593 5.0 4.978557
69 1265 5.0 4.216385
69 1266 4.0 4.7594776
69 1276 5.0 4.8970833
69 1589 1.0 3.5694256
69 2194 3.0 3.9319413
69 2268 3.0 3.555866
69 3362 5.0 4.605906
69 5060 5.0 4.663786
69 2396 5.0 4.4440737
69 900 5.0 3.5694256
69 915 5.0 3.5694256
69 1639 5.0 4.256792
69 4643 2.0 2.9904666
69 1411 5.0 2.5775
69 1674 5.0 3.8010828
69 2278 3.0 4.364066
69 3072 5.0 4.093254
69 446 5.0 3.5694256
69 1084 5.0 5.0
69 1673 5.0 4.145817
69 2019 5.0 4.7723746
69 2303 5.0 3.5694256
69 2871 5.0 5.0
69 4034 3.0 4.3469887
69 912 5.0 4.8143563
69 2920 5.0 3.5694256
69 1041 5.0 3.5694256
69 2731 5.0 4.2916665
69 599 5.0 3.5694256
69 1076 5.0 3.5694256
69 1237 5.0 3.5694256
69 2064 5.0 3.5694256
69 4282 5.0 3.5694256
69 4298 5.0 3.5694256
69 1061 5.0 3.4022083
69 1277 5.0 3.5694256
69 4712 5.0 3.5694256
69 2158 5.0 3.5694256
69 4407 5.0 3.5694256
69 334 5.0 3.5694256
69 495 5.0 3.5694256
69 2830 5.0 3.5694256
69 4325 5.0 3.5694256
69 4327 4.0 3.5694256
69 4422 5.0 3.5694256
70 110 4.0 4.7539425
70 198 4.5 4.2968836
70 296 5.0 4.6309032
70 318 4.5 4.7943516
70 750 4.0 4.481366
70 780 4.0 3.882717
70 1092 4.0 3.3900921
70 1127 5.0 3.4776137
70 1197 5.0 4.539562
70 1200 3.5 4.0910997
70 1214 3.0 3.9406085
70 1407 4.0 3.172581
70 1580 4.5 4.303817
70 1954 3.0 3.8782742
70 1994 4.0 4.1361337
70 2003 4.0 3.7050881
70 2011 2.5 4.064653
70 2028 4.0 4.1237454
70 2268 4.0 3.4353693
70 2791 3.0 4.113314
70 2968 4.0 4.343195
70 2985 4.0 3.7647934
70 2987 3.0 4.138487
70 3527 5.0 4.2350516
70 3703 5.0 4.1198425
70 4128 5.0 3.156996
70 5060 3.5 4.358093
70 500 3.0 3.9271753
70 1101 4.0 3.4750605
70 1721 4.0 3.4410405
70 588 4.0 4.3880563
70 594 4.0 3.7680802
70 830 4.0 4.127328
70 1059 5.0 2.9060643
70 1297 5.0 3.9544294
70 1380 2.0 3.7288396
70 1639 4.0 3.6211083
70 2054 3.0 2.5735166
70 2081 3.0 3.9239218
70 180 4.0 3.4237912
70 316 5.0 3.3605614
70 1961 3.0 4.534393
70 2683 5.0 3.9518406
70 4993 5.0 4.6907496
70 7147 4.0 4.4837217
70 2959 5.0 4.7191586
70 277 3.5 3.6053872
70 586 3.0 3.2660277
70 529 4.0 4.4584594
70 2021 4.0 4.1877055
70 1080 4.0 3.9891117
70 1641 4.0 4.158838
70 1704 4.5 4.3361015
70 2160 4.0 4.6995335
70 2321 4.0 3.5694256
70 4011 4.0 4.3317714
70 4226 5.0 4.4725084
70 5445 3.0 4.2011685
70 6539 5.0 4.222382
70 6807 4.0 4.4104166
70 6874 5.0 4.0542326
70 7090 5.0 3.5694256
70 7438 5.0 3.711174
70 8874 5.0 4.611246
70 2761 4.5 2.9990196
70 4896 4.0 3.9299564
70 8360 3.0 3.3370726
70 1873 4.0 3.5694256
70 4718 3.0 3.5666287
70 5378 3.0 3.814282
70 33794 4.5 4.2203426
70 2710 3.0 3.6260767
70 786 3.0 3.5694256
70 849 5.0 3.4994066
70 1779 4.0 2.8023553
70 29 4.5 4.855916
70 1711 4.0 3.5694256
70 2413 4.0 4.1885815
70 3698 5.0 2.161885
70 3740 5.0 3.5694256
70 4239 4.0 3.2163594
70 30707 4.0 4.478735
70 4361 3.0 4.3055553
70 7143 4.5 4.596591
70 2470 5.0 3.7784567
70 48394 4.5 5.0
70 2541 3.5 3.527118
70 4367 4.0 3.9527314
70 37729 4.0 4.7994947
70 7743 5.0 3.5694256
70 37857 5.0 3.5694256
71 2662 4.0 3.3666666
71 3298 0.5 3.5694256
71 40629 5.0 3.5694256
72 260 3.0 3.8122866
72 527 5.0 4.2089305
72 1073 2.0 3.1099808
72 1196 2.0 3.8874755
72 1197 3.0 3.9228604
72 1242 5.0 2.9246323
72 1276 4.0 4.011757
72 1407 3.0 2.4028141
72 1597 1.0 3.2412987
72 928 4.0 4.113247
72 1 3.0 4.1064434
72 223 3.0 3.533384
72 1641 5.0 3.476384
72 911 4.0 2.897396
72 1212 4.0 4.345022
72 29 3.0 4.3174567
72 1009 3.0 3.5694256
72 1226 4.0 3.5694256
73 1127 3.0 3.0971327
73 1022 2.5 3.7237911
73 2124 3.0 3.5694256
73 7293 1.5 2.9833333
73 51662 4.0 4.75
73 344 2.5 2.8149002
73 410 2.5 4.266013
73 529 3.0 3.6456482
73 1225 4.0 4.1637306
73 2150 4.0 3.6417043
73 2278 4.0 4.602778
73 5945 4.5 3.0
73 5810 2.5 3.5694256
73 7345 0.5 3.5694256
73 54997 3.5 3.5694256
73 2792 3.5 2.5068367
73 8169 3.5 3.5694256
73 74789 4.0 3.25
73 31420 3.0 3.5694256
73 33085 2.0 3.5694256
73 47725 4.0 3.5694256
74 260 3.0 4.2456703
74 296 5.0 4.869506
74 318 5.0 4.2069163
74 527 5.0 4.866202
74 608 5.0 3.709117
74 454 3.0 3.8986025
74 117 2.0 3.5694256
74 862 4.0 3.5694256
75 110 1.0 3.595746
75 260 3.0 3.470404
75 318 5.0 3.8937402
75 350 3.0 2.6326559
75 593 3.0 3.7964027
75 608 3.0 3.486977
75 1073 4.0 3.2057307
75 1089 4.0 3.4020157
75 1136 3.0 3.5158675
75 1227 2.0 3.9430993
75 1234 3.0 4.043258
75 1258 3.0 3.7226207
75 1356 3.0 2.9036171
75 597 1.0 2.1346335
75 899 3.0 3.8918908
75 1035 4.0 3.0010273
75 1282 4.0 2.8330345
75 1296 3.0 3.5694256
75 908 3.0 3.6922596
75 1246 3.0 3.1459746
75 613 3.0 4.181818
75 293 4.0 3.1430824
75 319 3.0 2.9842017
75 357 3.0 3.1819296
75 616 3.0 3.6524284
75 1088 3.0 2.4886363
75 1183 5.0 4.073845
75 14 3.0 3.5694256
75 35 4.0 3.5694256
75 314 3.0 2.8618195
75 534 3.0 3.5694256
75 1095 4.0 3.4610505
75 1124 3.0 3.2077923
75 923 4.0 4.190023
75 1171 3.0 3.5694256
75 1224 4.0 3.416902
75 1193 3.0 3.676505
75 452 4.0 3.5694256
75 515 5.0 3.5694256
75 926 4.0 3.812684
75 930 3.0 3.5694256
75 973 3.0 3.5694256
75 382 2.0 3.5694256
75 745 5.0 3.5694256
75 1093 3.0 3.5694256
75 1235 4.0 2.5231152
75 1254 4.0 3.5694256
75 1298 4.0 1.637619
75 538 3.0 3.5694256
75 1211 4.0 3.945183
75 1366 3.0 3.5694256
75 1009 3.0 3.5694256
75 458 2.0 3.5694256
75 668 4.0 3.5694256
75 373 2.0 3.5694256
75 422 2.0 3.5694256
75 650 3.0 3.5694256
75 725 3.0 3.5694256
75 936 3.0 3.5694256
75 947 4.0 3.5694256
75 1414 3.0 3.5694256
76 2571 4.0 4.024601
76 3793 3.0 3.1766143
76 89745 4.0 3.2342327
76 106072 2.0 3.5694256
76 1225 3.0 4.293861
76 102445 4.0 3.5694256
77 260 4.5 4.2318892
77 457 4.0 4.1599593
77 527 4.5 4.7376947
77 590 4.0 3.8849802
77 858 5.0 4.36546
77 1645 3.5 3.2899184
77 2529 2.5 4.217729
77 3147 4.0 3.9225833
77 3996 4.5 4.2801356
77 266 4.5 4.42
77 356 5.0 3.894618
77 1307 4.5 3.9368064
77 4306 4.0 3.9694498
77 6365 4.0 2.9771895
77 2762 4.0 4.0354924
77 446 4.5 1.4884615
77 508 5.0 3.818286
77 5902 3.5 3.3601503
77 6387 4.5 3.5694256
77 2324 4.5 4.0249233
77 6156 2.5 3.5694256
77 5983 3.0 3.5694256
77 2621 4.0 3.5694256
77 5992 4.5 3.5694256
77 6217 3.5 3.5694256
78 32 4.0 3.3188117
78 593 2.5 4.091032
78 1089 3.5 3.7802463
78 1136 4.0 3.3727338
78 5218 3.0 3.7066634
78 3481 4.0 3.5398405
78 3949 4.5 3.420979
78 4993 4.0 3.9104195
78 4886 3.5 4.2421927
78 5618 4.5 4.0241466
78 8874 3.0 4.1347866
78 26662 4.0 3.5694256
78 67734 3.5 0.8333333
78 671 4.5 4.2099357
78 2633 2.5 1.0
78 4878 4.5 3.5823336
78 44199 4.5 3.7219367
78 53318 5.0 3.5694256
78 64957 4.5 3.5694256
78 7254 4.5 2.955631
78 40815 3.5 3.401294
78 48774 4.0 3.6539507
78 27904 2.5 3.5694256
78 52281 4.5 5.0
78 3285 4.0 3.5694256
78 27660 2.5 3.5694256
78 31658 3.0 3.9079862
78 63072 3.0 3.5694256
78 76251 3.5 4.923095
78 3174 4.5 3.5694256
78 4975 5.0 3.5694256
78 71899 4.0 3.5694256
78 72737 4.5 3.5694256
78 3404 4.0 3.5694256
78 6344 4.5 3.5694256
78 8117 4.0 3.5694256
78 8973 2.5 3.5694256
78 32657 3.5 3.5694256
78 33162 2.5 3.5694256
78 37240 4.5 3.5694256
78 70728 2.5 3.5694256
78 76173 4.5 3.5694256
79 50 4.0 4.067666
79 260 5.0 3.6729753
79 527 5.0 4.102662
79 590 3.0 3.5827847
79 750 4.0 3.8285067
79 924 5.0 3.8986335
79 1089 4.0 3.9495254
79 1196 5.0 3.868137
79 1210 5.0 3.6546657
79 1219 4.0 4.112868
79 1221 4.0 3.8948367
79 1242 4.0 2.4595273
79 1291 3.0 3.2211192
79 1748 1.0 3.1633928
79 2268 3.0 2.637965
79 2571 4.0 4.1400824
79 2987 2.0 3.424564
79 1653 3.0 3.5812387
79 17 4.0 3.69362
79 497 5.0 3.820165
79 1059 4.0 1.7167029
79 1552 2.0 1.3785714
79 1693 3.0 2.3010416
79 412 5.0 3.4947917
79 778 4.0 3.7691565
79 1103 4.0 3.3142
79 1274 2.0 4.1532607
79 41 4.0 3.5694256
79 2657 1.0 3.6229434
79 1541 3.0 3.5694256
79 232 4.0 4.003849
79 1694 4.0 3.5694256
79 2872 3.0 3.5694256
79 2269 3.0 3.5694256
