1 110 4.0 3.951777
1 366 2.0 2.635328
1 432 2.0 2.5852678
1 451 1.0 3.5649045
1 521 3.0 3.5649045
1 592 3.0 3.3574424
1 913 3.0 3.7183323
1 924 2.0 3.8809142
1 996 2.0 3.5649045
1 1089 5.0 3.8039486
1 1097 5.0 3.63654
1 1136 4.0 4.1642904
1 1201 4.0 4.0012193
1 1234 5.0 3.6960475
1 1242 3.0 3.8151047
1 1253 3.0 3.5649045
1 1266 3.0 3.8944564
1 1356 3.0 3.3681328
1 1358 3.0 4.3010855
1 1376 3.0 2.172983
1 1378 3.0 2.7940757
1 1394 2.0 4.275157
1 1597 3.0 2.9190547
1 1625 3.0 4.7817526
1 1645 2.0 2.7855728
1 1909 3.0 3.4910157
1 2011 4.0 3.4138474
1 2194 3.0 3.781717
1 2407 5.0 3.2371118
1 2467 3.0 4.128469
1 2529 5.0 3.5359848
1 2713 2.0 3.1636906
1 2791 4.0 3.301865
1 2804 5.0 3.949202
1 2912 3.0 3.9618752
1 2916 5.0 3.925068
1 2922 5.0 3.5649045
1 2944 4.0 3.5649045
1 2968 2.0 4.1158967
1 2985 3.0 3.6681232
1 3074 3.0 3.5649045
1 3104 4.0 3.5649045
1 3273 3.0 2.5798542
1 3363 3.0 3.5649045
1 3386 3.0 4.4618373
1 3476 2.0 3.3744805
1 3551 5.0 3.5649045
1 3706 2.0 3.5649045
1 3839 4.0 3.5649045
1 4085 4.0 3.4903846
1 4105 5.0 4.240228
1 4132 3.0 3.5649045
2 32 3.0 3.9967966
2 648 5.0 4.0560737
2 858 4.0 5.0
2 1356 1.0 3.5087607
2 1387 4.0 3.9371276
2 1625 5.0 4.483333
2 2 4.0 3.148355
2 364 5.0 4.547693
2 500 4.0 3.7509928
2 1653 5.0 3.8880956
2 1777 4.0 3.5649045
2 2053 3.0 2.4268482
2 2291 5.0 3.548109
2 2384 4.0 4.8180556
2 3623 4.5 4.3920455
2 5299 4.0 2.7668269
3 1210 4.0 4.7961993
3 34 5.0 4.2531266
3 1721 3.0 4.2026486
3 17 4.0 4.406228
3 48 1.0 3.246888
3 289 3.0 3.5649045
3 497 5.0 4.386258
3 595 5.0 4.1467533
3 914 5.0 5.0
3 928 5.0 5.0
3 1031 3.0 3.4308114
3 1247 5.0 4.646583
3 1380 5.0 4.424254
3 1381 2.0 3.5649045
3 2049 5.0 3.5649045
3 2080 4.0 4.1097336
4 1372 3.5 3.350281
4 2268 2.5 3.5001643
4 2529 2.5 3.5649045
4 2571 4.5 4.399871
4 2804 4.5 3.8520617
4 2858 3.5 3.8881252
4 3147 4.5 3.4214153
4 3527 3.0 4.028318
4 2617 2.0 3.5453405
4 2640 3.0 3.4759548
4 7153 5.0 4.369482
4 39 3.5 3.5472946
4 45 3.0 3.5649045
4 345 3.5 2.1558442
4 441 3.0 3.5649045
4 1268 4.0 2.1020947
4 4993 5.0 4.467028
4 6711 3.5 3.209968
5 2858 1.5 3.5281723
5 2565 3.5 3.5649045
5 2594 4.5 3.5649045
5 5364 5.0 3.5649045
5 6283 2.0 3.5649045
5 27744 5.0 3.5649045
5 45720 4.0 3.5649045
6 2762 3.5 4.2766356
6 63992 3.5 3.5649045
6 72641 3.5 3.5649045
6 74580 3.5 3.5649045
6 75805 3.5 3.5649045
6 78264 3.5 3.5649045
6 82461 2.5 3.5649045
6 84637 4.0 3.5649045
6 87876 1.0 3.5649045
6 88405 3.5 3.5649045
6 90405 4.0 3.5649045
6 90647 3.0 3.5649045
6 100390 3.0 3.5649045
6 101360 3.5 3.5649045
6 101577 3.5 3.5649045
6 102125 3.5 3.5649045
6 102720 4.5 3.5649045
6 103042 3.0 3.5649045
6 103253 3.5 3.5649045
6 104841 3.0 3.6309524
6 105504 3.5 3.5649045
6 106540 3.0 3.5649045
6 106918 3.0 3.5649045
6 108945 1.5 3.5649045
6 110771 4.0 3.5649045
6 111617 3.5 3.5649045
6 113348 1.0 3.5649045
6 113604 2.0 3.5649045
6 115170 5.0 3.5649045
6 116397 2.5 3.5649045
6 117851 2.5 3.5649045
6 119948 2.5 3.5649045
7 110 5.0 4.5713916
7 296 4.0 4.511419
7 480 4.0 3.9209645
7 34 3.0 4.3133564
7 377 4.0 3.9223177
7 10 4.0 4.1871934
7 11 5.0 3.5262883
7 16 3.0 3.37
7 74 5.0 3.5649045
7 93 4.0 3.5649045
7 95 5.0 3.7302675
7 119 3.0 3.5649045
7 135 4.0 3.5649045
7 160 4.0 4.055357
7 204 3.0 3.7222223
7 227 3.0 3.5649045
7 292 4.0 3.0402923
7 315 4.0 3.5649045
7 317 4.0 3.6548057
7 328 4.0 3.5649045
7 343 3.0 3.5649045
7 362 5.0 3.5649045
7 381 4.0 4.179559
7 415 3.0 3.5649045
7 416 4.0 3.5649045
7 434 4.0 3.3896346
7 466 4.0 3.0
7 468 5.0 2.7796206
7 471 4.0 4.3876624
7 520 4.0 3.7869518
7 539 4.0 4.451448
7 586 3.0 3.151893
8 110 5.0 4.6207285
8 480 4.0 4.100351
8 1909 5.0 4.015835
8 2948 4.0 3.9274504
8 3702 4.0 4.112746
8 1377 2.0 3.5580907
8 2302 4.0 3.757654
8 10 4.0 4.241983
8 380 3.0 4.0368533
8 1183 5.0 5.0
8 1293 5.0 4.6127577
8 1459 4.0 3.5649045
8 1960 4.0 4.7559524
8 2352 4.0 3.5649045
8 2728 4.0 3.8127782
8 2918 4.0 4.732571
9 303 3.0 3.2833333
9 553 3.0 3.7250268
9 590 5.0 3.6660812
9 780 4.0 3.4819753
9 1036 3.0 4.3817296
9 349 4.0 3.2620366
9 552 4.0 3.0357144
9 1101 4.0 2.8419526
9 594 3.0 3.886246
9 1035 4.0 3.8281882
9 150 4.0 4.003272
9 368 4.0 3.0267346
9 475 5.0 4.465663
9 491 4.0 3.5649045
9 509 5.0 4.701353
9 520 3.0 3.3904653
9 529 3.0 4.248335
9 132 3.0 3.5649045
9 168 4.0 4.056878
9 194 4.0 3.5649045
9 505 3.0 3.5649045
9 1095 3.0 4.1580386
10 260 2.5 4.077424
10 318 3.5 4.492365
10 1089 3.5 3.918581
10 1208 4.5 4.022076
10 1219 3.0 3.9898806
10 1265 3.5 3.5611458
10 1266 4.5 4.184029
10 1278 4.5 3.1987474
10 1291 4.0 3.7020717
10 1387 3.5 3.652569
10 2571 4.5 4.152957
10 2858 4.5 3.772769
10 2947 3.5 3.5662327
10 2968 4.5 4.020894
10 3424 4.0 1.6501926
10 3578 3.0 3.9778848
10 3681 4.0 3.5649045
10 1275 4.0 3.6272306
10 3100 3.5 3.5649045
10 265 4.0 3.8089366
10 163 4.0 3.3774953
10 3481 4.5 3.810918
10 3897 4.0 3.7560318
10 4014 3.5 3.5490868
10 5952 4.5 4.2368155
10 4886 4.0 3.7200747
10 246 3.5 4.390879
10 300 4.5 3.1634884
10 1084 3.5 4.3596077
10 1095 4.0 4.0920405
10 1125 3.0 2.6546361
10 215 4.0 3.5649045
10 223 5.0 3.188443
10 923 4.0 4.3428483
10 1079 4.0 3.3207183
10 1188 4.5 3.5649045
10 1224 3.5 3.5649045
10 1228 4.0 3.5649045
10 1248 4.0 3.6026757
10 1269 3.5 3.5649045
10 1449 3.5 3.5649045
10 1517 3.5 2.5625
10 1641 4.0 4.158519
10 1663 3.5 2.2036886
10 1921 4.5 4.4042783
10 2993 3.0 3.5649045
10 3129 4.0 3.5649045
10 3261 3.0 3.5649045
10 3317 4.0 3.5649045
10 3421 4.0 3.3393621
10 3504 4.0 3.5649045
10 4027 4.5 3.4536102
10 4034 4.5 3.5419405
10 5013 4.0 3.7149122
10 5349 4.0 3.4537277
10 5989 3.5 3.797914
10 6773 4.5 3.5649045
10 6874 4.5 3.5719936
10 7090 5.0 3.5649045
10 8983 4.0 3.5649045
10 30810 4.0 3.5649045
11 1923 5.0 4.145421
11 2959 4.0 4.6895127
11 19 1.0 2.5625
12 1230 3.0 3.5649045
12 3671 4.0 4.5364103
12 2422 1.0 3.5649045
13 2858 3.5 4.2362103
13 261 4.0 3.7592115
13 595 5.0 4.011463
13 1032 3.5 3.667245
13 2683 3.5 3.9703145
13 4993 4.5 4.5609403
13 4886 4.0 4.563126
13 8961 3.5 3.9052074
13 72998 2.0 4.2689757
13 1203 5.0 3.6559877
13 5618 4.5 4.243015
13 8368 2.0 3.8622816
13 1784 3.5 3.6368778
13 435 2.0 2.4233656
13 661 3.5 3.8245614
13 1033 4.0 2.4916666
13 2059 3.5 3.5649045
13 2138 5.0 3.6257305
13 3189 4.5 3.5649045
13 3945 3.5 3.5649045
13 3990 3.5 3.5649045
13 5048 3.5 3.5649045
13 5444 3.0 4.071875
13 6485 3.0 3.5649045
13 6593 3.5 3.5649045
13 6794 3.5 3.5649045
13 7444 4.0 3.5649045
13 8643 3.0 3.5649045
13 8811 4.0 3.5649045
13 33830 3.0 3.5649045
13 35836 4.0 3.698747
13 45726 3.5 3.5649045
13 47516 0.5 3.5649045
13 50149 3.0 3.5649045
13 50442 4.0 3.5649045
13 50872 4.5 3.0833333
13 53121 3.5 3.5649045
13 55282 3.5 3.5649045
13 58347 4.0 3.5649045
13 63853 4.0 3.5649045
13 68954 5.0 4.501748
13 69122 5.0 3.6203995
13 69757 4.0 3.5649045
13 70282 3.0 3.5649045
13 74508 4.5 3.5649045
14 34 5.0 3.8360755
14 356 4.0 3.9435127
14 377 3.0 3.6352482
14 316 3.0 3.3999043
14 10 3.0 3.905855
14 277 3.0 3.9779406
14 357 4.0 4.1381254
14 468 4.0 2.7649043
14 587 3.0 3.5833535
14 272 5.0 3.5649045
14 529 4.0 4.208042
14 531 5.0 3.5649045
15 474 3.0 3.987436
15 480 4.0 3.764769
15 589 4.0 3.8022256
15 1097 3.0 3.6197357
15 1130 3.0 3.4450827
15 1196 4.0 3.8186493
15 1262 4.0 4.5105953
15 2000 3.0 3.7763374
15 2529 4.0 3.5649045
15 2716 3.0 4.0076447
15 2916 4.0 2.9340804
15 2968 5.0 3.6744006
15 2987 5.0 3.5713034
15 3362 4.0 3.6382425
15 1375 3.0 2.8483217
15 2640 5.0 3.0571384
15 595 4.0 3.8963604
15 931 3.0 3.5649045
15 1204 5.0 4.382952
15 2160 4.0 3.763436
15 903 5.0 4.0081587
15 257 3.0 3.5649045
15 960 4.0 3.5649045
15 1086 4.0 3.5649045
15 1217 3.0 3.5649045
15 1267 5.0 4.414753
15 1348 5.0 3.7714286
15 1938 5.0 3.5649045
15 2203 4.0 3.5649045
15 2238 1.0 3.5649045
15 2551 2.0 3.297619
15 2647 5.0 3.5649045
15 2863 5.0 3.5649045
15 2967 4.0 3.5649045
15 3075 2.0 3.5649045
15 3219 3.0 3.5649045
17 135 2.0 3.5649045
17 4718 2.0 4.3125
18 296 5.0 4.553613
18 3498 4.0 3.5649045
18 2676 5.0 3.5649045
18 3146 3.0 3.5649045
18 3484 4.5 3.5649045
18 6016 5.0 5.0
18 6679 4.0 3.5649045
18 27773 5.0 3.5649045
18 30749 5.0 3.5649045
18 48516 5.0 4.9639716
19 608 3.5 4.5189776
19 5952 4.5 4.4052076
19 48385 5.0 4.1043887
19 2762 4.5 4.294196
19 2329 4.5 4.8149576
19 5445 3.5 3.866134
19 6333 4.0 3.8138688
19 6874 4.0 3.8531878
19 7361 4.5 4.6568327
19 784 1.0 3.4242918
19 4995 4.5 4.232906
19 40583 4.0 3.5649045
19 44191 2.0 4.8353252
19 44199 3.5 4.5354033
20 296 4.0 3.6884847
20 553 3.0 3.421739
20 1220 3.0 3.6367595
20 1258 5.0 4.555979
20 1304 4.0 4.134707
20 356 5.0 3.8070183
20 594 4.0 4.6143456
20 3105 5.0 3.5649045
21 736 3.0 3.0585177
21 5 4.0 3.1140873
21 62 4.0 3.946833
21 95 3.0 3.5157692
21 494 4.0 3.4638932
21 36 5.0 4.25
21 376 3.0 3.5649045
21 9 3.0 3.5649045
21 786 3.0 3.8401756
22 110 0.5 3.4117515
22 260 0.5 3.3039367
22 480 3.0 2.6578162
22 592 0.5 2.7729986
22 356 5.0 2.7363675
22 830 4.5 2.0929067
22 35836 5.0 2.884503
22 1345 5.0 4.0277777
22 2662 4.0 3.5649045
22 41571 4.5 3.5649045
23 110 5.0 4.3908315
23 457 5.0 4.1832933
23 527 5.0 4.6883187
23 1356 5.0 3.629949
23 1527 3.0 3.9303446
23 2288 5.0 3.9264944
23 736 3.0 3.059491
23 434 4.0 3.3027837
23 442 3.0 3.3256729
23 3256 4.0 3.5649045
23 1480 4.0 3.5649045
23 1544 3.0 2.9729624
23 1862 3.0 3.5649045
23 1969 4.0 3.5649045
23 1971 4.0 3.5649045
23 1973 4.0 3.5649045
23 1987 3.0 3.5649045
23 2792 4.0 3.205357
23 2902 3.0 3.5649045
23 2903 3.0 3.5649045
23 3107 3.0 3.25
23 3257 3.0 3.5649045
23 3354 3.0 3.5649045
24 780 1.0 4.0933294
24 1210 5.0 4.232505
24 34 5.0 3.8629808
24 17 5.0 4.5368586
24 377 3.0 3.9205542
24 1678 5.0 3.5649045
24 475 4.0 3.9375
24 485 2.0 3.8111188
24 144 4.0 3.5649045
24 585 4.0 2.9375
24 802 5.0 3.5649045
24 1508 3.0 3.5649045
25 1270 4.0 4.0753493
25 2997 4.0 2.951748
25 2392 4.0 3.5649045
25 2734 4.0 3.5649045
25 3016 4.0 2.5
25 3111 4.0 3.5649045
26 32 3.0 3.3974016
26 50 5.0 4.692874
26 110 5.0 4.4978065
26 296 3.0 3.8387756
26 527 4.0 4.639232
26 593 5.0 4.130941
26 150 4.0 4.0982065
26 292 3.0 3.05812
26 300 4.0 3.9164147
26 225 3.0 3.5649045
27 1580 4.5 4.3318024
27 2028 4.0 4.440935
27 2791 4.0 3.8376307
27 356 4.5 4.4103823
27 3052 4.0 3.8068635
27 45728 4.0 5.0
27 2671 4.0 3.0122807
27 4754 5.0 3.5649045
27 6979 4.0 3.5649045
28 265 3.0 3.9935064
28 1186 3.0 3.9791667
28 2289 5.0 3.5649045
28 2490 5.0 3.5649045
29 1197 3.0 5.0
29 1270 3.0 4.1985726
29 3362 4.0 3.7963078
29 3543 4.0 3.5649045
29 2728 5.0 2.6666667
29 848 4.0 3.5649045
29 2919 4.0 3.5649045
29 3015 3.0 3.5649045
29 3841 4.0 3.5649045
30 480 5.0 3.9304976
30 153 4.0 3.5374348
30 356 5.0 3.866635
30 112 4.0 3.5380309
30 150 5.0 4.163789
30 315 4.0 3.5649045
30 383 3.0 4.0731816
30 415 3.0 3.5649045
30 442 3.0 4.0231647
30 548 3.0 3.5649045
30 586 2.0 3.365342
30 587 4.0 3.0525293
30 529 4.0 4.7828283
30 435 4.0 2.3606389
30 253 2.0 3.4432123
30 276 3.0 3.5649045
30 333 4.0 3.5649045
30 490 3.0 3.5649045
30 537 4.0 3.5649045
30 546 1.0 3.5649045
31 593 4.0 3.6652296
31 968 3.0 2.9553144
31 1089 4.0 3.338949
31 1136 5.0 3.4029982
31 1196 4.5 3.314923
31 1258 5.0 3.4514492
31 1261 4.0 2.8917477
31 1278 4.0 2.935739
31 1291 4.0 3.2772858
31 1625 3.5 4.105332
31 1732 3.5 2.9607005
31 2118 4.0 2.861481
31 2194 3.0 3.190909
31 2288 5.0 2.8699942
31 2529 4.0 3.2772436
31 2921 5.0 3.5649045
31 2922 3.0 3.5649045
31 2951 4.0 4.484239
31 2985 5.0 3.0028484
31 3018 4.5 3.6628878
31 3386 3.5 3.6016793
31 3576 2.0 3.5649045
31 3578 4.0 3.703712
31 349 2.0 1.7121328
31 1777 1.0 0.63095236
31 3100 4.0 3.5649045
31 3623 1.0 2.8258007
31 440 1.0 2.7895672
31 1035 0.5 3.1614213
31 1968 0.5 3.5723445
31 2081 0.5 3.5230675
31 316 3.0 2.5431933
31 782 4.0 3.5649045
31 2124 3.0 0.96308863
31 3897 3.0 3.1465526
31 3949 4.0 2.7213128
31 6250 3.0 3.5649045
31 6365 3.5 1.8351965
31 2959 4.0 4.011658
31 2762 0.5 3.3911967
31 1 3.0 3.791627
31 44 0.5 2.3104587
31 172 3.5 3.5649045
31 370 1.0 2.176559
31 380 2.0 3.1725485
31 1090 4.0 2.990243
31 1213 5.0 3.3158865
31 1263 5.0 4.072913
31 1393 0.5 2.2905822
31 1957 3.0 3.5241127
31 1960 3.0 4.2653275
31 2278 3.0 3.1662729
31 3256 0.5 3.5649045
31 161 3.0 2.3638618
31 1079 4.0 2.935766
31 1248 5.0 3.6344852
31 1274 4.0 3.2721374
31 1343 2.0 2.7715974
31 2231 3.0 3.5649045
31 2359 3.0 1.4214654
31 2502 4.0 3.400238
31 3000 3.0 3.5982702
31 3317 2.0 3.5649045
31 3396 4.0 4.375
31 3994 3.0 3.5649045
31 4034 4.0 2.6079931
31 4294 5.0 3.5649045
31 4979 4.5 3.332942
31 5618 3.5 3.8948362
31 6539 3.0 3.1234295
31 7361 4.5 4.1359224
31 8622 4.5 2.526052
31 32587 3.5 3.9438024
31 903 5.0 3.2731893
31 1193 4.5 3.4419343
31 145 2.0 2.3090353
31 912 4.5 3.9375882
31 965 3.0 3.5649045
31 986 1.0 2.1719277
31 2138 5.0 3.1532245
31 8641 4.5 3.6583333
31 911 0.5 4.1829424
31 1178 5.0 3.5649045
31 1340 3.0 3.5649045
31 1924 1.0 3.0673032
31 2202 2.0 3.5649045
31 2519 2.0 3.5649045
31 3089 4.5 2.5975437
31 3269 0.5 3.5649045
31 3484 0.5 3.5649045
31 6016 5.0 3.8602805
31 3948 1.0 3.5649045
31 849 4.0 2.8125887
31 1320 4.0 2.7660415
31 2616 3.0 3.5649045
31 2986 4.0 3.5649045
31 3208 2.0 3.5649045
31 288 0.5 2.4905157
31 4351 5.0 3.5649045
31 6979 2.5 3.2028399
31 3196 4.0 3.5649045
31 333 1.0 3.5649045
31 20 1.5 3.5649045
31 89 1.0 3.5649045
31 176 0.5 3.5649045
31 188 0.5 3.5649045
31 365 1.5 3.5649045
31 424 5.0 3.5649045
31 565 4.5 3.5649045
31 735 5.0 3.5649045
31 1025 3.0 3.5649045
31 1162 4.0 3.5649045
31 1254 5.0 3.5649045
31 1587 5.0 3.5649045
31 1665 0.5 3.5649045
31 1672 0.5 3.5649045
31 1713 3.0 3.5649045
31 1809 4.0 3.5649045
31 1866 3.0 3.5649045
31 1889 5.0 3.5649045
31 1950 4.0 3.5649045
31 1998 4.5 3.5649045
31 2022 4.5 3.5649045
31 2066 4.0 3.5649045
31 2089 1.0 3.5649045
31 2170 1.0 3.5649045
31 2176 4.0 3.5649045
31 2315 3.0 3.5649045
31 2356 1.5 3.5649045
31 2403 0.5 5.0
31 2440 4.0 3.5649045
31 2460 4.5 3.5649045
31 2707 1.5 3.5649045
31 2720 0.5 1.7375593
31 2798 0.5 3.5649045
31 2819 3.0 3.5649045
31 2924 3.0 3.5649045
31 2953 0.5 0.9400931
31 2982 4.5 3.5649045
31 3020 1.0 3.5649045
31 3120 0.5 3.5649045
31 3121 0.5 3.5649045
31 3275 1.0 3.5649045
31 3384 2.0 3.5649045
31 3430 1.5 3.5649045
31 3431 3.5 3.5649045
31 3555 1.0 3.5649045
31 3587 1.5 3.5649045
31 3622 4.0 3.5649045
31 3726 5.0 3.5649045
31 3727 5.0 3.5649045
31 3740 4.5 3.5649045
31 3741 5.0 3.5649045
31 3752 0.5 3.1166666
31 3798 0.5 3.5649045
31 3802 2.0 3.5649045
31 3809 3.0 2.8039563
31 3837 3.5 3.5649045
31 3838 3.5 3.5649045
31 3872 4.5 3.5649045
31 3955 0.5 3.5649045
31 4019 2.0 3.0730329
31 4033 2.0 3.5649045
31 4047 2.0 3.5649045
31 4064 5.0 3.5649045
31 4065 3.5 3.5649045
31 4093 1.0 3.5649045
31 4113 0.5 3.5649045
31 4167 0.5 3.5649045
31 4215 0.5 3.5649045
31 4223 0.5 3.0587535
31 4255 5.0 3.5649045
31 4262 5.0 3.5649045
31 4378 4.0 3.5649045
31 4499 1.0 3.5649045
31 4734 0.5 1.0980434
31 4852 2.0 3.5649045
31 4873 3.0 3.5649045
31 4889 5.0 3.5649045
31 4930 3.0 3.5649045
31 4947 3.0 3.5649045
31 5102 0.5 3.5649045
31 5120 4.0 3.5649045
31 5165 2.0 3.5649045
31 5184 4.5 3.5649045
31 5219 3.0 3.5649045
31 5249 5.0 3.5649045
31 5291 4.5 3.5649045
31 5293 0.5 3.5649045
31 5340 0.5 3.5649045
31 5426 4.5 3.5649045
31 5500 3.0 3.5649045
31 5509 5.0 3.5649045
31 5531 2.0 3.5649045
31 5590 5.0 3.5649045
31 5867 4.0 3.5649045
31 5908 4.5 3.5649045
31 5938 1.0 3.5649045
31 6040 0.5 3.5649045
31 6170 5.0 3.5649045
31 6184 4.5 4.358631
31 6220 3.0 3.5649045
31 6222 4.5 3.5649045
31 6260 0.5 3.5649045
31 6294 0.5 3.5649045
31 6323 1.0 3.5649045
31 6379 2.0 3.5649045
31 6395 5.0 3.5649045
31 6401 3.0 3.5649045
31 6429 4.5 3.5649045
31 6506 4.0 3.5649045
31 6586 2.5 3.5649045
31 6615 3.0 3.5649045
31 6618 3.5 3.5649045
31 6666 4.0 3.5649045
31 6703 2.5 3.5649045
31 6721 3.5 3.5649045
31 6741 3.0 3.5649045
31 6742 0.5 3.5649045
31 6757 4.0 3.5649045
31 6777 1.0 3.5649045
31 6844 0.5 3.5649045
31 6852 4.0 3.5649045
31 6873 5.0 3.5649045
31 6880 2.0 3.5649045
31 6920 5.0 3.5649045
31 7013 4.5 3.5649045
31 7027 3.5 3.5649045
31 7040 5.0 3.5649045
31 7070 5.0 3.5649045
31 7123 4.5 3.5649045
31 7278 5.0 3.5649045
31 7317 0.5 3.5649045
31 7319 4.0 3.5649045
31 7346 1.0 3.5649045
31 7360 5.0 3.1959822
31 7373 3.0 2.1530952
31 7413 3.0 3.5649045
31 7442 2.0 3.5649045
31 7474 4.0 3.5649045
31 7484 5.0 3.5649045
31 7586 5.0 3.5649045
31 7878 5.0 3.5649045
31 8141 4.0 3.5649045
31 8371 4.0 3.5649045
31 8493 0.5 3.5649045
31 8527 5.0 3.5649045
31 8711 3.0 3.5649045
31 8798 5.0 2.2876968
31 26349 4.5 3.5649045
31 31086 3.5 3.5649045
31 32011 3.5 3.5649045
31 51540 4.5 3.5649045
31 55118 4.5 3.9062178
32 480 3.5 3.77711
32 1197 4.5 4.6105657
32 1198 5.0 4.193609
32 2571 4.0 4.658701
32 153 4.0 3.0029955
32 364 3.5 4.0796704
32 2384 3.5 3.5181277
32 236 3.5 3.9271421
32 934 3.5 3.8217776
32 1307 4.0 3.8207068
32 2683 3.0 4.313041
32 6565 4.5 3.5649045
32 539 3.5 3.7114308
32 529 4.0 3.8859282
32 1663 4.0 2.8065476
32 5418 4.5 3.6006641
32 919 3.5 4.016606
32 4361 4.5 3.8541667
32 7161 3.5 3.5649045
32 7263 4.5 3.5649045
33 1372 4.0 4.928571
33 4886 4.5 3.9933457
33 158 4.0 3.1747227
33 3418 4.0 3.7116072
33 145 3.5 3.5649045
33 3977 4.5 3.5649045
33 37727 4.0 3.5649045
34 527 4.0 4.255119
34 589 3.0 3.4168575
34 62 4.0 3.481118
34 368 3.0 3.017801
34 380 3.0 3.991746
34 434 3.0 3.455264
35 318 5.0 4.5615773
35 8961 3.5 3.3656464
35 586 3.0 2.8397748
35 1552 1.5 3.1834426
35 2006 2.5 3.0118577
36 50 4.0 3.7737706
36 110 5.0 3.5407176
36 592 3.0 2.8255491
36 1136 0.5 3.4984875
36 1200 2.0 2.987761
36 1259 3.5 3.3165083
36 1270 1.0 3.0624278
36 1617 3.0 3.4219525
36 1909 4.0 2.822178
36 2012 1.5 2.5123346
36 2194 2.5 2.7832
36 2288 0.5 3.345954
36 2571 5.0 3.641954
36 3793 2.5 2.9664366
36 1584 4.0 2.7890332
36 5218 4.0 2.916679
36 7153 4.5 3.7790782
36 1835 5.0 1.3846154
36 1246 4.0 2.9490316
36 6942 4.0 3.5649045
36 2565 3.5 3.5649045
36 4886 3.5 3.1426294
36 16 2.5 3.6143734
36 150 4.5 3.2424467
36 1302 2.5 2.676941
36 2150 1.5 3.5333269
36 2763 2.5 2.7380662
36 2474 3.5 3.5649045
36 3994 3.0 3.5649045
36 8983 4.5 3.5649045
36 19 2.5 2.443717
36 4246 3.0 2.2037354
36 3948 4.5 3.5649045
36 4995 4.5 3.8612254
36 6893 4.5 4.2155795
36 6979 3.0 3.0947752
36 2140 3.0 3.0450177
36 5010 5.0 2.2419217
36 33493 2.0 3.3082466
36 58 2.5 3.5649045
36 3179 4.0 3.5649045
36 4880 4.0 3.5649045
36 7139 3.5 3.5649045
36 7143 4.5 2.86637
36 7162 3.5 3.5649045
36 27873 5.0 3.5649045
37 260 4.0 4.2687283
37 1196 3.5 3.988132
37 1210 4.0 4.0754976
37 3578 3.0 3.8751075
37 5218 4.0 3.7794502
37 5299 3.5 3.4396267
37 4022 3.5 3.0792384
37 4306 4.5 3.8506806
37 5952 5.0 4.4124365
37 6365 3.0 2.7496738
37 60069 5.0 4.438142
37 8961 3.5 3.9434454
37 58559 2.0 4.0736303
37 72998 4.0 3.860147
37 2918 4.5 4.1998286
37 1704 4.5 4.633054
37 4226 4.0 4.3054724
37 5418 3.5 4.142915
37 6333 3.5 3.840113
37 8368 4.0 4.1121526
37 8636 3.0 3.764041
37 41566 2.5 4.002747
37 44195 2.5 4.1222663
37 51255 2.5 3.945954
37 54503 5.0 3.5649045
37 5995 4.0 3.7124264
37 63082 3.0 4.1533494
37 2857 2.0 3.5649045
37 4387 4.0 3.5649045
37 30707 4.5 4.626389
37 575 4.0 3.5649045
37 48780 4.0 3.5649045
37 54286 3.5 3.5649045
37 59615 2.5 3.5649045
37 77561 2.5 3.5649045
38 1580 4.5 4.2498207
38 4973 5.0 5.0
38 4993 5.0 4.756335
38 2959 5.0 4.6158457
38 60069 4.5 4.749119
38 170 2.5 3.5649045
38 616 4.0 4.769643
38 647 3.5 3.5649045
38 5445 4.5 3.920114
38 6333 4.0 4.1593637
38 6016 4.5 4.573572
38 48774 4.5 4.524074
38 3510 3.0 3.5649045
38 5903 4.5 3.5649045
38 27611 4.0 3.5649045
38 52328 4.5 3.5649045
38 55908 4.0 3.5649045
39 260 4.0 3.5330238
39 318 4.0 3.7492707
39 1291 2.5 3.3833292
39 1527 3.0 2.6164083
39 1732 4.0 2.8374364
39 2009 3.0 3.0188532
39 2916 3.5 2.91434
39 4085 2.0 0.5416667
39 1275 3.5 3.149848
39 4993 0.5 3.7464724
39 108945 2.0 3.5649045
39 1225 4.0 3.3462384
39 5902 3.5 2.1998024
39 49272 3.0 1.8217802
39 48774 3.5 2.6632242
39 71530 3.5 3.5649045
39 85414 3.0 3.5649045
39 86332 0.5 3.5649045
39 96610 4.0 3.5649045
40 110 4.0 3.9753215
40 480 4.5 3.5207899
40 1136 3.5 3.8176084
40 1210 4.0 3.8988519
40 1258 2.5 4.0329847
40 1732 3.0 3.4920003
40 2571 3.0 4.1281934
40 3578 3.5 3.779083
40 1721 3.0 3.0591347
40 2291 4.5 3.0977347
40 5299 3.0 2.9919975
40 1282 3.0 3.6151862
40 180 4.0 2.8244658
40 3897 4.0 3.4573977
40 4993 5.0 4.23138
40 6711 4.0 3.2213018
40 6863 4.0 3.6366951
40 6942 3.5 3.5649045
40 48385 3.0 3.7373984
40 51662 5.0 3.4781053
40 72998 4.0 4.028258
40 102125 4.5 3.5649045
40 103042 4.5 3.5649045
40 103253 3.5 3.5649045
40 106002 3.0 3.5649045
40 106072 3.5 1.09375
40 106487 4.0 2.6191757
40 454 3.0 3.2104864
40 616 3.0 4.046097
40 1682 4.0 2.9153183
40 3176 4.0 3.9272263
40 3256 2.0 3.5649045
40 2174 4.0 2.9316096
40 2329 2.0 4.861281
40 3671 4.0 3.670238
40 3751 3.0 3.9709797
40 5679 5.0 2.790678
40 30810 5.0 3.5649045
40 2018 3.0 3.7064366
40 4308 3.5 3.9930933
40 56367 5.0 3.058631
40 61024 4.0 3.5649045
40 67734 4.0 1.9270834
40 33794 4.5 3.633339
40 788 2.0 2.8300242
40 1015 3.0 3.5649045
40 1025 3.0 3.5649045
40 2140 5.0 3.828688
40 2694 2.0 2.316184
40 3034 3.0 4.267886
40 3247 3.5 3.5649045
40 4015 2.0 3.6666667
40 4865 4.0 3.5649045
40 5010 4.0 3.0310268
40 6378 3.5 3.1709821
40 8528 3.0 3.5649045
40 8914 3.5 3.5649045
40 34048 3.5 3.5649045
40 71535 5.0 3.2788572
40 52328 5.0 3.5649045
40 70286 4.0 4.4889207
40 7502 4.0 3.5649045
40 109487 4.0 3.5649045
40 1126 3.0 3.5649045
40 2161 5.0 4.0
40 2687 3.5 3.5649045
40 2893 4.5 3.5649045
40 3285 3.5 3.5649045
40 3489 5.0 3.5649045
40 4016 3.5 3.8229406
40 4638 4.0 3.5649045
40 6218 2.5 3.5649045
40 8640 3.5 3.5649045
40 9010 4.0 3.5649045
40 31545 4.0 3.5649045
40 31658 4.0 4.0404763
40 34111 4.0 3.5649045
40 34143 2.5 3.5649045
40 35347 2.0 3.5649045
40 37380 3.0 3.5649045
40 37741 5.0 3.5649045
40 42002 5.0 3.5649045
40 42213 4.0 3.5649045
40 51077 3.0 3.5649045
40 51939 3.0 3.5649045
40 52973 4.0 3.5649045
40 53125 4.0 3.5649045
40 57502 3.5 3.5649045
40 58998 4.5 3.5649045
40 70336 3.0 3.5649045
40 76251 4.5 4.2904763
40 81845 4.5 3.5649045
40 81847 4.0 3.5649045
40 86882 5.0 3.5649045
40 91500 4.0 3.5649045
40 94780 3.0 3.5649045
40 95167 4.0 3.5649045
40 96737 5.0 3.5649045
40 99112 3.0 3.5649045
40 101362 3.0 3.5649045
40 102880 3.5 3.5649045
40 107057 4.0 3.5649045
41 595 5.0 3.961657
41 914 4.0 5.0
41 1035 5.0 4.38706
41 2080 4.0 3.7933912
41 2102 5.0 3.5649045
41 919 5.0 4.786914
41 107 5.0 3.9340084
41 609 4.0 3.5649045
41 73 5.0 4.3125
41 2941 2.0 3.5649045
42 296 4.0 4.1847963
42 590 3.0 3.142837
42 261 4.0 3.7716591
42 440 3.0 3.3571403
42 597 3.0 2.5745492
42 539 4.0 4.066348
42 235 2.0 2.1608744
42 337 3.0 3.8660715
43 592 3.0 3.0936282
43 153 3.0 2.6829264
43 223 5.0 2.7768743
44 110 3.0 4.376928
44 260 4.5 4.478221
44 457 3.5 4.099309
44 541 5.0 4.4974694
44 593 4.5 4.289694
44 1127 4.0 3.3037736
44 1198 4.5 4.2482576
44 1214 4.5 3.6327333
44 1221 4.0 4.170125
44 2288 4.5 4.1249185
44 2985 3.5 4.172238
44 3471 4.5 3.6713321
44 3699 3.5 3.5649045
44 2291 5.0 3.5103002
44 3996 4.5 4.365254
44 356 4.0 3.6881826
44 2997 4.0 3.5073066
44 4886 5.0 4.466338
44 59315 3.5 4.4624405
44 60684 5.0 2.231776
44 72998 4.5 4.1852784
44 79132 5.0 4.5587955
44 97913 3.5 4.097451
44 106696 4.5 3.3474512
44 1 3.5 4.586763
44 1090 4.0 3.5880575
44 805 4.0 3.5649045
44 223 4.0 3.6472485
44 1204 4.0 4.381774
44 2174 4.5 3.2909808
44 4855 3.0 3.7767262
44 5618 4.5 4.7124643
44 7438 4.0 3.7310004
44 903 4.0 4.3912387
44 1193 4.5 4.455782
44 912 4.5 4.5859165
44 69644 3.5 3.5833333
44 1267 4.0 4.525641
44 5878 4.0 4.5
44 802 3.0 3.5649045
44 1207 4.0 4.449862
44 48774 3.5 4.677054
44 54286 3.0 3.5649045
44 77561 3.5 3.5649045
44 80463 4.0 3.5649045
44 88744 3.5 3.5649045
44 55290 4.5 3.5649045
44 55442 4.5 3.5649045
44 81834 3.5 3.5649045
44 91630 3.0 3.5649045
45 260 4.0 4.410162
45 296 5.0 4.591443
45 480 3.0 3.7794409
45 750 4.0 4.43059
45 924 5.0 4.40063
45 1136 5.0 4.3585258
45 1196 5.0 4.0448246
45 1197 5.0 4.5921264
45 1200 5.0 3.754762
45 1206 5.0 4.2806764
45 1210 4.0 4.270035
45 1220 5.0 4.107668
45 1358 4.0 4.5495787
45 1374 5.0 3.4713664
45 1500 5.0 4.556281
45 1617 4.0 4.1797247
45 2012 1.0 3.467323
45 2467 4.0 3.9868262
45 2478 3.0 2.597472
45 2716 2.0 4.1703186
45 2916 5.0 4.445311
45 2947 4.0 3.604284
45 2968 4.0 4.333748
45 3702 4.0 3.5458887
45 1249 4.0 4.362124
45 1275 4.0 3.9210703
45 1584 4.0 3.7771585
45 1653 4.0 3.9212923
45 1721 2.0 3.5582979
45 2640 3.0 3.920948
45 2712 3.0 4.1398706
45 497 4.0 4.0620413
45 1022 4.0 3.9789717
45 1029 5.0 3.8475971
45 1059 2.0 3.4400125
45 1243 5.0 4.215025
45 1297 2.0 4.8179216
45 1968 5.0 4.672756
45 2054 1.0 2.4439297
45 2087 5.0 4.0416155
45 316 3.0 3.6062038
45 2762 4.0 4.2370057
45 21 3.0 3.4090257
45 196 2.0 3.6985116
45 319 5.0 3.6973712
45 1183 3.0 3.5649045
45 1213 4.0 3.9230506
45 1722 4.0 3.6024573
45 2628 4.0 3.4198973
45 2728 4.0 3.4340289
45 2918 5.0 4.4853563
45 25 4.0 3.7769115
45 151 3.0 3.8393722
45 246 4.0 4.236141
45 508 3.0 4.097171
45 535 3.0 3.905
45 1060 4.0 3.56211
45 1188 5.0 3.5649045
45 1223 5.0 3.9874573
45 1228 4.0 3.5649045
45 2174 5.0 3.3752296
45 2231 4.0 3.5649045
45 2474 4.0 3.5649045
45 2871 5.0 4.7379265
45 2993 4.0 3.5649045
45 3360 4.0 4.6003137
45 3751 4.0 4.2825165
45 4011 5.0 4.254483
45 4027 5.0 4.0159845
45 1193 5.0 4.3106847
45 661 4.0 4.082043
45 1688 3.0 3.9833333
45 2366 4.0 4.3281293
45 2551 4.0 4.240196
45 1354 4.0 3.5649045
45 327 3.0 1.5466362
45 3081 4.0 3.9060345
45 1320 3.0 3.8408666
45 2986 3.0 3.5649045
45 2671 4.0 3.0388885
45 678 5.0 3.5649045
45 610 3.0 3.641741
45 1649 5.0 3.5649045
45 1676 3.0 3.9650474
45 2089 3.0 3.5649045
45 2372 3.0 3.2142856
45 2413 3.0 4.3873777
45 2720 3.0 2.6275969
45 2324 1.0 4.858761
45 58 5.0 3.875
45 2313 4.0 5.0
45 514 4.0 3.5649045
45 1030 3.0 3.5649045
45 1077 4.0 3.6222222
45 1594 4.0 3.5649045
45 2005 2.0 4.5105257
45 2179 4.0 3.5649045
45 2232 3.0 3.5649045
45 2450 3.0 3.5649045
45 2471 3.0 3.5649045
45 2481 4.0 3.5649045
45 2590 4.0 3.5649045
45 2735 3.0 3.5649045
46 527 5.0 5.0
46 1645 5.0 4.0239162
46 1805 3.0 3.1166666
46 2167 4.0 3.8369498
46 1584 5.0 5.0
46 196 4.0 4.448629
46 2428 3.0 3.2864196
46 1320 3.0 4.163667
46 2606 3.0 4.2933335
46 3717 5.0 3.3125
46 3826 3.0 3.661111
46 3977 5.0 3.4166667
46 3452 4.0 3.5649045
46 2826 5.0 3.5649045
46 3316 3.0 3.5649045
46 3511 3.0 3.5649045
46 3755 4.0 5.0
46 3861 4.0 3.5649045
47 592 4.0 3.1240842
47 185 3.0 3.2435775
47 208 3.0 3.1177957
48 589 5.0 4.266662
48 1073 4.0 3.92854
48 1196 5.0 4.5325227
48 1198 4.0 4.7800865
48 1689 4.0 2.844178
48 2529 4.0 4.6393747
48 2916 5.0 4.994304
48 3527 5.0 4.5048018
48 5060 4.0 5.0
48 2 5.0 4.220072
48 1777 3.0 4.1309524
48 5 4.0 3.1516027
48 48 3.0 3.2753453
48 1032 3.0 4.093868
48 1485 5.0 2.9614446
48 2054 4.0 2.800591
48 2081 3.0 4.179099
48 62 5.0 3.9949372
48 783 3.0 3.7459831
48 4306 5.0 4.2724266
48 329 4.0 3.9304116
48 374 3.0 3.0019996
48 434 5.0 4.538
48 539 2.0 4.219466
48 586 4.0 3.5904946
48 1608 5.0 4.4227443
48 1682 5.0 4.095392
48 3072 1.0 4.1972528
48 455 3.0 2.2851505
48 2699 3.0 3.7459738
48 3396 3.0 4.25
48 3671 5.0 4.498037
48 3994 4.0 3.5649045
48 1566 4.0 4.0008054
48 1967 3.0 4.235801
48 2042 3.0 4.3359647
48 2078 3.0 3.8488078
48 2092 2.0 3.5649045
48 2123 3.0 3.5302222
48 2355 4.0 4.388243
48 3988 3.0 2.8250616
48 969 2.0 4.255391
48 1690 5.0 4.0297575
48 2722 4.0 3.5649045
48 761 4.0 3.5649045
48 3948 4.0 3.5649045
48 1882 5.0 3.1452122
48 2717 4.0 3.6023083
48 3354 4.0 3.5649045
48 3868 4.0 3.5649045
48 2393 4.0 3.5649045
48 216 5.0 4.0331182
48 709 3.0 3.150335
48 1015 4.0 3.5649045
48 1665 5.0 3.5649045
48 1920 3.0 3.5649045
48 2027 4.0 3.5649045
48 2090 3.0 3.8910291
48 2301 4.0 4.3861527
48 2394 3.0 3.335099
48 2431 5.0 3.5649045
48 3247 3.0 3.5649045
48 3300 4.0 4.2181597
48 4149 4.0 3.5649045
48 3310 4.0 3.5649045
48 4321 4.0 3.5649045
48 575 3.0 3.5649045
48 2161 4.0 3.4261303
48 2193 4.0 4.2138577
48 4270 4.0 3.5649045
48 4446 4.0 4.2144394
48 2471 4.0 3.5649045
48 3785 4.0 3.7597601
48 248 3.0 3.5649045
48 765 4.0 3.5649045
48 801 2.0 3.5649045
48 810 2.0 3.5649045
48 818 3.0 3.5649045
48 870 1.0 3.5649045
48 1099 3.0 3.5649045
48 1359 3.0 3.5649045
48 1646 3.0 3.5649045
48 1911 4.0 3.5649045
48 2363 3.0 3.5649045
48 2498 3.0 3.5649045
48 3399 2.0 3.5649045
48 3440 4.0 3.5649045
48 3500 4.0 3.5649045
48 4023 3.0 3.5649045
48 4153 4.0 3.5649045
48 4343 4.0 3.5649045
48 4686 3.0 3.5649045
49 913 5.0 4.2826924
49 1210 3.0 4.0168667
49 2713 2.0 1.6666666
49 2599 4.0 4.322063
49 2706 4.0 3.9648514
49 3752 4.0 3.5649045
49 3453 2.0 3.5649045
50 2407 3.0 3.898016
50 2529 5.0 3.9647436
50 2571 5.0 4.9677043
50 2081 3.5 3.6478474
50 5952 5.0 4.872814
50 2628 4.5 3.480834
50 4034 4.0 4.069479
50 5445 4.5 4.016911
50 5481 4.0 3.5649045
50 3988 4.0 3.0404809
50 6266 4.0 3.5649045
50 3987 2.5 3.5649045
50 1320 5.0 4.2943053
50 2671 2.0 2.4717171
50 4161 4.5 3.5649045
50 4728 3.0 3.5649045
50 5872 4.5 3.5649045
50 3977 5.0 3.4583333
50 4890 3.0 3.5649045
50 3287 4.0 3.4166667
50 3986 3.5 3.6666667
50 4242 3.5 3.5649045
50 4975 3.0 3.5649045
51 50 5.0 4.327273
51 1206 5.0 4.1373205
51 1754 3.0 3.5649045
51 1909 4.0 3.347126
51 2580 4.0 3.9404695
51 953 1.0 4.4236765
51 1653 2.0 3.783553
51 2617 2.0 3.197086
51 3996 5.0 4.2000713
51 39 4.0 3.6568375
51 261 4.0 3.9006999
51 1247 3.0 4.0923505
51 1381 1.0 3.5649045
51 2096 4.0 3.321261
51 1499 1.0 2.642108
51 2302 4.0 2.964805
51 3897 4.0 4.080416
51 4148 3.0 3.7789645
51 2719 1.0 2.9949276
51 47 5.0 4.277298
51 282 3.0 3.659867
51 1673 3.0 4.260885
51 1967 5.0 4.3630176
51 3114 4.0 4.0533295
51 26 4.0 3.6465397
51 2657 5.0 3.5047796
51 1717 3.0 2.4717493
51 2739 5.0 4.65625
51 3005 3.0 3.5649045
51 2723 3.0 2.5799263
51 1884 4.0 3.5649045
51 2810 5.0 3.5649045
51 3499 3.0 3.4502313
51 4321 4.0 3.5649045
51 1061 3.0 3.5820787
51 1388 2.0 0.61904764
51 2369 3.0 3.5649045
51 2672 1.0 3.5649045
51 2771 3.0 3.5649045
51 3409 2.0 3.5649045
51 3797 1.0 3.5649045
51 3835 2.0 3.5649045
51 4712 3.0 3.5649045
52 432 1.5 2.0267856
52 541 4.5 4.4132576
52 1196 3.5 3.7538235
52 1261 3.0 3.1151567
52 1304 3.0 3.9252489
52 1321 3.5 4.058054
52 2003 3.0 3.803261
52 2118 2.0 3.4757936
52 2968 3.5 4.0368056
52 3576 1.5 3.5649045
52 3793 2.0 3.4224157
52 4128 2.0 3.9654012
52 6250 1.0 3.5649045
52 2797 1.0 3.2110934
52 8636 4.5 3.31885
52 2010 3.0 4.3818765
52 2531 3.0 3.5649045
52 2648 3.5 3.5649045
52 2867 2.0 3.3940477
52 273 2.5 3.5649045
52 2662 3.0 1.9166666
52 1970 2.0 3.5649045
52 1975 2.5 3.5649045
52 2902 3.5 3.5649045
52 188 1.5 3.5649045
52 2119 2.5 3.5649045
52 2377 3.5 3.5649045
52 2513 2.5 1.9743967
52 2982 3.0 3.5649045
52 3013 2.5 3.5649045
52 3175 3.5 3.171891
52 3693 3.5 3.5649045
52 3727 4.5 3.5649045
52 3840 4.0 3.5649045
52 4437 5.0 3.5649045
52 4533 3.5 3.5649045
52 4852 2.0 3.5649045
52 5254 2.5 3.5649045
52 6040 3.5 3.5649045
52 6615 3.0 3.5649045
52 6731 3.5 3.5649045
52 7492 2.5 3.5649045
52 7951 3.0 3.5649045
52 8501 4.5 3.5649045
52 4270 1.5 3.75
52 1077 1.5 2.6446428
52 2232 4.0 3.5649045
52 879 1.5 3.5649045
52 611 3.0 3.5649045
52 680 3.0 3.5649045
52 842 2.0 3.5649045
52 891 2.0 3.5649045
52 1241 3.5 3.5649045
52 1322 1.0 3.5649045
52 1323 3.0 3.5649045
52 1328 0.5 3.5649045
52 1331 3.0 3.5649045
52 1341 2.5 3.5649045
52 1655 1.5 3.5649045
52 1977 2.5 3.5649045
52 2026 3.0 3.5649045
52 2113 2.5 3.5649045
52 2159 3.5 3.5649045
52 2464 3.0 3.5649045
52 2530 3.5 3.5649045
52 2613 2.5 3.5649045
52 2784 3.5 3.5649045
52 2868 3.0 3.5649045
52 3017 1.5 3.5649045
52 3216 2.5 3.5649045
52 3662 1.0 3.5649045
52 3666 0.5 3.5649045
52 3692 2.5 3.5649045
52 3694 2.0 3.5649045
52 3757 2.5 3.5649045
52 3918 3.5 3.5649045
52 3930 3.5 3.5649045
52 3938 2.0 3.5649045
52 3981 3.0 3.5649045
52 4124 2.0 3.5649045
52 4135 1.0 3.5649045
52 4213 3.0 3.5649045
52 4277 3.0 3.5649045
52 4425 2.0 3.5649045
52 4480 3.5 3.5649045
52 4494 1.5 3.5649045
52 4497 1.5 3.5649045
52 4501 0.5 3.5649045
52 4670 2.0 3.5649045
52 4685 2.0 3.5649045
52 4715 2.5 3.5649045
52 4794 4.5 3.5649045
52 4827 3.0 3.5649045
52 4944 3.0 3.5649045
52 5183 3.5 3.5649045
52 5544 4.0 3.5649045
52 5567 2.5 3.5649045
52 5569 1.0 3.5649045
52 5592 2.0 3.5649045
52 5691 2.0 3.5649045
52 5738 0.5 3.5649045
52 5749 2.5 3.5649045
52 5980 3.5 3.5649045
52 5983 3.5 3.5649045
52 6094 0.5 3.5649045
52 6665 1.5 3.5649045
52 6695 3.5 3.5649045
52 6848 3.0 3.5649045
52 6987 4.0 3.5649045
52 6996 1.0 3.5649045
52 7024 2.0 3.5649045
52 7115 5.0 3.5649045
52 7118 3.5 3.5649045
52 7280 3.0 3.5649045
52 7342 1.5 3.5649045
52 7402 2.5 3.5649045
52 7564 4.0 3.5649045
52 7636 2.5 3.5649045
52 7984 3.5 3.5649045
52 8222 3.5 3.5649045
52 8578 3.5 3.5649045
52 8854 3.0 3.5649045
52 8870 3.5 3.5649045
52 27317 4.0 3.5649045
53 2719 3.0 2.2785714
53 3751 4.0 2.6728258
53 2722 3.0 3.5649045
53 2881 3.0 4.0
53 2541 2.0 3.3605356
53 3863 4.0 3.5649045
53 2826 4.0 3.5649045
53 2759 3.0 3.5649045
54 110 4.0 4.52215
54 318 5.0 4.6763864
54 593 4.0 4.2387056
54 1136 1.5 3.9634006
54 4973 4.5 4.830834
54 44 0.5 2.1111112
54 7438 3.5 3.2033193
54 6502 5.0 3.572137
54 56367 0.5 4.428571
54 69122 5.0 3.1964986
54 531 0.5 3.5649045
54 44191 4.5 4.538926
54 3535 4.0 3.4666667
54 71535 4.0 3.8462698
54 5903 4.5 3.5649045
54 26614 4.5 3.5649045
54 78499 2.0 4.5
54 74685 4.5 3.5649045
54 3263 4.0 3.5649045
54 5672 0.5 3.5649045
54 48872 4.5 3.5649045
54 55765 5.0 3.5649045
54 62203 5.0 3.5649045
54 80398 4.5 3.5649045
55 1219 5.0 5.0
55 2804 5.0 4.795334
55 3168 5.0 3.5649045
55 898 4.0 4.607181
55 1032 4.0 4.42058
55 1947 5.0 3.4843822
55 908 5.0 4.423965
55 1131 5.0 3.5649045
55 3252 4.0 4.661712
55 154 5.0 3.5649045
55 2075 5.0 3.8791208
55 307 5.0 3.672619
55 3742 5.0 3.5649045
56 1198 5.0 4.538319
56 1258 2.0 4.540029
56 1270 5.0 4.0355453
56 1945 3.0 3.6691208
56 1267 5.0 4.7739277
56 2863 4.0 3.5649045
56 2132 2.0 3.5649045
56 1077 4.0 4.107143
56 3157 3.0 3.5649045
56 1952 4.0 4.593419
57 2478 2.0 2.755563
57 356 3.0 3.5102828
57 1343 1.0 3.6202033
57 2993 3.0 3.5649045
57 5418 4.0 3.8814077
57 4007 3.0 3.9375
57 6378 4.0 3.3607142
57 8132 4.0 3.5649045
57 54286 4.0 3.5649045
57 2161 0.5 3.5649045
58 3 4.0 4.242857
58 733 5.0 3.4467552
58 376 3.0 3.5649045
58 802 3.0 3.5649045
58 848 3.0 3.5649045
58 765 3.0 3.5649045
59 647 4.0 3.5649045
59 4228 2.0 3.5649045
60 858 4.5 4.500928
60 1129 3.5 4.8782563
60 1208 5.0 4.6122847
60 1252 4.0 4.201194
60 7153 4.5 4.4233956
60 2455 3.5 4.261865
60 58559 4.0 4.1304083
60 1408 4.0 4.209601
60 235 4.0 3.8766518
60 3000 4.0 4.345309
60 3911 4.5 3.5649045
60 4226 3.5 4.399103
60 30810 4.0 3.5649045
60 72011 4.0 3.5649045
60 48516 5.0 4.04852
60 2717 4.0 3.1532738
60 333 3.0 3.5649045
60 2694 4.0 2.4645503
60 3535 4.5 3.3233755
60 5956 5.0 3.5649045
60 2324 4.0 3.5649045
60 41627 4.0 3.5649045
61 50 5.0 4.407507
61 350 3.0 3.9729748
61 509 5.0 5.0
61 272 5.0 3.5649045
61 14 4.0 3.9143643
61 222 3.0 3.873058
61 299 3.0 3.5649045
61 628 4.0 3.5620296
61 337 4.0 3.7751942
61 94 3.0 3.5649045
61 640 3.0 3.5649045
62 1196 3.0 3.4317236
62 2194 3.0 2.9911218
62 7153 4.0 4.2062497
62 1968 3.0 3.7222223
62 52 1.5 2.2581189
62 653 2.0 3.391003
62 1094 5.0 4.1944447
62 1704 2.0 3.547372
62 919 5.0 3.557732
62 337 3.5 3.3434634
63 858 5.0 4.265242
63 1136 5.0 4.1215715
63 1196 4.0 3.811808
63 1201 4.0 3.9996905
63 1206 5.0 3.913229
63 1240 3.0 3.7458835
63 1387 4.0 3.6371138
63 1909 4.0 3.7152848
63 1028 3.0 3.5649045
63 1230 5.0 4.191128
63 1296 4.0 2.2910945
63 1172 4.0 3.9209328
63 2021 3.0 3.5374358
63 1078 3.0 3.5649045
63 1231 3.0 4.229923
63 1873 3.0 4.8333335
63 1882 1.0 2.427488
63 1162 5.0 3.5649045
63 1295 4.0 3.5649045
63 615 3.0 3.5649045
63 1150 3.0 3.5649045
63 1161 4.0 3.5649045
64 69844 4.0 3.5649045
64 1753 3.0 3.5649045
65 1200 4.0 3.7929168
65 1805 3.0 2.15
65 2761 1.0 3.0916257
65 2094 2.0 4.3854165
65 6787 4.5 3.5649045
65 5049 4.5 3.5649045
65 3510 3.5 3.5649045
65 2133 2.0 3.5649045
65 2521 2.0 3.5649045
65 5136 4.0 3.5649045
65 43936 3.5 3.5649045
65 80350 0.5 3.5649045
66 364 2.0 4.324348
66 595 4.0 3.9995596
66 10 3.0 4.094413
66 173 3.0 2.853858
66 353 2.0 3.7977104
66 380 4.0 4.082854
66 434 3.0 3.3315682
66 71 2.0 3.5649045
66 709 5.0 2.4520366
66 741 5.0 4.3519273
67 527 4.0 4.471658
67 349 3.0 4.1172795
67 364 4.0 3.7554595
67 500 2.0 3.3037047
67 539 3.0 4.1883593
68 527 5.0 4.740436
68 364 4.0 4.26509
68 356 5.0 3.81334
68 1608 4.0 4.3233495
68 300 4.0 4.252198
68 508 4.0 3.9055555
68 1784 5.0 3.5501852
68 1233 5.0 5.0
68 1271 3.0 3.5649045
69 296 5.0 4.8601327
69 924 5.0 5.0
69 1214 5.0 4.1356673
69 1219 5.0 4.7662606
69 1252 5.0 4.786553
69 1580 5.0 4.356208
69 1997 5.0 4.680736
69 2692 4.0 4.4041877
69 2944 5.0 5.0
69 2948 5.0 4.0365763
69 2973 4.0 3.5649045
69 2985 5.0 4.3992996
69 3681 5.0 3.5649045
69 2712 1.0 4.15282
69 2628 2.0 3.3255577
69 3176 2.0 5.0
69 1269 5.0 3.5649045
69 3253 5.0 4.0699935
69 1178 5.0 3.5649045
69 1264 4.0 3.5649045
69 2863 5.0 3.5649045
69 111 5.0 3.9837098
69 2023 4.0 3.6781697
69 1235 5.0 3.7727013
69 162 5.0 4.71891
69 176 5.0 3.5649045
69 659 5.0 3.1321428
69 1175 5.0 4.6096334
69 2788 5.0 5.0
69 2905 5.0 3.5649045
69 3181 5.0 3.5649045
69 4262 5.0 3.5649045
69 1300 5.0 3.5649045
69 1594 5.0 3.5649045
69 3676 5.0 3.5649045
69 4424 5.0 3.5649045
69 562 5.0 3.5649045
69 668 5.0 3.5649045
69 1904 5.0 3.5649045
69 2070 5.0 3.5649045
69 2969 5.0 3.5649045
69 3134 5.0 3.5649045
69 3470 5.0 3.5649045
69 3655 5.0 3.5649045
69 3788 5.0 3.5649045
69 4179 5.0 3.5649045
69 4283 5.0 3.5649045
69 4399 5.0 3.5649045
69 4529 5.0 3.5649045
69 4705 5.0 3.5649045
69 6460 5.0 3.5649045
70 32 4.5 4.3597784
70 593 5.0 4.33588
70 1097 4.0 4.166428
70 1196 5.0 4.226329
70 1220 5.0 4.0928745
70 1259 5.0 4.407475
70 1387 3.0 3.940908
70 1527 5.0 4.340298
70 1876 3.0 4.4211206
70 2012 2.5 3.5650392
70 2529 4.0 3.6441143
70 2692 5.0 4.374053
70 3471 4.5 3.7644165
70 953 3.5 4.5585856
70 1249 5.0 4.011041
70 1375 4.0 2.5722187
70 1653 4.5 4.1099763
70 1777 4.0 3.8988094
70 2115 5.0 3.9798782
70 7153 5.0 4.508119
70 595 3.5 4.015842
70 1246 4.0 4.0625515
70 1288 4.5 4.7905912
70 2455 3.5 4.404284
70 4973 4.5 5.0
70 6365 4.0 3.2420337
70 6283 4.5 4.324181
70 4886 4.5 4.571652
70 1 4.0 4.806097
70 11 4.0 3.7128417
70 170 4.0 2.0348768
70 208 4.0 3.8988736
70 1088 3.5 2.6152463
70 3176 2.0 4.6096087
70 193 3.0 2.998366
70 235 4.0 3.9920197
70 223 5.0 3.7926276
70 778 4.5 4.3063865
70 2144 5.0 3.5649045
70 2502 3.5 4.500224
70 2699 3.0 3.8704236
70 3253 4.0 3.8466697
70 5349 3.5 4.1372595
70 5679 4.5 3.4237454
70 5459 3.0 4.7222223
70 30793 3.5 3.510808
70 327 3.0 1.7485356
70 1339 4.0 3.3050394
70 1717 3.0 3.05678
70 1513 4.0 3.7312217
70 2490 4.0 3.5649045
70 70 5.0 3.9334214
70 1391 3.0 3.1197193
70 1884 3.5 3.5649045
70 3175 4.0 3.680896
70 33493 3.0 3.9359496
70 4321 3.0 4.328125
70 4447 4.0 3.1373696
70 7254 4.0 3.5513148
70 5991 4.0 4.2847886
70 30812 3.0 4.3765655
70 8644 3.5 3.990774
70 52245 4.5 3.5649045
70 5903 4.5 3.5649045
70 31658 5.0 4.1941667
70 3863 3.0 3.8583333
70 3785 4.0 3.9072917
70 1911 3.0 3.5649045
70 4642 5.0 3.5649045
71 3555 1.0 3.5649045
71 65 1.5 3.5649045
71 2567 1.0 3.5649045
72 32 2.0 3.4093158
72 50 4.0 3.8347301
72 457 3.0 3.4877675
72 541 2.0 4.094107
72 593 5.0 3.9075286
72 1136 4.0 4.0608206
72 1259 4.0 3.511165
72 1283 4.0 3.3641071
72 953 3.0 3.746826
72 17 5.0 3.4461637
72 1183 4.0 5.0
72 154 4.0 3.5649045
72 923 5.0 3.829649
72 1204 3.0 3.5905445
72 904 4.0 3.6275818
72 922 5.0 3.5649045
72 942 5.0 3.5649045
72 1178 5.0 3.5649045
72 1267 4.0 3.8431149
72 950 4.0 3.5649045
72 1233 4.0 3.9166667
72 1422 2.0 3.5649045
73 32 4.5 3.6631324
73 2791 4.5 3.1780596
73 150 4.5 3.7105863
73 1203 5.0 3.329881
73 2329 3.0 3.5649045
73 4238 4.0 3.5649045
73 2105 4.5 3.581533
73 1320 2.0 3.6551278
73 4370 3.5 3.5421176
73 3155 3.5 3.5649045
73 700 3.0 3.5649045
73 4565 3.0 3.5649045
73 86142 3.0 3.5649045
74 1580 4.0 3.8285747
74 838 4.0 3.5649045
74 1084 5.0 5.0
74 41 5.0 3.4583333
74 628 4.0 2.3392856
74 728 3.0 4.8333335
75 541 4.0 3.8336215
75 924 3.0 3.3381934
75 1197 3.0 3.6488059
75 1220 3.0 3.0134375
75 1240 3.0 3.4852712
75 153 2.0 2.316017
75 349 2.0 1.7654064
75 588 3.0 3.343167
75 595 5.0 2.9556975
75 916 3.0 2.5435426
75 934 3.0 3.2902415
75 1285 3.0 3.634839
75 1307 3.0 3.1061838
75 1639 3.0 3.7431371
75 316 2.0 3.0003867
75 348 5.0 2.5025773
75 441 3.0 3.5649045
75 11 3.0 2.509057
75 282 3.0 3.6967325
75 454 2.0 2.7165213
75 539 1.0 3.3719552
75 1293 3.0 3.548199
75 1299 4.0 3.2965188
75 1411 4.0 3.632148
75 141 2.0 3.4579403
75 161 3.0 2.7043273
75 194 4.0 3.5649045
75 246 5.0 3.9686778
75 300 3.0 2.8606942
75 305 3.0 3.5649045
75 412 4.0 3.016799
75 661 3.0 2.5340745
75 919 3.0 3.7641628
75 256 3.0 3.5649045
75 922 4.0 3.5649045
75 1086 3.0 3.5649045
75 1339 3.0 2.0155048
75 337 5.0 3.1888502
75 232 4.0 3.4477425
75 1147 4.0 3.5462372
75 1189 5.0 3.5649045
75 1357 4.0 4.712121
75 720 5.0 2.7785714
75 994 4.0 3.5649045
75 1300 3.0 3.5649045
75 1466 3.0 3.5649045
75 363 4.0 3.5649045
75 334 5.0 3.5649045
75 728 3.0 3.757621
75 30 3.0 3.5649045
75 211 3.0 3.5649045
75 369 3.0 3.5649045
75 461 3.0 3.5649045
75 787 4.0 3.5649045
75 851 4.0 3.5649045
75 1177 3.0 3.5649045
76 260 4.5 3.8398676
76 1291 3.5 3.486056
76 58559 4.0 3.9402924
76 91529 4.0 3.2824159
76 111362 4.0 3.5649045
76 112852 5.0 3.5649045
76 110102 4.5 3.5649045
77 480 4.0 3.886684
77 541 3.0 4.518438
77 593 4.0 4.452349
77 1196 4.0 4.145154
77 1221 4.5 4.2218857
77 2858 5.0 4.163211
77 2396 4.5 4.5321617
77 3408 4.0 4.2730384
77 17 4.0 4.7693653
77 1247 5.0 4.636799
77 316 2.5 3.773553
77 1961 4.5 3.8401802
77 2959 4.5 4.2538333
77 1172 4.5 4.193689
77 25 4.5 3.4555554
77 6333 2.5 3.7247312
77 207 3.0 3.5649045
77 5995 4.0 3.5895536
77 3593 2.0 1.2571236
77 5876 4.0 3.5649045
77 6323 3.0 3.5649045
77 5816 3.5 3.5707502
77 2605 3.0 3.5649045
77 2442 4.0 3.5649045
77 2961 3.5 3.5649045
78 50 4.5 4.129269
78 7153 4.5 3.909583
78 5952 4.5 3.9546978
78 7147 4.5 3.7458248
78 51662 4.0 2.8971581
78 59725 2.0 3.5649045
78 8961 1.0 3.367546
78 58559 4.5 3.9882836
78 79139 3.5 3.5649045
78 293 3.5 3.2034538
78 3000 3.0 3.7596943
78 7256 5.0 3.5649045
78 7361 3.0 4.228734
78 5225 4.5 4.702381
78 4308 4.0 3.879641
78 46578 2.0 2.8974702
78 66097 3.5 3.7774267
78 8014 3.0 3.5649045
78 54995 3.5 3.5649045
78 1884 5.0 3.5649045
78 4873 5.0 3.5649045
78 8917 2.0 3.5649045
78 30707 1.5 3.7414215
78 68157 4.5 3.5998182
78 8607 5.0 3.5649045
78 26903 4.0 3.5649045
78 31685 2.5 3.5649045
78 37729 4.0 3.5
78 68073 3.0 3.5649045
78 68952 3.0 3.5649045
78 55442 5.0 3.5649045
78 64614 4.0 4.2
78 97304 4.5 3.5649045
78 1753 4.5 3.5649045
78 7099 4.5 3.5649045
78 3646 3.5 3.5649045
78 5477 4.0 3.5649045
78 6223 4.5 3.5649045
78 46723 3.5 3.5649045
78 55814 3.0 3.5649045
78 67087 4.5 3.5649045
78 71462 2.5 3.5649045
78 72741 3.5 3.5649045
78 73587 4.0 3.5649045
78 74677 4.0 3.5649045
78 76210 2.0 3.5649045
79 541 4.0 3.9840066
79 592 3.0 3.2197196
79 858 5.0 4.4546423
79 1215 4.0 3.8265917
79 1266 4.0 3.8298442
79 2194 3.0 3.5072012
79 2791 3.0 3.044642
79 2985 1.0 3.2196867
79 1101 3.0 2.8348336
79 1275 3.0 3.195119
79 2291 2.0 2.7609277
79 2396 4.0 4.0499687
79 1230 5.0 3.7915576
79 1247 4.0 3.79387
79 908 4.0 3.8193123
79 1172 5.0 3.90066
79 1302 2.0 3.406556
79 923 5.0 4.1897016
79 1641 3.0 3.8472936
79 2371 4.0 2.9647932
79 2105 3.0 3.2012205
79 2859 3.0 3.6855204
79 741 2.0 3.2548296
79 1222 3.0 3.9369173
79 2006 3.0 2.5203123
79 1962 4.0 3.1536636
79 2324 5.0 4.0014753
79 1883 3.0 3.5649045
79 2504 3.0 3.5649045
