1 457 4.0 3.562549
1 492 3.0 3.5711715
1 1214 3.0 3.5295966
1 1221 5.0 4.0632763
1 1227 3.0 3.9866867
1 1240 5.0 3.6382453
1 1252 4.0 3.8381038
1 1259 3.0 3.8823893
1 1396 4.0 3.8638182
1 1610 3.0 3.422858
1 1799 3.0 3.5711715
1 1805 3.0 2.9924452
1 1997 3.0 4.5117316
1 2009 5.0 3.0265481
1 2248 2.0 4.0907974
1 2288 3.0 3.8077762
1 2532 3.0 3.5711715
1 2553 3.0 3.1748888
1 2701 1.0 3.0086977
1 2716 5.0 3.1677372
1 2782 4.0 3.5711715
1 2917 3.0 3.425
1 2921 4.0 4.358333
1 2987 3.0 3.4308536
1 3032 3.0 3.5711715
1 3147 4.0 3.5602102
1 3168 3.0 3.5711715
1 3471 4.0 3.4467297
1 3576 3.0 1.4213203
1 3578 5.0 4.0662603
1 3701 3.0 3.5711715
1 3702 3.0 3.5711715
1 3763 4.0 3.5711715
1 4037 3.0 3.5711715
1 4043 3.0 3.5711715
1 4082 3.0 3.5711715
1 4121 3.0 3.5711715
1 4126 3.0 3.5711715
2 2028 4.0 3.888131
2 349 4.0 3.4700847
2 953 5.0 3.844082
2 1249 4.0 5.0
2 1894 3.0 3.5711715
2 2294 5.0 2.8481507
2 2396 4.0 4.8121533
2 2496 4.0 3.5711715
3 110 5.0 4.4870505
3 367 2.0 4.70489
3 45 3.0 3.5711715
3 265 4.0 4.4289093
3 339 5.0 5.0
3 417 4.0 3.5
3 440 4.0 4.0309834
3 898 4.0 5.0
3 901 5.0 3.5711715
3 915 5.0 3.5711715
3 920 5.0 4.4336853
3 934 5.0 4.2203064
3 1243 2.0 4.0208335
3 1441 4.0 3.5711715
3 1485 2.0 3.4105692
3 1487 5.0 3.5711715
3 1747 3.0 3.2771726
3 1947 5.0 4.184618
3 2014 4.0 3.5711715
3 2017 5.0 3.5711715
3 2054 3.0 2.7491183
3 2081 4.0 3.675264
3 2087 3.0 3.5711715
3 2102 3.0 3.5711715
4 780 4.0 3.339541
4 3408 4.0 4.285714
4 588 3.0 4.0221343
4 920 4.5 3.3029265
4 1285 4.0 3.6937816
4 316 3.5 2.9861577
4 908 4.0 3.7621381
4 1288 3.5 4.5447626
4 1499 2.0 2.1940842
4 2100 3.0 4.7375
4 2302 4.0 3.1522732
4 2709 4.5 3.5711715
4 3160 4.0 4.350709
4 3328 5.0 3.5711715
4 4014 4.5 4.4554167
4 4487 3.5 3.5711715
4 4973 5.0 4.549185
4 5014 4.0 3.5711715
4 5952 5.0 4.4526353
4 6565 4.0 4.450871
4 6942 4.0 3.9333334
4 7324 3.0 3.5711715
5 915 3.5 3.5711715
5 839 1.0 3.5711715
5 2775 4.5 3.5711715
5 4546 2.5 3.5711715
5 4902 5.0 3.5711715
5 8781 0.5 3.5711715
5 60069 4.0 3.546744
6 4306 3.5 3.8130448
6 59315 4.0 4.087934
6 73321 3.5 3.5711715
6 79132 4.5 3.7801173
6 80615 4.0 3.5711715
6 81564 3.5 3.5711715
6 88125 3.5 2.1770833
6 89480 2.5 3.5711715
6 89745 4.0 3.5711715
6 90249 3.0 3.5711715
6 92264 3.5 3.5711715
6 93242 3.5 3.5711715
6 95067 3.0 3.5711715
6 95449 4.0 3.5711715
6 98243 5.0 3.5711715
6 98400 3.5 3.5711715
6 102481 3.5 3.5711715
6 103141 4.0 3.5711715
6 104312 3.5 3.5711715
6 105653 3.0 3.5711715
6 105954 3.0 3.5711715
6 106002 3.5 3.5711715
6 106487 3.5 2.4504688
6 106696 4.5 3.5711715
6 108190 3.5 3.5711715
6 109673 3.5 3.5711715
6 109846 3.0 3.5711715
6 109864 2.5 3.5711715
6 111113 2.5 3.5711715
6 111759 3.5 3.5711715
6 112556 3.5 3.5711715
6 114935 2.0 3.5711715
6 118997 0.5 3.5711715
7 22 4.0 3.7131944
7 350 4.0 4.2582006
7 367 3.0 3.8903315
7 457 4.0 4.14836
7 349 3.0 3.7625148
7 48 3.0 2.9846988
7 236 4.0 4.0874853
7 261 4.0 4.729553
7 440 4.0 2.9732895
7 44 4.0 2.8600986
7 112 4.0 3.388806
7 126 3.0 3.5711715
7 172 4.0 4.153048
7 249 4.0 3.7903228
7 277 4.0 3.6847823
7 361 3.0 3.5711715
7 410 5.0 3.5711715
7 442 3.0 3.3991008
7 445 4.0 3.5711715
7 616 5.0 4.5197444
8 593 5.0 4.5601954
8 1089 1.0 4.508154
8 1573 5.0 3.9183993
8 1597 4.0 2.732694
8 1645 3.0 3.5526628
8 1876 3.0 4.266667
8 2000 4.0 4.1705246
8 2467 5.0 3.6259167
8 2529 4.0 4.123145
8 2571 5.0 4.459018
8 2916 2.0 4.705923
8 1721 4.0 3.3231678
8 2997 2.0 3.4280162
8 2959 2.0 5.0
8 2762 3.0 4.3407836
8 539 3.0 4.161299
8 40 4.0 3.5711715
8 1090 4.0 3.9929261
8 1131 3.0 3.5711715
8 1172 4.0 4.873378
8 1263 4.0 4.904762
8 1302 4.0 3.460621
8 1693 3.0 3.5711715
8 2002 4.0 3.5711715
8 2020 4.0 3.5711715
8 2021 4.0 3.7283316
8 2058 4.0 3.5711715
8 2797 4.0 3.1433098
8 2952 4.0 3.5711715
8 3198 4.0 3.5711715
8 3246 5.0 3.5711715
8 3723 4.0 3.5711715
9 110 5.0 4.270651
9 1097 4.0 3.2181349
9 500 3.0 3.5329866
9 3 3.0 2.4887514
9 316 3.0 3.329478
9 10 4.0 3.721287
9 237 4.0 3.5711715
9 329 4.0 3.4013808
9 355 3.0 3.5711715
9 357 5.0 3.9102864
9 381 4.0 3.3335621
9 485 3.0 3.2038715
9 540 3.0 3.5711715
9 587 5.0 3.092927
9 272 4.0 4.23018
9 25 4.0 4.8018255
9 144 4.0 3.5711715
9 161 4.0 3.4973469
9 193 2.0 3.5711715
9 299 4.0 3.5711715
9 300 5.0 4.5468006
9 305 3.0 3.5711715
9 376 4.0 3.5711715
9 412 3.0 4.025
9 524 4.0 3.5711715
9 1096 5.0 3.5711715
10 296 4.0 4.2731204
10 592 4.0 3.0650768
10 593 3.5 4.050092
10 1198 4.0 4.0850477
10 1252 4.0 3.874697
10 1283 4.0 3.394646
10 1376 2.0 2.3423917
10 1500 5.0 3.8765175
10 1732 5.0 3.5411851
10 2194 3.5 3.477456
10 2804 4.0 4.0376244
10 3386 4.0 3.542787
10 4086 2.0 3.5711715
10 1653 4.0 3.7414665
10 3996 4.0 4.159856
10 7153 4.0 4.593429
10 45 4.5 3.5711715
10 1243 4.5 4.6657276
10 1297 4.5 3.4973361
10 1639 5.0 3.497244
10 2997 3.5 3.2444932
10 1 4.0 4.238684
10 47 3.5 4.1620665
10 370 3.0 2.6825497
10 454 3.5 2.7958937
10 2278 4.0 3.4045415
10 551 4.5 3.6031787
10 1103 4.0 3.7095337
10 1203 4.0 3.9509664
10 1204 4.0 3.9936025
10 1223 3.5 3.6785715
10 1885 3.5 2.992871
10 2108 5.0 3.5711715
10 2160 3.5 4.2288322
10 2300 2.5 3.5711715
10 2871 3.5 3.5711715
10 3108 3.5 4.5
10 3448 2.5 3.5711715
10 3608 3.5 3.5711715
10 4979 4.5 3.589497
10 5292 3.5 3.5711715
10 5418 4.0 4.106477
10 5445 4.0 3.646315
10 5617 4.0 4.0633864
10 6539 3.5 4.166554
10 6870 4.0 3.4943812
10 6953 4.0 3.5711715
10 8364 3.5 3.5711715
10 8464 4.0 3.5711715
10 8665 3.5 4.4724956
11 1208 5.0 4.248106
11 1101 3.0 3.0
11 3 2.5 3.5711715
11 4993 5.0 4.6431437
11 368 2.5 2.9
12 1242 2.0 3.5711715
12 5364 2.0 3.5711715
12 5349 3.0 4.3148923
12 5418 4.0 3.5711715
12 5225 4.0 5.0
12 5377 4.0 3.5711715
12 5450 2.0 3.5711715
12 5502 3.0 3.5711715
12 5890 3.0 3.5711715
12 5893 4.0 3.5711715
13 318 4.0 4.698325
13 1073 3.5 4.282037
13 2 4.0 3.805381
13 7153 4.5 4.9695253
13 1028 3.0 4.6562176
13 2052 3.5 3.5711715
13 2080 3.5 3.895462
13 596 4.0 3.5711715
13 51662 4.0 4.2317696
13 1 4.5 4.549603
13 319 3.5 4.242434
13 344 3.5 3.8096144
13 586 4.0 3.1998222
13 1517 4.0 3.5711715
13 3396 3.5 3.9720771
13 5945 2.5 3.4859376
13 8874 4.5 3.9891183
13 32587 5.0 4.4915233
13 313 3.5 3.5711715
13 912 5.0 4.7836804
13 1806 3.5 3.5711715
13 2078 4.0 3.7190528
13 2082 3.5 3.5711715
13 2139 3.5 3.5711715
13 2141 3.5 3.4066994
13 2354 3.5 3.5711715
13 2424 3.5 3.5711715
13 3114 4.0 4.4634514
13 5810 4.0 3.5711715
13 7164 3.5 3.5711715
13 8977 2.0 3.5711715
13 31429 3.0 3.5711715
13 32770 4.0 3.5711715
13 39183 4.0 5.0
13 43560 3.5 3.5711715
13 44555 5.0 3.5711715
13 50802 3.5 3.5711715
13 54997 3.5 3.5711715
13 55052 4.5 3.5711715
13 55250 3.0 3.5711715
13 56152 3.5 3.5711715
13 59501 4.0 3.5711715
13 59784 3.0 3.5711715
13 60141 3.5 3.5711715
13 62999 3.5 3.5711715
13 63131 4.0 3.5711715
13 66304 3.5 3.5711715
13 66934 5.0 3.5711715
13 67267 3.5 3.5711715
13 67734 4.0 4.2850766
13 72226 3.0 4.818768
13 77264 4.0 3.5711715
14 296 4.0 4.3586354
14 457 4.0 3.8821166
14 480 5.0 3.7117379
14 527 5.0 4.5118694
14 364 4.0 4.019302
14 500 3.0 3.5546632
14 597 3.0 2.95477
14 150 4.0 3.7852628
14 329 4.0 3.099371
14 434 2.0 3.403829
14 509 5.0 5.0
14 539 4.0 3.6356866
14 161 4.0 2.627113
14 222 5.0 3.5711715
14 26 4.0 3.9308584
14 31 3.0 2.8994253
14 515 5.0 3.5711715
15 260 4.0 4.0939436
15 457 5.0 3.5288904
15 924 3.0 4.332207
15 1199 5.0 4.181446
15 1200 5.0 3.8988152
15 1240 3.0 3.8170862
15 1242 3.0 4.019604
15 1291 3.0 3.5340004
15 1304 2.0 3.9656808
15 1994 4.0 4.091911
15 2664 5.0 3.142963
15 953 5.0 3.4089785
15 928 5.0 3.9740727
15 908 4.0 4.0398216
15 1288 5.0 4.355097
15 247 2.0 4.632184
15 253 3.0 3.9554486
15 911 4.0 2.6411211
15 922 5.0 4.557188
15 942 4.0 3.5711715
15 943 2.0 3.5711715
15 957 5.0 3.5711715
15 969 4.0 3.83379
15 1178 4.0 3.5711715
15 1340 5.0 3.5711715
15 1344 4.0 3.5711715
15 1941 5.0 3.5711715
15 1942 5.0 3.5711715
15 2105 5.0 3.8857856
15 2182 3.0 3.5711715
15 2454 5.0 3.5711715
15 2488 4.0 3.5711715
15 2531 2.0 3.5711715
15 2646 4.0 3.5711715
15 2649 5.0 3.5711715
15 2654 4.0 3.5711715
15 2747 3.0 3.5711715
15 2856 4.0 3.5711715
15 2939 3.0 3.5711715
15 3095 3.0 3.5711715
15 3334 3.0 3.5711715
15 3340 2.0 3.5711715
16 608 4.0 5.0
16 736 3.0 3.11347
16 7 4.0 3.5711715
16 17 3.0 3.5711715
16 95 3.0 3.5711715
16 1047 3.0 3.5711715
16 1444 1.0 3.5711715
17 830 0.5 3.5711715
17 2020 2.5 3.5711715
17 1188 3.5 3.5711715
17 2359 1.0 3.5711715
17 306 3.0 3.5711715
17 1027 0.5 3.5711715
18 260 5.0 4.673038
18 593 5.0 4.909165
18 1089 5.0 4.93573
18 1196 5.0 4.7587137
18 908 5.0 4.5823073
18 3949 5.0 3.9565449
18 4226 5.0 4.75375
18 5878 4.5 5.0
18 36529 5.0 3.5711715
18 39292 4.5 3.5711715
19 50 4.5 4.8473306
19 3578 4.0 4.295637
19 3996 4.0 4.5922318
19 47 4.5 4.373187
19 151 4.0 4.035856
19 5902 4.0 3.5711715
19 3081 3.5 4.3283834
19 3948 3.5 3.4035192
19 44761 3.0 3.5711715
19 45728 5.0 3.5711715
20 1374 3.0 4.1052623
20 2858 3.0 4.1550093
20 6874 2.5 4.914689
20 6377 5.0 4.4968576
20 30749 5.0 3.5711715
21 6 4.0 4.046522
21 1356 3.0 3.4847345
21 647 4.0 4.45
21 832 5.0 4.551724
21 1047 3.0 3.5711715
21 802 4.0 3.945962
22 780 4.0 2.5363452
22 261 3.5 1.8676941
22 1 4.0 3.1944282
22 2699 2.5 0.7413103
22 19 4.5 0.85
22 724 3.0 1.1143315
22 2505 5.0 3.5711715
22 53318 5.0 3.5711715
22 57274 2.5 3.5711715
22 68650 1.0 3.5711715
23 1321 5.0 4.313861
23 1617 3.0 4.7171216
23 2571 4.0 4.7864265
23 153 2.0 3.3929472
23 1249 4.0 4.9941163
23 1377 2.0 3.291429
23 2719 3.0 4.0112953
23 380 5.0 3.9432938
23 485 4.0 2.9968135
23 2628 4.0 3.2452664
23 3418 3.0 3.1020539
23 3751 5.0 4.6410494
23 1690 4.0 4.792488
23 327 4.0 1.7710792
23 2710 5.0 3.205
23 1586 3.0 3.5711715
23 1717 3.0 3.0870929
23 2616 2.0 3.5711715
23 2717 3.0 3.4747083
23 2986 3.0 3.246875
24 10 4.0 3.745169
24 344 3.0 3.004586
24 1183 5.0 5.0
24 246 5.0 4.860159
24 1673 4.0 3.5711715
24 288 3.0 2.279321
24 991 4.0 4.316092
24 1051 4.0 3.5711715
24 1399 4.0 3.5711715
25 3408 5.0 3.5711715
25 2762 5.0 4.31067
25 1193 5.0 4.3772454
25 2676 4.0 3.5711715
25 1093 1.0 3.5711715
25 2013 4.0 3.5711715
25 2688 5.0 3.5711715
25 2714 4.0 3.5711715
25 2739 4.0 4.75
25 2881 5.0 3.5711715
26 21 4.0 3.7851326
26 344 3.0 3.2585783
26 454 4.0 3.6238084
26 587 3.0 3.3310986
27 34 3.0 4.7115173
27 48385 4.5 4.420665
27 58559 5.0 4.3461537
27 27706 4.0 4.107143
27 1010 3.0 3.5711715
27 3868 3.0 3.5711715
27 4351 3.5 3.5711715
27 6264 2.5 3.5711715
27 54995 4.5 3.5711715
27 57368 3.0 3.5711715
27 63082 5.0 4.0372734
27 64285 4.0 3.5711715
28 1376 2.0 1.4966428
28 1289 5.0 3.919643
28 2770 3.0 3.5711715
28 2065 1.0 3.5711715
28 2335 4.0 2.0756521
29 924 5.0 4.450941
29 3699 4.0 3.5711715
29 2424 5.0 3.5711715
29 2023 4.0 3.95
29 1235 4.0 3.8657553
29 1273 5.0 5.0
30 296 5.0 4.983346
30 303 4.0 4.1190476
30 350 2.0 4.0234203
30 432 4.0 2.8561885
30 590 5.0 4.0653677
30 2 3.0 3.913561
30 364 4.0 4.329451
30 266 5.0 4.333491
30 440 5.0 3.3983357
30 413 3.0 3.5711715
30 357 4.0 3.8932524
30 410 4.0 3.5711715
30 516 3.0 2.5447516
30 455 1.0 3.5711715
30 19 4.0 3.3424995
30 288 1.0 3.308956
30 225 4.0 3.5711715
30 555 4.0 3.5711715
31 50 2.0 4.2608395
31 260 3.0 3.4890423
31 457 3.0 3.2162526
31 480 2.0 3.1238103
31 541 5.0 3.523139
31 553 2.0 3.020868
31 589 3.0 3.4318447
31 913 5.0 3.44206
31 1073 4.0 2.8457909
31 1127 2.0 2.5630264
31 1200 4.0 3.091505
31 1201 5.0 3.6208863
31 1208 5.0 4.312735
31 1215 4.0 3.6237936
31 1219 4.0 4.18263
31 1252 5.0 3.6256092
31 1276 5.0 3.854048
31 1321 4.0 3.8691401
31 1333 4.5 4.3637013
31 1358 4.0 3.4770677
31 1372 2.0 3.2195683
31 1387 4.0 3.0506139
31 1407 0.5 2.7348256
31 1610 3.0 2.8096035
31 1627 1.5 3.5711715
31 1965 5.0 3.2065563
31 1982 5.0 3.5711715
31 1997 5.0 3.961896
31 2401 2.0 4.4666667
31 2478 0.5 2.0861816
31 2571 3.5 3.8536832
31 2701 0.5 1.3989323
31 2944 5.0 4.119602
31 3362 3.0 3.6810246
31 3476 2.0 3.0177746
31 3702 3.5 3.5711715
31 3839 4.0 3.5711715
31 1101 1.0 2.843257
31 1275 0.5 3.340501
31 1653 3.0 3.3034863
31 2053 0.5 3.5711715
31 2115 2.0 3.5829701
31 5 0.5 2.4102397
31 377 4.0 2.584171
31 1307 0.5 3.354133
31 163 3.0 2.7258947
31 180 0.5 3.5711715
31 3328 5.0 3.5711715
31 3481 3.5 3.381379
31 4014 0.5 1.9954166
31 6283 3.0 1.2266667
31 11 0.5 3.2667065
31 95 2.0 2.0799222
31 344 0.5 2.413914
31 374 0.5 3.5711715
31 410 4.0 3.5711715
31 464 3.0 3.5711715
31 466 3.0 1.558818
31 520 3.0 2.0593932
31 733 4.5 3.0399685
31 1459 3.0 3.5711715
31 2952 5.0 3.5711715
31 52 1.0 1.6308217
31 140 0.5 3.5711715
31 446 0.5 4.5833335
31 455 0.5 3.5711715
31 1084 4.5 4.227804
31 1060 3.0 3.1458404
31 1080 5.0 3.0911567
31 1224 4.0 3.609294
31 1921 4.0 3.8406868
31 1945 0.5 3.58492
31 2300 4.5 3.5711715
31 2700 4.0 1.9743829
31 3267 3.0 3.5711715
31 3361 5.0 3.5711715
31 3751 3.0 3.2614555
31 4009 3.5 3.5711715
31 4011 3.0 3.8637176
31 5013 3.0 3.5711715
31 5445 2.0 3.0402367
31 5673 4.5 3.5711715
31 6003 4.5 3.5711715
31 6104 4.0 3.5711715
31 7438 5.0 3.420369
31 8636 3.0 3.2935383
31 5506 3.0 3.5711715
31 313 0.5 3.5711715
31 435 0.5 1.5112283
31 2082 0.5 1.8353806
31 2141 3.0 2.9987793
31 2142 0.5 3.0654762
31 253 3.0 2.255181
31 1690 2.0 3.7407415
31 1941 2.0 3.5711715
31 2105 3.0 3.00013
31 2208 4.5 3.5711715
31 2398 0.5 4.535714
31 2428 2.5 1.9626268
31 832 2.0 2.5
31 1831 0.5 2.835612
31 111 4.5 3.1571965
31 784 4.5 0.5
31 33794 2.0 3.096502
31 44199 5.0 3.7758095
31 3016 4.5 2.4038463
31 1292 1.5 3.5711715
31 2072 3.0 3.5711715
31 2439 4.0 3.5711715
31 3712 0.5 3.5711715
31 18 3.0 3.5711715
31 42 3.5 3.5711715
31 232 3.0 3.8917203
31 332 4.0 3.5711715
31 407 5.0 3.5711715
31 426 3.0 3.5711715
31 507 3.0 3.5711715
31 659 0.5 3.0384614
31 714 4.5 3.5711715
31 950 3.0 3.2255507
31 1007 0.5 3.5711715
31 1011 0.5 3.5711715
31 1012 3.0 3.5711715
31 1207 0.5 4.273395
31 1218 4.0 3.5711715
31 1233 5.0 3.8298266
31 1237 3.5 3.5711715
31 1245 5.0 3.5711715
31 1301 3.5 4.8
31 1649 4.0 3.5711715
31 1785 5.0 3.5711715
31 1834 4.0 3.5711715
31 1920 0.5 3.5711715
31 1946 3.0 3.5711715
31 2031 0.5 3.5711715
31 2033 0.5 1.7818221
31 2050 0.5 3.5711715
31 2061 3.0 3.5711715
31 2077 2.0 3.5711715
31 2119 2.0 3.5711715
31 2143 0.5 3.5711715
31 2275 3.0 3.5711715
31 2308 3.5 3.5711715
31 2348 5.0 3.5711715
31 2385 4.0 3.5711715
31 2402 0.5 3.5711715
31 2431 0.5 3.5711715
31 2458 1.0 3.5711715
31 2513 1.0 1.8450282
31 2517 3.0 3.5711715
31 2560 4.5 3.5711715
31 2726 5.0 3.5711715
31 2729 3.5 3.5711715
31 2732 0.5 3.5711715
31 2905 4.0 3.5711715
31 2936 3.0 3.5711715
31 2991 2.0 3.5711715
31 3006 4.0 3.5711715
31 3013 2.5 3.5711715
31 3093 4.5 3.5711715
31 3247 0.5 1.865625
31 3248 0.5 3.5711715
31 3292 4.0 3.5711715
31 3300 3.0 3.5711715
31 3355 1.0 3.5711715
31 3397 3.0 3.5711715
31 3427 4.0 3.5711715
31 3435 5.0 3.5711715
31 3479 3.0 3.5711715
31 3519 1.0 3.5711715
31 3536 0.5 3.5711715
31 3693 0.5 3.5711715
31 3697 2.5 3.5711715
31 3698 1.0 2.8492742
31 3753 0.5 3.5711715
31 3760 3.0 3.5711715
31 3871 0.5 3.5711715
31 3892 3.0 3.5711715
31 3896 5.0 3.5711715
31 4007 4.0 0.5
31 4025 0.5 3.5711715
31 4029 3.0 3.5711715
31 4144 5.0 3.5711715
31 4146 4.0 3.5711715
31 4155 0.5 3.5711715
31 4161 1.0 3.5711715
31 4298 5.0 3.5711715
31 4299 4.0 3.5711715
31 4370 3.0 2.2539887
31 4387 2.0 3.5711715
31 4437 3.0 3.5711715
31 4515 0.5 3.5711715
31 4624 0.5 3.5711715
31 4640 5.0 3.5711715
31 4645 4.5 3.5711715
31 4654 3.0 3.5711715
31 4710 4.0 3.5711715
31 4725 1.0 3.5711715
31 4751 2.0 3.5711715
31 4956 3.0 3.5711715
31 5021 3.0 3.5711715
31 5137 3.0 3.5711715
31 5146 4.0 3.5711715
31 5388 1.0 3.5711715
31 5420 0.5 3.5711715
31 5663 4.0 3.5711715
31 5692 2.5 3.5711715
31 5712 2.0 3.5711715
31 5780 4.5 3.5711715
31 5944 0.5 3.5711715
31 6021 3.0 3.5711715
31 6162 4.0 3.5711715
31 6196 2.0 3.5711715
31 6440 5.0 3.5711715
31 6567 4.0 3.5711715
31 6585 4.0 3.5711715
31 6620 3.5 3.5711715
31 6630 0.5 3.5711715
31 6731 5.0 3.5711715
31 6764 2.5 3.5711715
31 6808 4.5 3.5711715
31 6817 5.0 3.5711715
31 7032 4.5 3.5711715
31 7056 4.5 3.5711715
31 7226 4.5 3.5711715
31 7348 5.0 3.5711715
31 7410 5.0 3.5711715
31 7419 5.0 3.5711715
31 7460 5.0 3.5711715
31 7587 4.5 3.5711715
31 7895 5.0 3.5711715
31 7897 4.5 3.5711715
31 8012 5.0 3.5711715
31 8042 5.0 3.5711715
31 8095 4.0 3.5711715
31 8370 4.5 3.5711715
31 8512 3.0 3.5711715
31 8528 3.5 3.5711715
31 8618 3.5 3.5711715
31 8846 3.5 3.5711715
31 8865 3.5 3.5711715
31 8910 4.5 3.1340277
31 8914 5.0 3.174626
31 8947 4.0 3.5711715
31 26603 3.0 3.5711715
31 33679 4.0 3.5711715
31 33834 5.0 3.5711715
31 34319 5.0 3.5711715
31 34323 3.0 3.5711715
31 41569 4.0 3.5711715
31 47044 5.0 3.5711715
31 47830 1.5 3.5711715
31 52462 5.0 3.5711715
32 1196 5.0 3.8932817
32 1372 4.0 3.4014542
32 1374 3.5 3.9807136
32 2001 3.5 3.745025
32 4085 4.0 2.2973647
32 1721 3.5 3.1145852
32 1923 3.0 4.13218
32 7153 5.0 4.523572
32 588 3.0 4.0370355
32 596 2.5 3.5711715
32 4008 2.5 2.8011363
32 6863 4.0 4.1220446
32 1393 3.5 2.1672916
32 1957 4.5 4.21838
32 3448 4.0 3.5711715
32 420 3.5 3.5711715
32 1562 4.0 3.5711715
32 2671 3.5 3.247964
32 4019 4.0 4.2070394
32 7254 0.5 3.5898595
33 520 3.5 3.5711715
33 1552 2.5 3.835648
33 253 3.0 3.8095238
33 35957 2.5 3.5711715
33 38038 0.5 3.5711715
33 39435 4.0 3.5711715
34 432 3.0 1.620272
34 590 4.0 3.4214878
34 592 3.0 2.9536142
34 349 4.0 3.2708597
34 165 4.0 2.9755511
34 186 3.0 4.2916665
34 317 3.0 3.5711715
34 442 3.0 3.0061646
34 454 3.0 3.3701062
35 1240 4.5 3.3410866
35 316 3.5 2.8598375
35 1148 4.5 4.6314287
35 145 4.0 2.9134476
35 3948 3.5 2.8024998
36 590 4.0 2.8908947
36 593 4.5 3.4544094
36 1291 3.0 2.8344374
36 1387 2.0 2.485099
36 1610 2.5 2.7505589
36 2268 4.0 2.5225267
36 105 3.0 1.25
36 5299 2.0 2.5665407
36 1380 3.5 2.2623394
36 1961 3.5 2.9352953
36 4014 3.5 3.3554168
36 8961 3.0 2.9755278
36 1 2.5 3.7418451
36 1393 3.0 1.7664182
36 1682 2.5 2.9834998
36 3751 3.0 2.9202094
36 5669 3.5 2.5544112
36 7438 3.5 3.2578402
36 8464 2.0 3.5711715
36 3114 2.5 3.4760509
36 1544 2.0 2.2155113
36 1371 1.0 0.55172414
36 1779 1.0 2.3827918
36 2953 0.5 0.9464593
36 3499 4.0 3.1158218
36 4019 3.5 3.111352
36 8798 3.0 2.8564904
36 4225 2.0 3.5711715
36 4328 2.0 3.5711715
36 7160 3.5 3.5711715
36 8784 2.5 3.5711715
36 8970 3.5 3.5711715
37 110 5.0 3.9629288
37 457 3.5 4.0217237
37 480 4.0 3.643954
37 648 4.0 3.9199
37 858 4.0 4.4992795
37 1265 4.5 3.708745
37 1610 4.5 3.5875647
37 3793 3.5 3.4138217
37 2617 2.5 3.3965917
37 1380 3.0 3.4894636
37 2054 2.0 2.259131
37 4973 3.5 4.6984887
37 5446 2.0 3.5711715
37 1 5.0 4.3313556
37 586 3.5 2.9279773
37 2949 3.0 3.7935865
37 8874 4.0 3.9074755
37 104 3.5 3.7997575
37 1193 4.0 4.0222974
37 4896 3.5 3.1644442
37 69122 5.0 3.835403
37 4878 2.0 3.9213336
37 44191 5.0 4.2667174
37 2706 4.0 3.9959865
37 33166 4.5 3.8515887
37 2301 4.0 3.8487277
37 4980 3.5 3.5711715
37 33493 2.5 3.2815576
37 49272 4.5 2.4996548
37 7143 4.0 4.183135
37 2470 3.5 4.6774964
37 4994 3.0 3.5711715
37 6934 3.5 3.5711715
37 34162 4.5 3.5711715
37 55820 2.5 3.5711715
37 68358 5.0 4.11875
38 1196 4.5 4.3773556
38 1199 4.0 4.3254213
38 1261 4.0 4.25817
38 60684 4.5 2.687379
38 3108 4.0 3.5711715
38 7361 5.0 4.707026
38 8636 4.0 4.352368
38 4878 4.0 4.218665
38 3107 3.0 2.25
38 54995 5.0 3.5711715
38 2490 3.0 4.384489
38 51709 4.5 3.5711715
38 62956 4.5 3.5711715
38 70286 4.5 3.5711715
39 1201 4.0 3.262124
39 1221 0.5 3.7475064
39 1262 3.5 3.7243412
39 2571 4.5 3.5367725
39 2791 1.0 2.6976979
39 2858 3.0 3.0456398
39 2985 3.0 3.132875
39 3702 4.5 3.5711715
39 7153 0.5 3.6579566
39 2997 3.0 2.5961368
39 2959 4.0 3.9851704
39 58559 2.5 3.3637812
39 89745 0.5 3.5711715
39 91529 1.5 3.5711715
39 106696 0.5 3.5711715
39 1 5.0 3.4531102
39 4011 3.0 3.0732186
39 8949 3.5 1.8276724
39 3114 4.0 3.6623032
39 44191 4.5 3.3435192
39 6934 0.5 3.5711715
39 5971 4.0 3.5711715
39 26614 3.0 3.5711715
39 90469 0.5 3.5711715
40 1261 2.0 3.6809108
40 1356 4.0 2.9578114
40 1876 3.0 3.4461539
40 3793 4.0 3.2159297
40 48 4.0 2.3852487
40 1031 3.5 3.5711715
40 1032 4.0 3.6668277
40 2683 3.0 3.7621984
40 4306 2.0 3.997245
40 7293 2.0 3.2431197
40 2719 4.0 3.05727
40 45499 3.0 3.5711715
40 79132 4.5 5.0
40 82461 3.5 3.5711715
40 89745 4.0 3.5711715
40 106782 4.0 4.0517015
40 109673 2.5 3.5711715
40 112175 4.0 3.5711715
40 112623 4.0 3.5711715
40 150 3.5 3.8927317
40 158 3.0 3.3366494
40 2918 4.5 3.9567945
40 5902 3.5 3.5711715
40 5989 3.5 3.8560646
40 6333 4.0 3.6219606
40 6539 4.0 4.117182
40 6874 1.0 4.3434134
40 7438 1.0 3.9119291
40 32587 4.0 4.2329397
40 919 4.0 4.026095
40 1917 3.0 2.9716623
40 1967 4.5 3.6596053
40 4963 3.0 4.197939
40 6377 4.0 4.149383
40 30793 5.0 2.6980174
40 35836 3.5 4.433482
40 44195 4.0 2.1346154
40 57532 0.5 3.5711715
40 68269 4.0 3.5711715
40 76093 4.0 4.013377
40 671 2.5 3.3333333
40 2528 4.0 4.119658
40 5995 4.5 3.5393543
40 45728 4.0 3.5711715
40 2710 4.0 2.6316392
40 1544 2.5 2.8314602
40 4754 2.5 2.9745193
40 709 3.0 2.695909
40 741 2.5 3.2615101
40 1676 3.5 3.3029916
40 2720 2.5 1.9641645
40 4728 3.0 3.5711715
40 4816 3.5 3.4489787
40 4980 3.0 3.5711715
40 6709 3.5 3.5711715
40 33679 3.0 3.5711715
40 49272 2.0 2.1770964
40 8970 4.0 3.5711715
40 30812 5.0 2.9955065
40 6934 2.0 3.5711715
40 34162 3.0 3.5711715
40 53464 3.0 3.5711715
40 68358 5.0 3.9516368
40 5903 2.5 3.5711715
40 68237 4.0 3.691457
40 90469 3.5 3.5711715
40 2193 3.5 3.5192983
40 2541 3.0 2.9038463
40 3615 3.0 3.5711715
40 3624 3.5 3.5711715
40 4446 4.0 3.9401042
40 4792 3.0 3.5711715
40 4890 2.0 3.5711715
40 5072 5.0 3.5711715
40 6952 3.0 3.5711715
40 7458 3.5 3.5711715
40 7649 4.0 3.5711715
40 8782 3.0 3.5711715
40 47629 3.0 3.5711715
40 52722 3.0 3.5711715
40 53519 4.0 3.5711715
40 56145 4.0 3.5711715
40 56921 4.5 3.5711715
40 60074 4.0 3.5711715
40 61240 3.5 3.5711715
40 62912 1.0 3.5711715
40 63072 2.5 3.5711715
40 64497 3.5 3.5711715
40 65261 5.0 3.5711715
40 71464 4.0 3.5711715
40 74754 5.0 3.5711715
40 74789 4.0 2.9166667
40 74916 4.5 3.5711715
40 77780 4.5 3.5711715
40 77800 4.0 3.5711715
40 79251 2.5 3.5711715
40 80463 3.5 3.5711715
40 81591 3.5 4.25
40 81910 3.5 3.5711715
40 87232 3.5 3.5711715
40 93475 3.0 3.5711715
40 94959 3.5 3.5711715
40 101864 4.0 3.5711715
40 103249 4.5 3.5711715
40 106642 4.0 3.5711715
40 106920 5.0 3.5711715
40 108932 4.0 3.5711715
41 527 5.0 5.0
41 1721 4.0 3.3932946
41 2081 5.0 4.0550194
41 2087 4.0 3.5711715
41 1088 4.0 3.4256945
41 2657 4.0 3.243495
41 2746 5.0 3.5711715
42 500 3.0 3.02911
42 236 3.0 3.6755798
42 266 3.0 4.051015
42 186 3.0 3.2880952
42 317 3.0 3.5711715
42 454 3.0 3.4305758
43 590 3.0 3.6513486
43 316 3.0 3.2347374
43 434 3.0 3.6051717
43 194 4.0 3.5711715
43 175 2.0 3.5711715
43 532 3.0 3.5711715
44 318 4.5 4.650061
44 590 4.0 3.8292725
44 1097 5.0 3.7469943
44 1196 4.0 4.1917005
44 1240 4.0 3.907563
44 1258 4.5 4.1699786
44 1374 3.0 3.7768939
44 1997 3.0 4.668382
44 2947 4.0 3.7763715
44 3527 3.5 4.102714
44 552 3.5 2.9334254
44 2115 4.5 4.1235657
44 7153 4.5 4.9235644
44 3481 3.5 4.394554
44 7147 5.0 4.043107
44 89745 4.5 3.5711715
44 102125 3.5 4.5833335
44 103042 4.5 4.3333335
44 103253 3.5 3.5711715
44 105504 4.5 3.5711715
44 380 4.0 3.641722
44 520 3.5 4.4586625
44 1263 4.0 5.0
44 2797 3.5 3.413592
44 1079 3.5 3.965136
44 1704 4.0 4.435277
44 3448 3.0 3.5711715
44 3751 4.5 4.294741
44 4011 4.0 4.5405283
44 4979 4.0 4.063863
44 5418 3.0 4.3464723
44 63859 3.5 3.5711715
44 4878 5.0 4.291048
44 55118 5.0 4.3438697
44 68358 4.5 3.6805556
44 37729 4.0 4.535182
44 76251 5.0 4.3313494
44 81845 4.5 3.5711715
44 81847 4.0 3.5711715
44 47610 4.0 3.5711715
44 59369 3.5 3.5711715
44 64614 4.0 3.5711715
44 73017 4.0 3.5711715
44 91535 2.5 3.5711715
44 97304 3.5 3.5711715
45 32 4.0 4.0583396
45 541 5.0 4.180417
45 780 3.0 3.8754718
45 1208 5.0 4.4522185
45 1252 5.0 4.137047
45 1266 4.0 4.6169214
45 1270 3.0 3.793175
45 1291 4.0 3.9363172
45 1356 4.0 3.1940744
45 1527 3.0 4.105656
45 1580 3.0 4.331334
45 1909 3.0 4.2286105
45 2000 4.0 4.3212852
45 2003 2.0 4.116433
45 2011 2.0 4.02594
45 2529 4.0 4.2858777
45 2571 3.0 4.5923944
45 2804 5.0 4.4416046
45 2985 3.0 4.035182
45 364 5.0 4.1675253
45 1375 2.0 2.8703463
45 1923 3.0 4.3240857
45 2294 4.0 3.1048496
45 3996 5.0 4.6023226
45 17 4.0 4.466107
45 356 4.0 4.29412
45 588 4.0 4.1806426
45 1035 5.0 3.5577343
45 2080 4.0 3.934892
45 2096 4.0 4.1418986
45 1246 5.0 3.912821
45 2683 4.0 3.9547546
45 2709 4.0 3.5711715
45 3481 5.0 4.790506
45 4014 4.0 3.8333333
45 2959 4.0 4.861834
45 47 4.0 4.449211
45 357 4.0 3.913019
45 475 4.0 3.5711715
45 586 4.0 2.8103979
45 616 5.0 4.073721
45 1090 5.0 3.764101
45 1263 5.0 4.625
45 1299 4.0 4.510023
45 1302 3.0 2.9014685
45 3072 4.0 3.223197
45 3418 4.0 3.1903574
45 235 4.0 3.2099888
45 314 3.0 3.0393155
45 778 4.0 4.405744
45 2371 3.0 4.075
45 2699 4.0 3.4936154
45 3108 5.0 5.0
45 3267 5.0 3.5711715
45 1033 3.0 3.4919446
45 2761 4.0 3.296181
45 247 4.0 2.6321838
45 904 5.0 4.1919947
45 2105 4.0 3.6461408
45 1590 2.0 3.69577
45 800 3.0 3.5711715
45 1041 4.0 3.5711715
45 519 2.0 1.0972222
45 1371 3.0 2.775862
45 537 1.0 3.5711715
45 29 4.0 4.5830135
45 162 4.0 3.5711715
45 709 3.0 3.326519
45 1233 5.0 4.8183403
45 1603 3.0 3.7164757
45 1912 4.0 3.5711715
45 2394 4.0 2.8661897
45 2420 2.0 2.9593585
45 2926 1.0 3.5711715
45 3727 5.0 5.0
45 3893 4.0 3.5711715
45 4103 5.0 5.0
45 2137 3.0 3.3893383
45 218 3.0 3.5711715
45 866 1.0 3.5711715
45 1185 4.0 3.5711715
45 1277 2.0 5.0
45 1295 4.0 3.5711715
45 2114 4.0 3.5711715
45 2122 3.0 3.5711715
45 2414 2.0 3.5711715
45 2421 2.0 3.5711715
45 2437 4.0 3.5711715
45 2574 2.0 3.5711715
45 2677 4.0 3.5711715
45 2872 4.0 3.5711715
45 3163 5.0 3.5711715
45 3863 5.0 3.0555556
46 1215 4.0 4.788808
46 1407 4.0 3.606291
46 3408 4.0 5.0
46 3317 4.0 4.331591
46 1339 4.0 3.3082075
46 70 2.0 4.54421
46 2560 4.0 3.5711715
46 3510 4.0 3.5711715
46 3185 4.0 3.5711715
46 742 3.0 3.5711715
46 2120 3.0 3.5711715
46 3785 4.0 3.886909
47 318 4.0 4.414105
47 457 4.0 3.6549854
47 480 4.0 3.49216
47 590 3.0 3.4588761
47 153 3.0 3.0300612
47 339 3.0 3.6801393
47 356 4.0 3.5129862
47 380 4.0 3.342587
47 454 3.0 3.1245284
48 260 5.0 4.159862
48 457 5.0 4.287849
48 480 5.0 4.4330587
48 648 5.0 4.3993845
48 1097 3.0 3.8161893
48 1136 5.0 4.0492554
48 1291 4.0 4.13897
48 1356 4.0 3.6927931
48 1387 5.0 3.7175467
48 1527 5.0 4.158336
48 1573 4.0 4.475674
48 1580 5.0 4.563347
48 1597 4.0 2.0639098
48 2716 5.0 3.9390037
48 2791 5.0 4.2251453
48 2985 4.0 4.359394
48 3827 3.0 3.5711715
48 153 4.0 4.2087736
48 500 4.0 4.312265
48 1377 4.0 3.6127548
48 2053 4.0 3.5711715
48 2115 4.0 4.6477876
48 1282 3.0 4.305038
48 1307 3.0 4.2639227
48 2017 3.0 3.5711715
48 2087 3.0 3.5711715
48 316 4.0 3.9419806
48 596 3.0 3.5711715
48 2709 4.0 3.5711715
48 4621 3.0 3.5711715
48 158 4.0 3.6357462
48 160 4.0 5.0
48 231 5.0 3.9249616
48 442 5.0 3.683819
48 1722 5.0 4.276468
48 2797 3.0 3.6265688
48 2700 5.0 3.4212134
48 3253 4.0 4.3993907
48 3751 3.0 4.558352
48 19 5.0 2.1168592
48 585 4.0 3.5711715
48 673 4.0 3.2887332
48 1064 3.0 3.5711715
48 2085 3.0 3.7327542
48 2139 2.0 3.5711715
48 2142 3.0 3.3568451
48 832 5.0 4.1
48 2094 4.0 3.4125907
48 1320 5.0 3.7901945
48 2770 4.0 3.5711715
48 546 4.0 3.5711715
48 1391 4.0 2.9959207
48 1681 5.0 3.5711715
48 1713 4.0 3.7012868
48 2006 4.0 2.7205923
48 2089 3.0 2.9820673
48 3536 3.0 3.5711715
48 3697 4.0 3.5711715
48 3809 4.0 4.4038677
48 4019 5.0 4.3604193
48 4683 4.0 3.5711715
48 3977 3.0 4.4235396
48 2470 4.0 5.0
48 1702 4.0 3.5711715
48 3033 5.0 4.633322
48 2005 4.0 4.2122397
48 2421 4.0 3.5711715
48 688 3.0 3.5711715
48 737 2.0 3.5711715
48 813 3.0 3.5711715
48 2060 5.0 3.5711715
48 2253 4.0 3.5711715
48 2296 3.0 3.5711715
48 2423 5.0 3.5711715
48 3159 3.0 3.5711715
48 3799 2.0 3.5711715
48 3821 2.0 3.5711715
48 4678 4.0 3.5711715
48 4701 3.0 3.5711715
49 260 5.0 3.8658772
49 2396 4.0 4.9848485
49 2683 4.0 3.18
49 3016 3.0 3.5711715
49 2772 3.0 3.5711715
49 2840 4.0 3.5711715
50 3793 3.5 3.7478058
50 1249 1.5 3.5711715
50 3996 4.5 4.929461
50 2683 5.0 4.688964
50 4022 3.5 3.6342494
50 6365 4.5 2.9775686
50 4886 5.0 4.68947
50 2359 4.0 3.7793055
50 2424 3.5 3.5711715
50 6377 4.5 4.5990644
50 273 3.0 3.5711715
50 3717 4.0 2.8693595
50 4370 3.0 2.857143
50 4018 3.5 3.5711715
50 5064 4.0 3.5711715
50 2470 3.0 3.5711715
50 2539 2.5 3.5711715
50 2618 3.5 3.5711715
50 3155 3.5 3.5711715
50 7311 4.0 3.5711715
51 296 5.0 4.7801385
51 1073 3.0 3.5388238
51 1092 3.0 3.6666045
51 1097 5.0 3.7863722
51 1215 4.0 4.1500754
51 1259 5.0 4.0561543
51 1265 2.0 4.1828127
51 1982 4.0 3.5711715
51 2396 5.0 4.527376
51 377 2.0 3.47751
51 708 3.0 3.5711715
51 1032 5.0 3.5185153
51 1282 2.0 4.240859
51 1968 5.0 3.8240628
51 2081 3.0 3.5492294
51 4621 3.0 3.5711715
51 1393 3.0 2.610377
51 903 3.0 4.7534914
51 919 3.0 4.1353426
51 1907 3.0 3.5711715
51 4039 3.0 3.5711715
51 1831 1.0 3.4108334
51 3081 2.0 4.0806055
51 2710 4.0 2.8391666
51 1345 5.0 4.040199
51 2746 2.0 3.5711715
51 2702 3.0 4.1666665
51 3203 4.0 3.5711715
51 709 3.0 3.1431987
51 2413 5.0 3.715931
51 3535 3.0 3.304033
51 2324 5.0 4.446118
51 2336 5.0 4.537553
51 2541 4.0 3.5711715
51 2133 4.0 3.5711715
51 3742 1.0 3.5711715
51 3908 1.0 3.5711715
51 3973 1.0 3.5711715
52 366 2.0 2.2477186
52 589 3.0 3.4941182
52 750 5.0 3.813213
52 968 3.5 3.3974895
52 1130 3.5 3.5711715
52 1210 4.0 3.739092
52 1270 4.0 3.4661584
52 1278 3.5 3.4678788
52 1347 4.0 3.6722877
52 1387 4.0 3.217964
52 1527 4.5 3.6891463
52 2532 3.0 3.5711715
52 3550 3.5 3.5711715
52 4993 4.0 3.885915
52 16 2.5 2.9828134
52 328 1.5 3.5711715
52 1350 2.5 3.5711715
52 2160 4.0 4.8162823
52 5459 3.5 3.7287061
52 1917 0.5 2.0827515
52 253 1.5 2.6489997
52 1690 3.0 4.056891
52 1924 2.5 2.8989463
52 2488 3.0 3.5711715
52 2710 3.0 2.9203296
52 1345 3.0 3.9719024
52 1590 3.0 3.016303
52 1969 2.5 3.5711715
52 1973 2.5 3.5711715
52 2448 3.0 3.5711715
52 2717 1.5 3.0685074
52 2746 1.5 3.5711715
52 4754 5.0 3.5711715
52 6979 3.0 3.0555556
52 565 1.5 3.5711715
52 1128 4.0 3.5711715
52 2315 2.5 3.5711715
52 2328 3.5 3.5711715
52 2517 3.5 3.5711715
52 2606 3.0 3.5125
52 3499 1.0 3.4272234
52 3837 3.5 3.5711715
52 3838 3.5 3.5711715
52 3892 3.5 3.5711715
52 3970 3.5 3.5711715
52 4553 4.0 3.5711715
52 5105 3.5 3.5711715
52 5165 4.0 3.5711715
52 5478 3.0 3.5711715
52 5609 3.5 3.5711715
52 6742 2.5 3.5711715
52 7022 4.0 4.0833335
52 26285 3.0 3.5711715
52 7254 4.0 3.5472617
52 3033 2.5 3.584287
52 2148 2.0 3.5711715
52 2498 2.5 3.5711715
52 1991 3.0 3.5711715
52 3908 2.0 3.5711715
52 1255 3.0 3.5711715
52 1326 3.5 3.5711715
52 1346 3.5 3.5711715
52 1623 2.0 3.5711715
52 1972 3.0 3.5711715
52 1980 3.0 3.5711715
52 1981 1.5 3.5711715
52 1992 1.5 3.5711715
52 1993 2.5 3.5711715
52 2256 3.0 3.5711715
52 2346 2.5 3.5711715
52 2452 1.0 3.5711715
52 2461 2.0 3.5711715
52 2465 2.5 3.5711715
52 2515 3.0 3.5711715
52 2783 3.0 3.5711715
52 2787 1.0 3.5711715
52 2789 3.0 3.5711715
52 2851 3.5 3.5711715
52 3026 2.5 3.5711715
52 3344 3.5 3.5711715
52 3630 3.5 3.5711715
52 3695 2.0 3.5711715
52 3919 2.5 3.5711715
52 3932 4.0 3.5711715
52 4143 3.0 3.5711715
52 4412 2.0 3.5711715
52 4618 1.5 3.5711715
52 4665 3.0 3.5711715
52 4682 3.0 3.5711715
52 4839 2.5 3.5711715
52 4893 3.0 3.5711715
52 5606 3.0 3.5711715
52 5695 4.5 3.5711715
52 5697 3.0 3.5711715
52 5715 3.5 3.5711715
52 5726 4.0 3.5711715
52 5740 1.0 3.5711715
52 5884 3.0 3.5711715
52 6066 2.0 3.5711715
52 6639 3.0 3.5711715
52 6659 2.0 3.5711715
52 6888 1.0 3.5711715
52 6910 3.0 3.5711715
52 7117 2.0 3.5711715
52 7239 3.0 3.5711715
52 7954 2.5 3.5711715
52 8062 2.0 3.5711715
52 8225 0.5 3.5711715
52 8369 0.5 3.5711715
52 8690 3.5 3.5711715
52 8886 2.5 3.5711715
52 31026 1.0 3.5711715
53 2028 5.0 4.013067
53 2858 3.0 3.9814487
53 785 3.0 3.5711715
53 2770 4.0 2.4038463
53 3977 4.0 3.5672414
53 2369 1.0 3.5711715
53 3409 2.0 3.5711715
53 2333 1.0 3.5711715
54 968 3.5 2.8805513
54 1215 5.0 3.850055
54 2571 4.0 4.340544
54 163 4.0 4.06
54 2353 4.0 1.5
54 5418 4.0 4.394289
54 8874 5.0 3.41769
54 327 0.5 1.7618155
54 56174 4.5 2.1622562
54 5010 4.5 3.4944837
54 44665 4.5 3.5711715
54 59369 5.0 3.5711715
54 64614 5.0 3.5711715
54 84392 4.5 3.5711715
54 62733 4.5 3.5711715
54 65135 2.5 3.5711715
55 480 3.0 3.6232164
55 593 5.0 4.496069
55 924 4.0 5.0
55 1206 5.0 4.655595
55 2858 5.0 4.288642
55 588 5.0 4.356385
55 914 5.0 4.569181
55 918 5.0 3.5711715
55 1537 5.0 3.5711715
55 1193 5.0 4.1455317
55 1217 5.0 4.845238
55 1281 5.0 3.5711715
55 262 5.0 3.5711715
55 971 5.0 5.0
55 1952 5.0 4.525641
55 2069 5.0 3.5711715
55 4424 5.0 3.5711715
55 4427 5.0 3.5711715
56 858 5.0 4.210987
56 1136 4.0 4.0719457
56 1219 3.0 4.85555
56 1358 4.0 4.020446
56 1617 4.0 4.4089627
56 5060 5.0 4.372753
56 2396 4.0 4.7773037
56 2997 5.0 3.7417943
56 1172 5.0 4.004164
56 1263 4.0 4.5
56 3072 4.0 3.8421052
56 1223 5.0 4.8142858
56 2324 4.0 3.6969845
56 1633 4.0 3.5711715
56 2400 4.0 3.5711715
56 2506 2.0 3.5711715
57 11 4.0 2.675
57 2150 4.0 3.5096138
57 6893 4.5 4.225
57 3259 4.0 3.5711715
57 1959 2.0 3.5711715
57 6879 3.0 3.5711715
57 27808 4.5 3.5711715
58 1573 3.0 4.077019
58 762 4.0 0.94963235
58 95 4.0 3.5711715
58 141 5.0 3.6659226
58 673 4.0 2.5833333
58 837 3.0 4.116667
58 628 4.0 3.5711715
58 800 4.0 3.5711715
58 808 3.0 3.5711715
58 707 3.0 3.5711715
58 1426 3.0 3.5711715
58 1488 5.0 3.5711715
59 750 4.0 4.560522
59 3879 3.0 3.5711715
59 4167 4.0 3.5711715
59 4223 5.0 2.8040466
59 3556 3.0 3.5711715
59 3260 3.0 3.5711715
59 4181 1.0 3.5711715
60 1257 4.0 4.284186
60 1265 4.5 3.8949482
60 2716 5.0 3.6370766
60 3386 4.5 3.7901785
60 785 3.5 3.1
60 2395 4.5 4.396191
60 4993 4.5 4.5414324
60 1213 4.0 3.789193
60 2019 5.0 4.3653216
60 3552 4.0 3.5711715
60 7156 4.0 4.487976
60 7361 4.0 4.6997857
60 111 4.5 3.5711715
60 6016 4.5 4.75329
60 1339 4.5 2.6364954
60 288 4.5 3.0840116
60 2859 3.5 4.7190475
60 101 4.0 4.070905
60 1209 5.0 3.5711715
60 2905 4.0 3.5711715
60 3730 5.0 3.5711715
60 3809 4.0 3.9268517
60 30812 4.5 2.9419653
60 55820 4.5 3.5711715
60 68237 4.0 3.6476912
60 3040 3.5 3.5711715
61 260 4.0 3.9873068
61 708 3.0 3.5711715
61 62 4.0 3.9415061
61 613 5.0 3.5711715
61 150 5.0 3.9586713
61 282 3.0 4.2012863
61 357 4.0 3.9453802
61 529 5.0 4.3281407
61 52 4.0 2.8931034
61 151 4.0 3.5546505
61 376 3.0 3.5711715
61 508 5.0 3.8967934
61 788 1.0 3.5284896
61 707 4.0 3.5711715
62 527 4.5 3.5225961
62 1617 3.0 3.7932494
62 3578 1.0 3.2852225
62 265 4.0 4.7017856
62 2762 4.0 3.2207289
62 357 3.0 3.7373512
62 529 3.0 3.2072685
62 25 3.5 4.447184
62 1079 3.0 3.4821131
62 4848 3.0 3.4443223
62 19 1.0 2.4166667
62 4995 3.0 3.2142856
63 750 5.0 4.1447825
63 1097 4.0 3.5679667
63 1198 4.0 4.2662044
63 1214 4.0 3.762603
63 1220 3.0 4.1645837
63 1221 4.0 4.5296702
63 1227 5.0 3.987051
63 1291 4.0 3.7715425
63 1953 4.0 4.3983254
63 1954 3.0 4.1324573
63 2009 3.0 3.7679486
63 5060 3.0 4.0565724
63 1246 3.0 3.2151153
63 1090 3.0 3.5831707
63 1131 4.0 3.5711715
63 1302 3.0 2.6728582
63 154 4.0 5.0
63 1125 3.0 3.2737994
63 659 4.0 3.5711715
63 1950 3.0 3.5711715
63 2006 3.0 2.5
63 1077 3.0 3.2526882
63 1959 3.0 3.5711715
63 1956 3.0 3.5711715
63 1958 3.0 3.5711715
64 68954 5.0 3.5711715
65 79132 2.5 3.5711715
65 1272 4.0 3.5711715
65 1459 3.0 3.5711715
65 6953 2.5 3.5711715
65 1690 3.5 3.5711715
65 2792 2.5 3.8
65 4370 4.5 3.8831818
65 2641 1.0 3.5711715
65 720 1.0 3.5711715
65 53000 4.0 3.5711715
65 2522 2.0 3.5711715
65 6658 1.0 3.5711715
65 34004 3.5 3.5711715
66 110 5.0 4.35988
66 208 3.0 3.8886862
66 464 3.0 3.5711715
66 551 2.0 3.7447882
66 533 3.0 3.5711715
67 339 3.0 3.604177
67 597 3.0 2.3754234
67 231 2.0 3.5879123
67 344 3.0 3.5567443
68 318 5.0 4.6915255
68 590 5.0 4.0230503
68 1089 4.0 4.9520507
68 1210 5.0 4.2833962
68 1265 3.0 4.0430636
68 1909 4.0 4.215183
68 1721 3.0 3.086239
68 1835 1.0 3.5711715
68 150 5.0 4.5701113
68 1213 4.0 4.687403
68 1682 4.0 4.1145377
68 1343 4.0 3.1765847
68 2142 2.0 5.0
68 1780 5.0 3.5711715
69 858 5.0 4.9529877
69 1201 5.0 4.2715096
69 1208 5.0 4.82478
69 1221 5.0 4.5617805
69 1234 5.0 4.662869
69 1304 5.0 4.727411
69 1333 5.0 4.2193937
69 1732 4.0 4.107245
69 1953 5.0 4.5226045
69 2542 4.0 4.0768843
69 2701 3.0 2.0444446
69 3471 4.0 3.9924705
69 34 4.0 4.5287123
69 3996 3.0 4.909967
69 1230 5.0 4.61912
69 1247 5.0 4.2011237
69 2997 5.0 3.8445883
69 1090 4.0 4.151945
69 778 5.0 4.6751037
69 1641 5.0 4.2242723
69 2700 4.0 2.8012023
69 3671 5.0 4.5618815
69 3911 3.0 5.0
69 1193 5.0 4.563666
69 910 5.0 4.3065476
69 911 5.0 2.9402778
69 969 5.0 4.8249116
69 2238 5.0 3.5711715
69 3038 5.0 3.5711715
69 3089 5.0 3.8510377
69 2065 5.0 3.5711715
69 1251 5.0 5.0
69 29 5.0 4.215344
69 1209 5.0 3.5711715
69 1222 4.0 4.857767
69 2730 3.0 3.2420025
69 3019 4.0 4.4514365
69 3266 5.0 3.5711715
69 3546 5.0 3.5711715
69 3685 5.0 3.5711715
69 4339 3.0 3.5711715
69 4370 3.0 4.6138186
69 6184 5.0 3.5711715
69 4321 3.0 4.58681
69 4361 5.0 3.6923077
69 1952 5.0 4.525641
69 909 5.0 3.5711715
69 1244 5.0 3.5711715
69 125 5.0 3.5711715
69 937 5.0 3.5711715
69 1169 5.0 3.5711715
69 1194 5.0 3.5711715
69 2131 5.0 3.5711715
69 2351 5.0 3.5711715
69 2632 5.0 3.5711715
69 2925 5.0 3.5711715
69 3171 5.0 3.5711715
69 3467 5.0 3.5711715
69 3473 5.0 3.5711715
69 3588 5.0 3.5711715
69 4292 3.0 3.5711715
70 541 5.0 4.389372
70 589 3.0 4.12073
70 1089 4.0 4.5149417
70 1198 5.0 4.473173
70 1215 5.0 4.5587373
70 1265 4.0 3.973308
70 1270 4.0 4.0603685
70 1291 5.0 4.1605077
70 1347 4.0 4.082915
70 1500 5.0 4.383552
70 1573 4.5 4.15355
70 1732 2.0 3.9376614
70 1965 3.0 4.205371
70 2580 5.0 3.88476
70 2858 4.5 4.3644896
70 3702 3.5 3.5711715
70 1275 5.0 4.392217
70 1584 4.5 3.7826753
70 2291 4.0 4.2547326
70 2406 5.0 3.6678524
70 3996 4.5 4.7586756
70 5218 4.0 4.1057158
70 39 4.0 3.8249092
70 597 5.0 3.129054
70 934 4.0 3.5280008
70 1282 4.0 4.2998714
70 1499 3.0 2.8999066
70 2100 3.0 4.17334
70 3949 4.5 3.645447
70 4014 4.0 4.334821
70 4643 3.0 2.9024363
70 8961 4.0 3.6534576
70 172 4.0 3.8591526
70 353 3.5 3.740632
70 357 4.5 4.17721
70 471 4.5 4.0669804
70 1393 4.0 2.925642
70 1411 4.0 4.8552585
70 1608 3.5 4.5154
70 2150 4.0 4.1504097
70 2628 3.0 3.5261376
70 2918 5.0 4.5757785
70 141 3.5 3.8983476
70 168 4.0 3.4982324
70 1921 5.0 4.898923
70 2174 3.0 4.1057916
70 3000 5.0 4.123141
70 3210 5.0 3.5711715
70 3448 4.0 3.5711715
70 5418 4.0 4.4519653
70 5902 2.0 3.5711715
70 8368 5.0 4.0240526
70 5481 3.0 4.607176
70 912 3.0 4.85354
70 2355 4.0 4.3724675
70 4308 4.0 4.3804274
70 44195 4.5 3.7350428
70 253 5.0 3.8854306
70 910 2.0 4.4130774
70 1690 3.5 4.8918424
70 2398 3.0 3.5
70 1680 4.5 3.5711715
70 45728 5.0 3.5711715
70 2706 4.0 4.042127
70 1320 4.0 3.842213
70 2746 3.0 3.5711715
70 3257 3.0 3.5711715
70 6979 5.0 3.7340586
70 2723 3.0 3.1519504
70 1222 4.5 4.802788
70 1587 5.0 3.5711715
70 3809 3.0 4.2555327
70 5500 3.0 3.5711715
70 33004 4.0 3.886985
70 1298 3.5 3.7004075
70 6373 4.0 4.184977
70 52281 4.5 4.788823
70 2161 3.0 3.5897162
70 2134 5.0 3.5711715
70 2145 4.0 3.5711715
70 4975 4.0 3.5711715
70 1100 3.0 3.5711715
70 2581 4.0 3.5711715
70 2681 5.0 3.5711715
70 6583 5.0 3.5711715
70 46965 3.0 3.5711715
70 47952 3.5 3.5711715
71 750 3.0 3.5711715
71 1721 5.0 1.7658731
71 4993 5.0 3.65625
71 1693 4.0 3.5711715
71 2501 3.0 3.5711715
71 3798 5.0 3.5711715
72 1304 4.0 3.5569096
72 1387 5.0 3.183671
72 838 3.0 3.5711715
72 920 3.0 3.2265425
72 475 4.0 3.5711715
72 1131 3.0 3.5711715
72 1293 3.0 3.7278469
72 1643 2.0 3.5711715
72 903 2.0 4.506383
72 905 3.0 3.5711715
72 926 4.0 4.0635567
72 1256 5.0 3.6180372
72 1284 5.0 2.9738247
72 1222 3.0 3.2711902
72 58 4.0 3.7395163
72 940 4.0 3.5711715
72 1290 2.0 3.5711715
73 1214 4.0 3.6371958
73 1215 4.0 4.2631083
73 1333 4.5 4.872549
73 1275 4.0 4.3
73 2058 3.0 3.5711715
73 585 2.0 2.5555556
73 5900 2.5 3.5711715
73 6502 4.0 3.7571683
73 35836 2.5 3.5711715
73 56176 0.5 3.5711715
73 67734 0.5 4.154762
73 1690 2.0 3.5711715
73 1729 4.0 3.5361264
73 1061 3.0 3.9
73 3755 3.5 2.7142856
73 577 3.0 3.5711715
73 2539 2.5 3.5711715
73 4467 4.0 3.5711715
73 6287 2.0 3.5711715
73 62049 4.0 3.5711715
74 17 3.0 4.577098
74 376 4.0 3.5711715
74 515 5.0 3.5711715
74 111 5.0 3.5711715
74 800 4.0 3.5711715
74 1399 4.0 3.5711715
74 1233 5.0 5.0
74 55 4.0 3.5711715
74 78 2.0 3.5711715
75 32 3.0 3.3172462
75 50 4.0 3.8960493
75 198 3.0 3.2478309
75 296 5.0 3.6521635
75 367 3.0 3.034695
75 480 3.0 3.1216495
75 527 5.0 3.7761354
75 1196 3.0 3.5825036
75 1200 3.0 3.063015
75 1210 3.0 3.5552986
75 1219 3.0 3.8735747
75 1265 3.0 3.2335157
75 1333 3.0 3.6437848
75 1358 5.0 3.1001546
75 1101 2.0 2.6794055
75 1249 3.0 3.448035
75 39 3.0 2.7884076
75 45 3.0 3.5711715
75 261 3.0 3.6093702
75 356 1.0 3.5286913
75 377 2.0 3.001428
75 440 3.0 2.4706228
75 830 3.0 3.8896525
75 898 4.0 3.225862
75 920 3.0 2.612744
75 62 2.0 3.1894655
75 345 5.0 3.1617467
75 21 3.0 2.6718428
75 112 3.0 2.3468337
75 208 2.0 2.7026222
75 230 5.0 2.4444444
75 292 2.0 2.4842815
75 355 3.0 3.5711715
75 468 3.0 2.6656408
75 475 3.0 2.0784314
75 36 5.0 3.5823946
75 733 2.0 4.245074
75 1186 4.0 2.871547
75 1213 4.0 2.8934436
75 1225 4.0 3.3295832
75 1408 3.0 2.887317
75 235 5.0 2.613376
75 778 4.0 3.5656495
75 1120 4.0 2.775878
75 1223 3.0 4.8142858
75 906 5.0 3.5711715
75 1267 4.0 3.8616548
75 1047 2.0 3.5711715
75 800 5.0 3.5711715
75 1041 4.0 3.5711715
75 1513 3.0 2.1890042
75 1273 4.0 3.6800706
75 280 3.0 3.5711715
75 1391 3.0 1.6966318
75 1395 3.0 3.25
75 218 2.0 3.5711715
75 1185 4.0 3.5711715
75 801 3.0 2.45
75 213 4.0 3.5711715
75 125 3.0 3.5711715
75 1104 4.0 3.5711715
75 149 3.0 3.5711715
75 358 3.0 3.5711715
75 574 2.0 3.5711715
75 824 5.0 3.5711715
75 1042 3.0 3.5711715
75 1151 3.0 3.5711715
76 50 3.0 4.220594
76 72998 2.5 4.083305
76 4226 4.5 3.7933788
76 68358 3.5 3.5711715
76 97304 3.5 3.5711715
77 50 4.5 4.7626553
77 318 4.0 4.739017
77 589 3.5 3.954897
77 1210 3.5 4.3359904
77 1287 5.0 3.6321838
77 1527 3.5 3.8606172
77 1573 4.0 3.6610563
77 1617 4.5 4.492855
77 2028 4.0 3.8279622
77 3578 4.0 4.3441377
77 105 3.0 3.7
77 2712 4.0 3.50454
77 914 4.5 4.5274506
77 920 5.0 3.5935113
77 2002 2.0 3.5711715
77 3418 4.0 2.918984
77 1784 4.0 3.6824856
77 1193 4.5 4.3532996
77 2355 3.5 4.2750516
77 4896 4.0 3.154595
77 4446 2.5 4.0833335
77 3148 3.5 3.5711715
77 3155 3.5 3.5711715
77 1619 3.5 3.5711715
77 2540 2.0 3.5711715
77 2908 4.0 3.5711715
77 6238 3.5 3.5711715
78 3897 4.0 3.5881615
78 4014 4.0 3.5145833
78 4306 3.0 3.8581617
78 6283 3.5 3.7380953
78 80615 4.0 3.5711715
78 47 3.5 3.575571
78 4011 4.0 4.135032
78 4226 5.0 3.9360762
78 27706 4.5 2.4642856
78 32587 5.0 4.1721973
78 6377 4.5 4.5859804
78 44195 3.0 2.3798077
78 50872 3.0 4.2635417
78 48516 3.0 4.4328246
78 3175 2.0 3.4741006
78 71535 2.5 3.925219
78 70286 4.0 3.5711715
78 3581 3.0 3.3
78 71464 4.5 3.5711715
78 94959 5.0 3.5711715
78 44665 4.0 3.5711715
78 5608 2.5 3.5711715
78 50851 3.5 3.5711715
78 67508 4.0 3.5711715
78 6672 1.0 3.5711715
78 31660 4.5 3.5711715
78 47491 4.0 3.5711715
78 57640 3.5 3.5711715
78 59387 3.5 3.5711715
78 71745 3.0 3.5711715
78 72982 2.0 3.5711715
79 32 4.0 3.3592577
79 608 2.0 4.251421
79 999 2.0 3.5711715
79 1197 5.0 3.8938346
79 1261 4.0 3.698886
79 1378 2.0 2.8733158
79 1610 3.0 3.4947205
79 1617 3.0 4.0750585
79 2011 3.0 3.4195726
79 2028 4.0 3.1452317
79 2478 3.0 2.6876893
79 1307 4.0 3.738817
79 1569 4.0 3.5711715
79 1246 4.0 3.3144085
79 344 2.0 3.057826
79 1090 2.0 3.8253992
79 1960 3.0 3.7988684
79 2628 4.0 2.4983165
79 1224 4.0 4.2255163
79 2174 2.0 3.2294192
79 903 5.0 4.3279433
79 2470 3.0 3.9983711
79 73 3.0 3.5711715
79 1244 5.0 4.2475095
