1 22 3.0 3.562981
1 350 3.0 4.094517
1 431 2.0 3.562981
1 474 3.0 3.5724688
1 527 4.0 4.2793074
1 541 4.0 4.276252
1 589 5.0 3.4109447
1 731 1.0 3.562981
1 750 3.0 3.783101
1 780 5.0 3.486335
1 1034 3.0 3.562981
1 1036 5.0 4.0233684
1 1092 3.0 3.187047
1 1127 3.0 3.1410034
1 1196 4.0 3.9557278
1 1200 3.0 3.591397
1 1206 4.0 4.2745304
1 1215 4.0 4.0096664
1 1220 4.0 4.145934
1 1257 5.0 3.562981
1 1261 4.0 3.5863035
1 1265 4.0 3.5247047
1 1276 3.0 4.3519764
1 1283 4.0 2.6735046
1 1287 3.0 3.562981
1 1291 3.0 3.7334251
1 1304 4.0 3.8910193
1 1321 5.0 3.9193883
1 1333 4.0 4.100347
1 1407 3.0 2.6923244
1 1573 5.0 3.9108617
1 1689 3.0 2.6587698
1 1982 4.0 4.893138
1 2012 3.0 2.4609613
1 2130 2.0 3.562981
1 2167 3.0 3.412816
1 2401 4.0 3.562981
1 2542 2.0 3.7571127
1 2692 2.0 4.7435217
1 2764 2.0 3.562981
1 2901 5.0 3.562981
1 2951 5.0 3.562981
1 3018 3.0 4.189946
1 3044 4.0 3.562981
1 3362 3.0 3.8086824
1 3508 3.0 3.562981
1 3527 4.0 3.904779
1 3682 3.0 3.562981
1 3793 2.0 3.351933
1 3836 3.0 3.562981
2 1645 4.0 2.8523812
2 736 3.0 3.1143174
2 1101 3.0 3.2670255
2 1377 4.0 4.0983143
2 2640 5.0 3.743669
2 3996 3.0 4.585342
3 1073 5.0 3.5299118
3 1777 5.0 3.4853246
3 39 4.0 3.8154135
3 46 3.0 3.562981
3 356 5.0 4.4553967
3 377 5.0 4.291885
3 588 5.0 4.397628
3 708 4.0 3.562981
3 830 5.0 3.7555556
3 1028 5.0 4.375
3 1029 5.0 5.0
3 1032 3.0 4.315283
3 1035 5.0 3.9910066
3 1043 3.0 3.562981
3 1282 3.0 4.45207
3 1297 4.0 3.5773096
3 1968 5.0 4.334297
3 2052 3.0 3.562981
3 2096 4.0 3.562981
4 750 4.0 3.4350426
4 1036 4.0 3.9439704
4 1210 5.0 4.062172
4 1573 2.0 4.169375
4 2003 4.0 3.2105753
4 2080 4.0 3.3161376
4 62 4.5 3.8730154
4 413 2.0 3.562981
4 596 2.5 2.8710704
4 2124 3.5 3.562981
4 2409 2.5 3.562981
4 3503 1.0 3.562981
4 3949 0.5 4.093271
4 4306 5.0 3.5417943
4 6365 2.5 3.1631591
4 7147 2.5 4.1389337
4 7293 4.5 1.5833334
5 50 4.5 3.0031905
5 613 4.0 3.562981
5 1416 2.5 3.562981
5 2959 4.0 2.8352246
5 4448 2.0 3.562981
5 5570 5.0 3.562981
5 48385 2.5 3.562981
5 59725 2.5 3.562981
6 1721 4.0 3.439287
6 356 3.5 4.375529
6 7293 2.5 3.562981
6 4310 3.5 3.562981
6 58559 4.0 4.1051674
6 60684 0.5 3.562981
6 68319 3.5 3.562981
6 72998 4.0 3.6614716
6 78637 3.5 3.562981
6 83132 3.5 3.562981
6 85056 4.5 3.562981
6 85397 2.5 3.562981
6 90057 4.0 3.562981
6 90531 3.5 3.562981
6 90746 3.5 3.562981
6 91978 3.0 3.562981
6 92422 1.0 3.562981
6 93326 4.0 3.562981
6 94015 1.5 3.562981
6 94323 3.5 3.562981
6 100302 4.0 3.562981
6 101142 4.0 3.562981
6 102903 4.0 3.562981
6 103372 3.5 3.562981
6 104211 3.5 3.562981
6 105468 3.5 3.562981
6 107436 4.0 3.562981
6 110553 2.5 3.562981
6 111249 3.5 3.562981
6 111659 4.0 3.562981
6 112175 3.5 3.562981
6 112852 3.5 3.562981
6 113103 2.0 3.562981
6 113453 2.0 3.562981
6 115664 2.5 3.562981
6 116797 3.5 3.562981
6 118760 3.5 3.562981
6 119141 0.5 3.562981
6 120825 1.5 3.562981
7 527 5.0 4.9188013
7 589 4.0 4.100376
7 2 4.0 4.2008038
7 153 4.0 3.425273
7 316 4.0 3.8824008
7 21 3.0 4.328602
7 27 5.0 3.562981
7 150 4.0 4.3241663
7 158 3.0 3.8609207
7 173 4.0 2.9238558
7 191 4.0 3.562981
7 208 3.0 3.8063545
7 231 4.0 4.0426207
7 293 4.0 3.777784
7 351 1.0 3.562981
7 374 3.0 2.8980079
7 419 4.0 3.562981
7 433 4.0 3.562981
7 485 4.0 3.459693
7 491 3.0 3.562981
7 667 3.0 3.562981
8 6 5.0 4.234318
8 260 5.0 4.259058
8 541 4.0 4.0950885
8 589 4.0 3.7417018
8 1092 4.0 3.8889327
8 1527 3.0 4.1922836
8 2858 4.0 4.052906
8 2944 5.0 4.5964103
8 3703 3.0 4.97508
8 349 4.0 3.6703427
8 1246 5.0 4.1462884
8 11 4.0 3.7473776
8 733 4.0 4.0236726
8 1370 4.0 3.0822885
8 1552 4.0 2.5961077
8 1608 5.0 4.138177
8 1674 5.0 3.9935896
8 1957 5.0 4.859792
8 2353 5.0 4.1033545
8 2427 3.0 3.562981
8 2628 4.0 3.3250325
8 2763 4.0 3.706366
8 2949 4.0 3.4222467
9 22 3.0 3.562981
9 318 5.0 4.304492
9 592 3.0 3.2458382
9 593 4.0 4.343041
9 356 3.0 4.506738
9 377 3.0 3.68061
9 497 3.0 4.158257
9 597 4.0 3.2468863
9 348 4.0 2.9375
9 21 5.0 3.8773825
9 196 3.0 3.5605626
9 230 3.0 3.929293
9 282 3.0 4.1042857
9 342 2.0 4.8421054
9 454 5.0 3.3262522
9 471 3.0 3.562981
9 539 5.0 3.1545615
9 36 3.0 4.6031747
9 52 4.0 2.9716709
9 151 5.0 3.794575
9 203 3.0 3.562981
9 371 3.0 3.562981
9 455 3.0 1.4805859
9 805 3.0 3.2
9 1078 4.0 3.562981
9 1081 4.0 3.562981
9 1084 5.0 4.189647
9 1124 5.0 3.562981
9 1125 3.0 3.267865
10 527 4.0 4.4106097
10 553 4.0 2.5119367
10 913 3.5 4.5523086
10 1196 3.5 3.9034572
10 1240 3.5 3.542975
10 1257 3.5 3.562981
10 2248 3.5 3.562981
10 2580 3.5 4.0370073
10 2396 3.5 4.2929196
10 928 3.0 4.2530537
10 955 3.5 3.562981
10 2054 2.0 2.226257
10 4306 3.5 3.4260912
10 6711 4.0 3.7037036
10 249 2.5 3.556467
10 471 3.5 3.8564103
10 1225 3.5 3.9650393
10 3252 3.5 3.562981
10 1231 4.0 3.720635
10 1350 3.5 3.562981
10 1643 3.5 3.562981
10 1704 4.0 3.920136
10 1945 4.0 2.688476
10 2019 3.5 4.525588
10 2321 4.5 3.562981
10 2599 4.5 4.4268055
10 2699 2.5 2.9705546
10 2795 3.5 3.562981
10 2890 4.0 3.562981
10 3098 4.0 3.562981
10 3210 3.5 3.562981
10 3253 3.5 4.527727
10 3468 4.5 3.562981
10 3751 4.0 3.6432965
10 4226 4.0 4.0407104
10 5464 4.0 3.562981
10 5618 4.5 4.3088937
10 5673 5.0 3.562981
10 5679 4.0 3.3753762
10 5782 4.0 3.562981
10 6003 3.5 3.562981
10 6333 4.0 3.5573945
10 6974 4.5 3.562981
10 7256 4.5 3.562981
10 7371 4.5 3.562981
10 8622 4.0 3.562981
10 8636 4.0 3.7029417
11 553 3.0 2.35
11 2987 3.0 3.3570275
11 4306 5.0 3.0466213
11 16 4.0 3.3384721
11 1784 4.0 3.5271168
12 593 5.0 3.7585914
12 5422 2.0 3.562981
12 5459 4.0 3.7639775
12 5506 2.0 3.562981
12 5968 2.0 3.562981
13 527 4.5 4.4284883
13 34 4.0 4.5045457
13 594 3.5 4.246454
13 838 4.5 2.8910255
13 1022 4.5 3.491665
13 2081 4.0 3.6917076
13 2302 4.5 3.3371627
13 3481 4.0 4.2877026
13 4306 4.5 3.7849653
13 5952 5.0 4.7936826
13 6942 4.0 3.6736112
13 7293 3.5 2.975
13 2949 3.0 4.174107
13 551 3.0 3.3321118
13 1274 4.0 3.7796018
13 4027 3.5 4.8829365
13 19 3.5 2.8225772
13 5377 3.5 3.562981
13 38 3.0 3.562981
13 181 3.0 3.562981
13 585 3.0 3.6615694
13 1023 3.5 3.562981
13 1588 3.5 3.562981
13 1848 2.0 3.562981
13 2042 3.5 3.562981
13 2761 3.0 3.6896288
13 3173 4.0 3.562981
13 3250 3.5 3.562981
13 3988 4.0 2.3100333
13 3991 4.0 3.562981
13 4238 3.5 3.562981
13 4246 3.5 3.562981
13 4386 4.0 3.562981
13 5092 3.0 3.562981
13 5452 3.5 3.562981
13 6266 3.0 3.562981
13 6502 5.0 3.9363096
13 6625 4.0 3.562981
13 6798 4.0 3.562981
13 7345 3.5 3.562981
13 8641 4.5 5.0
13 45517 4.0 3.562981
13 46062 3.5 3.562981
13 46578 4.0 3.017857
13 56367 4.0 3.562981
13 59333 2.0 3.562981
13 63540 2.5 3.562981
13 67788 3.5 3.562981
13 68135 3.5 3.562981
13 68194 4.0 3.562981
13 71670 3.0 3.562981
13 72011 4.0 3.562981
13 72919 2.5 3.562981
14 110 5.0 4.4080906
14 367 3.0 3.2210715
14 590 4.0 3.5901759
14 153 3.0 2.876116
14 349 3.0 3.5221515
14 236 4.0 4.0139146
14 345 3.0 4.428758
14 361 4.0 3.562981
14 454 3.0 3.153739
14 314 4.0 3.675571
14 41 4.0 3.562981
14 207 4.0 3.562981
14 452 4.0 4.25
15 648 3.0 4.4359355
15 913 3.0 3.8938918
15 968 1.0 3.849324
15 1073 4.0 3.1971407
15 1092 2.0 5.0
15 1197 5.0 4.265996
15 1198 4.0 4.443732
15 1283 5.0 3.3338406
15 1287 5.0 3.562981
15 1374 5.0 3.1330686
15 2553 4.0 3.562981
15 733 5.0 3.9291134
15 551 5.0 3.7338002
15 923 5.0 3.9445572
15 1945 3.0 2.4669082
15 2174 4.0 3.6651053
15 2300 5.0 2.794519
15 912 4.0 4.3008084
15 919 5.0 3.9700663
15 671 5.0 4.2478023
15 910 5.0 2.5849926
15 1260 5.0 3.562981
15 1264 3.0 3.3705127
15 1284 2.0 3.562981
15 1334 3.0 1.9742424
15 1337 5.0 3.562981
15 1690 5.0 3.545703
15 1873 5.0 2.5354762
15 1924 4.0 1.9742424
15 1939 3.0 3.562981
15 1940 5.0 3.562981
15 2010 5.0 3.6556218
15 2186 5.0 3.562981
15 2201 3.0 3.562981
15 2208 5.0 3.562981
15 2612 4.0 3.562981
15 2644 4.0 2.9742424
15 2648 5.0 3.562981
15 3038 5.0 3.562981
15 3088 3.0 3.562981
16 6 2.0 3.8333333
16 648 4.0 4.3313456
16 782 1.0 3.562981
16 733 4.0 3.7938254
16 804 5.0 3.562981
17 1378 1.0 3.562981
17 107 3.5 3.562981
17 1680 2.0 3.562981
17 1831 5.0 2.2666667
17 2094 3.5 2.9
18 4993 5.0 5.0
18 5952 5.0 5.0
18 2959 5.0 5.0
18 2762 4.5 4.5053906
18 1203 5.0 4.883372
18 7361 5.0 4.8557134
18 2428 4.0 3.7852244
18 111 3.0 4.825846
18 382 4.5 3.562981
18 1019 4.0 3.562981
18 3987 5.0 3.562981
18 8014 5.0 3.562981
19 110 4.0 4.157699
19 527 5.0 4.409641
19 356 4.5 4.240602
19 163 3.5 3.771558
19 4306 4.0 3.8032882
19 293 4.0 3.4794416
19 370 3.5 3.0390043
19 5418 4.0 4.115935
19 5989 3.5 3.456583
19 5378 4.0 3.716946
19 5630 4.0 3.562981
19 42004 5.0 3.562981
20 1266 5.0 3.775
20 2012 3.0 3.469567
20 2791 3.0 3.7677033
20 1961 3.5 4.320454
20 4886 5.0 4.068651
20 1213 5.0 3.500545
20 2706 3.0 3.562981
21 780 3.0 4.1969376
21 733 5.0 3.8865194
21 25 4.0 4.353261
21 141 5.0 4.2948413
21 661 5.0 3.475
21 784 2.0 2.8333333
21 745 5.0 3.562981
22 1210 0.5 3.2437136
22 762 3.0 2.65
22 3101 4.0 3.562981
22 150 3.0 4.8797274
22 344 4.5 2.5472207
22 1367 1.5 2.4833333
22 273 3.0 3.562981
22 39231 3.0 3.562981
22 49932 0.5 3.562981
23 589 4.0 3.905331
23 648 5.0 4.2733083
23 1198 5.0 4.151442
23 1407 4.0 3.0785666
23 2003 4.0 3.4868894
23 2791 4.0 3.8773851
23 2858 3.0 4.3609476
23 1499 3.0 2.982891
23 1644 4.0 2.3736112
23 165 3.0 3.8182278
23 196 4.0 3.7440696
23 204 4.0 3.562981
23 208 4.0 3.8995118
23 494 4.0 3.562981
23 2699 5.0 3.8839507
23 253 2.0 3.7688255
23 2657 3.0 3.8850706
23 786 3.0 3.562981
23 849 3.0 4.272208
23 1320 4.0 3.6899903
23 1479 4.0 3.562981
23 2448 4.0 3.562981
24 1617 5.0 4.3657207
24 185 4.0 2.8896976
24 237 4.0 3.562981
24 380 5.0 3.5762513
24 529 5.0 4.3984737
24 305 1.0 3.562981
24 647 5.0 3.562981
24 1425 4.0 3.562981
25 2701 1.0 2.5808403
25 7 4.0 3.562981
25 2856 5.0 3.562981
25 2276 3.0 3.562981
25 2770 3.0 4.4802504
25 2975 4.0 3.562981
25 3203 5.0 4.6944447
26 357 3.0 4.135431
26 539 5.0 3.1526544
27 1089 5.0 4.1350408
27 2003 4.5 3.770751
27 5014 4.0 3.562981
27 2300 4.0 3.562981
27 3751 4.0 3.8316345
27 6874 5.0 3.828385
27 986 3.5 2.0441177
27 2706 5.0 3.562981
27 3438 4.5 3.562981
27 33166 5.0 3.562981
27 42094 5.0 3.562981
28 260 2.0 3.5043576
28 1356 2.0 2.7244494
28 1375 2.0 1.0237768
28 1923 5.0 2.7599056
28 1682 3.0 2.6178768
28 1217 5.0 3.562981
28 2501 4.0 3.505357
28 1371 1.0 3.562981
28 2723 3.0 2.3370535
29 750 5.0 5.0
29 1208 5.0 4.6831484
29 1957 5.0 5.0
29 3108 5.0 3.9583333
29 910 4.0 4.6404996
29 1093 4.0 1.6
29 678 5.0 3.562981
29 781 4.0 3.562981
29 1251 4.0 3.562981
29 1292 4.0 3.562981
29 1541 5.0 3.562981
29 2312 4.0 3.562981
29 2439 4.0 3.562981
29 2731 4.0 4.0666666
29 2859 5.0 2.5666666
29 3236 4.0 3.562981
29 3251 3.0 3.562981
29 3626 3.0 3.562981
30 553 5.0 3.4018917
30 592 4.0 3.5117035
30 500 3.0 3.8794377
30 588 5.0 4.162266
30 597 3.0 3.2466712
30 1 5.0 4.6045785
30 122 4.0 3.562981
30 165 3.0 3.503692
30 282 5.0 4.0441813
30 370 2.0 3.2140312
30 380 4.0 4.2075243
30 434 4.0 3.897077
30 520 2.0 4.199078
30 540 3.0 3.562981
30 733 4.0 3.9647772
30 300 3.0 4.177882
30 508 3.0 4.076606
30 524 5.0 3.562981
30 104 4.0 3.998887
30 519 1.0 3.562981
30 24 3.0 3.562981
30 147 3.0 3.562981
30 337 5.0 3.9262822
30 502 2.0 3.562981
31 110 3.0 3.5893078
31 296 5.0 4.0394745
31 318 2.0 4.079552
31 366 1.0 2.1441815
31 858 5.0 4.1270456
31 996 3.0 3.562981
31 1092 4.5 3.1545148
31 1197 4.0 3.8868778
31 1206 4.5 3.7125666
31 1221 5.0 3.4246514
31 1240 3.0 3.2586105
31 1287 3.0 3.562981
31 1799 1.0 3.562981
31 1909 3.0 3.0993648
31 2001 4.0 3.2694802
31 2028 2.0 3.8748074
31 2467 3.0 3.6553733
31 2901 4.0 3.562981
31 2947 2.0 3.6603262
31 2987 3.0 3.037412
31 3104 2.0 3.562981
31 3471 3.5 3.451815
31 3735 3.5 3.562981
31 3836 4.5 3.562981
31 3917 4.0 3.3582518
31 4105 3.5 4.090909
31 5060 4.5 3.4726796
31 1377 0.5 2.5190754
31 2617 1.0 3.0702105
31 356 0.5 3.599875
31 588 2.0 3.1446419
31 595 1.0 3.7110116
31 914 3.0 3.2854497
31 1285 4.0 3.7121112
31 2054 2.0 1.5694059
31 441 3.0 3.562981
31 1246 0.5 3.212011
31 1288 4.0 3.9895368
31 2395 5.0 3.4615602
31 2997 3.0 3.202902
31 3398 3.0 3.562981
31 4643 1.0 2.2209425
31 4993 0.5 3.828436
31 5952 0.5 3.9737954
31 6863 2.0 2.6680734
31 3513 5.0 3.562981
31 3744 0.5 3.562981
31 4310 4.0 3.562981
31 8961 4.0 2.766956
31 21 3.0 2.4058914
31 150 4.0 3.3003414
31 319 4.0 3.5395067
31 485 3.0 2.3631291
31 494 2.0 3.562981
31 586 0.5 2.4118114
31 1674 3.0 3.5590003
31 2058 2.0 2.9527779
31 2150 3.0 3.4417334
31 2427 3.0 3.562981
31 3246 5.0 3.562981
31 3418 0.5 3.298287
31 246 4.0 3.765927
31 223 2.0 3.5133486
31 551 3.0 3.0308952
31 923 4.5 4.34312
31 1050 3.0 3.562981
31 1204 3.0 3.9781992
31 1228 5.0 3.562981
31 2108 3.0 3.5208333
31 3052 0.5 4.0016384
31 3108 4.0 3.7759962
31 3253 3.0 4.1725535
31 3504 4.5 3.562981
31 4027 3.5 4.3382287
31 4036 2.0 3.562981
31 4848 5.0 1.9285715
31 4855 5.0 2.6957836
31 5349 2.0 3.179429
31 5617 3.0 3.7063987
31 5669 2.0 3.0585072
31 6333 3.0 3.018394
31 6807 4.5 3.5525908
31 6874 5.0 2.8758347
31 7156 5.0 4.907986
31 8665 5.0 2.9812348
31 30810 4.0 3.5775335
31 2139 4.0 1.31875
31 3969 0.5 3.562981
31 4519 3.0 3.562981
31 6502 2.0 3.2854402
31 6794 0.5 3.562981
31 306 2.0 3.562981
31 904 1.5 4.104467
31 1267 3.0 4.048008
31 2551 5.0 3.687609
31 107 0.5 3.5190299
31 4718 2.5 1.25
31 3083 3.0 3.562981
31 4235 5.0 4.351371
31 4878 3.0 3.4542453
31 5878 5.0 3.5587187
31 3081 3.0 3.4751816
31 2706 2.5 3.3436456
31 2505 0.5 3.562981
31 2662 0.5 3.562981
31 1010 0.5 3.562981
31 4754 2.0 4.0340343
31 33166 2.0 3.562981
31 1251 4.0 3.562981
31 1273 5.0 4.1833334
31 101 4.5 3.5107143
31 159 4.5 3.562981
31 166 5.0 3.562981
31 308 2.0 3.562981
31 394 4.0 3.562981
31 488 4.5 3.562981
31 599 5.0 4.1679845
31 610 3.0 2.7765353
31 709 1.0 2.1454213
31 933 3.5 3.562981
31 954 2.0 3.562981
31 970 5.0 3.562981
31 1013 0.5 3.562981
31 1015 0.5 2.572291
31 1018 1.0 3.562981
31 1114 3.5 3.562981
31 1128 2.0 3.562981
31 1147 3.0 4.436286
31 1189 5.0 3.562981
31 1216 0.5 3.562981
31 1222 5.0 2.7808852
31 1391 1.0 2.3444805
31 1615 4.0 3.562981
31 1676 5.0 2.8070927
31 1681 0.5 3.562981
31 1699 4.5 3.562981
31 1801 0.5 2.3557692
31 1856 5.0 3.562981
31 2006 3.0 1.8543816
31 2095 0.5 3.562981
31 2109 2.0 3.562981
31 2140 3.0 3.4882889
31 2165 3.0 3.562981
31 2273 0.5 3.562981
31 2372 2.0 3.562981
31 2459 5.0 3.562981
31 2561 4.0 3.562981
31 2598 1.5 3.562981
31 2600 4.0 3.562981
31 2730 4.0 3.562981
31 2745 3.0 3.562981
31 2926 4.0 3.562981
31 2970 5.0 3.562981
31 2983 5.0 3.562981
31 3007 5.0 3.562981
31 3019 4.5 3.562981
31 3034 4.0 3.1339784
31 3039 1.0 3.562981
31 3067 4.0 5.0
31 3143 4.0 3.562981
31 3175 3.0 2.939983
31 3266 0.5 3.562981
31 3301 0.5 3.562981
31 3339 5.0 3.562981
31 3352 4.5 3.562981
31 3441 4.0 3.562981
31 3466 0.5 3.562981
31 3494 3.5 3.562981
31 3521 5.0 3.562981
31 3627 3.0 3.562981
31 3633 3.0 3.562981
31 3654 4.0 3.562981
31 3683 3.5 3.562981
31 3745 1.0 3.562981
31 3801 5.0 3.562981
31 3811 5.0 3.562981
31 3826 4.5 1.0166667
31 3873 5.0 3.562981
31 3916 0.5 3.562981
31 3925 5.0 3.562981
31 3968 3.0 3.562981
31 4015 4.0 3.562981
31 4055 0.5 3.562981
31 4232 2.0 3.562981
31 4326 3.0 3.562981
31 4329 5.0 3.562981
31 4336 1.5 3.562981
31 4339 2.0 3.562981
31 4433 5.0 3.562981
31 4533 4.0 3.562981
31 4542 2.0 3.562981
31 4587 1.0 3.562981
31 4683 0.5 3.562981
31 4713 4.0 3.562981
31 4720 2.0 3.562981
31 4735 4.5 3.562981
31 4756 0.5 3.562981
31 4791 1.0 3.562981
31 4799 2.0 3.562981
31 4833 0.5 3.562981
31 4865 3.0 3.562981
31 4887 1.0 3.562981
31 4911 2.0 3.562981
31 4932 1.0 3.562981
31 4941 4.0 3.562981
31 4954 3.0 3.562981
31 4957 3.0 3.562981
31 5049 4.5 3.562981
31 5142 4.0 3.562981
31 5170 1.0 3.562981
31 5198 3.0 3.562981
31 5268 5.0 3.562981
31 5435 2.0 3.562981
31 5463 3.0 3.562981
31 5472 3.0 3.562981
31 5478 3.0 3.562981
31 5479 4.5 3.562981
31 5632 4.0 3.562981
31 5650 5.0 3.562981
31 5809 0.5 3.562981
31 5847 4.5 3.562981
31 5872 2.0 3.562981
31 5909 5.0 3.562981
31 5951 5.0 3.562981
31 5959 4.5 3.562981
31 5965 3.0 3.562981
31 6058 2.0 3.562981
31 6188 3.0 3.562981
31 6242 5.0 3.8035052
31 6301 5.0 3.562981
31 6356 4.0 3.562981
31 6448 4.5 3.562981
31 6500 3.5 3.562981
31 6537 2.5 3.562981
31 6552 2.0 3.562981
31 6610 1.5 3.562981
31 6709 4.0 3.562981
31 6774 5.0 3.803724
31 6812 5.0 3.562981
31 6947 4.5 3.562981
31 7076 4.5 3.562981
31 7116 1.0 3.562981
31 7223 3.5 3.562981
31 7247 0.5 3.562981
31 7300 4.5 3.562981
31 7307 5.0 3.562981
31 7347 3.0 3.5535052
31 7367 3.5 3.562981
31 7368 5.0 3.562981
31 7418 3.0 3.562981
31 7492 5.0 3.562981
31 7932 4.5 3.562981
31 7951 3.5 3.562981
31 8142 5.0 3.562981
31 8198 4.0 3.562981
31 8207 4.0 3.562981
31 8495 4.5 3.562981
31 8595 4.0 3.562981
31 8917 1.0 3.562981
31 8955 3.5 3.562981
31 26152 4.0 3.562981
31 27728 5.0 3.562981
31 30707 5.0 3.0874076
31 32029 2.0 3.562981
31 32371 3.0 3.562981
31 33004 3.0 3.2463288
31 40959 4.0 3.562981
31 47646 4.5 3.562981
31 49272 2.5 2.4028366
31 50794 4.0 3.562981
31 52241 3.5 3.562981
31 53996 4.0 3.562981
32 1214 0.5 3.9302325
32 1396 3.5 4.169713
32 1610 3.5 3.787751
32 2011 5.0 3.7983775
32 2716 3.5 3.8629224
32 2 3.5 3.381401
32 1101 4.5 3.221271
32 1375 4.5 2.7381597
32 1584 3.5 3.9849112
32 1961 4.5 3.365221
32 3897 4.0 3.8272858
32 4022 3.5 3.1523936
32 4886 4.5 4.2209096
32 2352 3.5 3.562981
32 2918 4.5 4.298975
32 5989 4.5 3.762556
32 5459 3.5 3.812924
32 1367 2.5 3.2666013
32 2085 2.5 3.748619
32 4246 3.5 3.562981
32 3809 4.5 4.075675
32 4857 3.5 3.562981
32 1298 1.0 4.007243
32 1962 4.0 4.25
32 2137 3.0 3.4750223
32 4535 4.0 3.562981
32 6617 4.0 3.562981
32 6708 4.0 3.562981
33 1282 3.0 3.9631987
33 1148 2.5 3.562981
33 2699 3.5 3.562981
34 110 5.0 3.9811308
34 457 3.0 3.8163059
34 593 4.0 4.157809
34 587 3.0 3.5807092
34 151 3.0 3.4068062
34 161 3.0 3.3893898
35 22 3.0 3.562981
35 1876 3.5 3.562981
35 1909 3.5 4.299405
35 2028 4.5 4.353167
35 7153 4.0 4.4310794
35 588 3.0 3.385327
35 1320 4.0 3.2073467
35 6957 4.0 3.562981
36 32 3.0 2.993024
36 474 2.5 3.448688
36 1097 4.0 3.380987
36 1954 1.5 3.2880325
36 3147 4.0 2.796037
36 364 3.0 3.59522
36 3897 3.5 3.2030158
36 839 4.5 3.562981
36 47 5.0 3.4450686
36 381 5.0 3.0166667
36 36 4.5 4.2422967
36 1408 4.0 0.71651345
36 161 2.5 3.388806
36 1079 2.0 2.8114195
36 5782 2.0 3.562981
36 8622 3.0 3.562981
36 8665 4.5 3.2365634
36 8360 2.5 2.318321
36 337 1.5 4.144231
36 4239 2.5 1.648476
36 4734 1.0 3.562981
36 7254 2.5 2.5351405
36 1061 2.5 2.0153847
37 593 4.5 4.2182164
37 780 5.0 3.6768458
37 1097 3.0 3.7062802
37 2028 3.0 4.086084
37 2571 5.0 4.316314
37 500 3.5 3.7449071
37 2115 3.5 3.8371482
37 10 4.5 3.6934948
37 6539 4.0 3.8944008
37 6377 4.5 4.5048013
37 35836 4.5 3.883207
37 68954 5.0 4.2948284
37 4995 5.0 4.2233973
37 5378 3.0 3.4004004
37 56174 3.0 2.7012086
37 2335 4.0 3.562981
37 53996 3.0 3.562981
37 5816 3.5 3.5896072
37 52245 4.0 3.562981
37 53464 3.0 3.562981
38 318 5.0 4.861414
38 79132 5.0 4.6956067
38 4226 4.5 4.3632236
38 5618 4.5 4.8320465
38 1882 3.5 2.9902658
38 7254 4.0 3.7842748
38 1357 4.0 5.0
38 49278 4.0 3.562981
38 68237 4.5 3.562981
38 80917 4.0 3.562981
39 32 4.0 2.563455
39 1198 4.0 3.2196753
39 1240 4.5 2.3708215
39 1748 3.5 1.1369256
39 1965 4.5 3.0541146
39 2028 1.5 3.7170775
39 2542 3.5 3.0896723
39 3703 3.5 3.9280684
39 1923 2.0 2.980137
39 597 0.5 2.4026396
39 60069 4.0 3.7366273
39 4886 5.0 3.070591
39 88125 0.5 3.562981
39 293 4.0 2.6552153
39 4226 3.0 3.2039669
39 5445 4.0 3.0327044
39 5618 4.0 3.749144
39 7361 3.5 3.5478468
39 1193 1.0 3.6175478
39 919 3.0 3.640909
39 45517 4.0 3.562981
39 76093 3.0 4.7685575
39 3264 3.0 1.0555556
39 7022 4.0 3.0227273
39 78499 4.0 2.5625
39 103228 0.5 3.562981
40 1097 3.5 3.6540787
40 1196 3.5 3.9844944
40 1197 3.5 3.895806
40 2692 3.5 4.4638343
40 2716 3.5 3.474724
40 1022 3.0 3.2450964
40 1059 2.5 3.2277923
40 1230 3.0 3.9829059
40 1380 2.0 3.2365456
40 1485 2.5 2.558476
40 783 3.0 3.7004902
40 6365 2.0 3.1314979
40 7147 4.5 4.019928
40 8961 3.5 3.2189693
40 73321 3.5 3.562981
40 81417 2.0 3.562981
40 91529 4.0 3.433211
40 92422 2.5 3.562981
40 104841 3.5 3.780331
40 1 3.5 4.253432
40 47 3.0 3.8755472
40 208 4.0 3.3448906
40 344 2.0 2.8754694
40 353 5.0 2.7683928
40 471 4.0 3.562981
40 2628 3.5 2.8324018
40 1274 3.0 3.3107908
40 4226 4.0 4.1579113
40 4979 4.5 3.490652
40 5618 4.0 4.159248
40 8368 3.0 3.3597307
40 8636 3.5 3.3755355
40 673 3.5 3.0928884
40 1566 3.0 3.675132
40 1588 3.0 3.562981
40 2138 3.5 4.542267
40 3114 3.0 4.1459656
40 4519 4.0 3.562981
40 4896 3.0 3.2803538
40 6502 4.0 3.3801174
40 39183 5.0 3.562981
40 54503 4.0 4.4735293
40 66097 4.0 3.6903508
40 253 4.0 3.1265574
40 4878 4.0 3.649963
40 44191 5.0 4.0071187
40 2706 2.5 4.0623116
40 57274 5.0 3.101852
40 6264 3.0 3.562981
40 2335 2.0 3.562981
40 337 4.0 3.562981
40 1202 4.5 3.8650563
40 1222 3.5 3.471465
40 2089 3.0 2.207993
40 3698 2.0 3.102212
40 6040 3.0 2.1366668
40 6820 4.5 3.562981
40 40815 3.0 3.8120275
40 6373 3.0 3.562981
40 8644 4.0 3.562981
40 27611 5.0 3.562981
40 55908 5.0 3.562981
40 86332 4.5 3.562981
40 96079 3.0 3.8300087
40 96610 3.5 3.601852
40 609 3.0 3.562981
40 1702 2.0 3.562981
40 2313 4.0 3.562981
40 3033 2.5 4.1736965
40 3581 3.0 3.562981
40 4367 2.5 3.562981
40 6541 3.5 3.562981
40 7742 3.5 3.562981
40 7812 3.0 3.562981
40 8019 4.5 3.562981
40 8376 1.0 3.562981
40 27772 4.5 3.562981
40 27839 3.0 3.562981
40 33779 3.0 3.562981
40 34150 3.0 3.562981
40 46530 3.5 3.562981
40 46970 3.0 3.562981
40 48082 2.5 3.562981
40 55269 4.5 3.562981
40 59995 4.5 3.562981
40 61132 3.0 3.562981
40 64575 3.0 3.562981
40 69951 3.5 3.562981
40 77427 3.5 3.562981
40 80846 2.0 3.562981
40 82095 3.0 3.562981
40 84152 4.0 3.562981
40 85131 4.0 3.562981
40 87306 4.0 3.562981
40 89472 3.0 3.562981
40 89864 4.0 3.562981
40 92058 0.5 3.562981
40 93805 2.0 3.562981
40 110102 4.5 3.562981
41 364 5.0 4.6524115
41 588 5.0 4.7943735
41 900 4.0 5.0
41 2096 4.0 3.562981
41 1081 3.0 3.562981
41 3259 4.0 3.562981
42 480 3.0 3.3685958
42 265 5.0 3.9311333
42 11 3.0 3.434213
42 185 3.0 3.2566707
42 329 3.0 2.8425329
42 586 2.0 2.7610254
42 587 3.0 3.1440167
42 300 4.0 3.5880089
42 218 3.0 2.5416667
43 296 5.0 3.9894605
43 457 4.0 3.8223414
43 593 4.0 4.190094
43 497 4.0 4.183036
43 595 3.0 3.6351538
43 21 3.0 3.3348215
43 165 2.0 3.3737416
43 535 5.0 5.0
43 302 5.0 3.562981
44 32 5.0 3.7804081
44 50 5.0 4.550971
44 296 4.0 4.5351644
44 589 4.0 3.6978898
44 608 4.5 4.3921647
44 858 4.0 4.782909
44 1089 4.0 4.1937437
44 1197 4.0 4.3325615
44 1219 4.0 4.4694414
44 1220 3.5 4.22547
44 1527 3.5 4.03103
44 1580 3.5 4.377387
44 1732 4.5 3.55263
44 2000 3.5 4.330299
44 2001 3.5 3.6358387
44 2011 4.0 3.520574
44 2194 3.5 3.6942616
44 2407 3.5 3.9934611
44 2916 4.0 4.4797983
44 3578 4.0 3.9790564
44 1653 3.0 4.0497737
44 2406 4.0 3.8041036
44 3408 4.0 4.09704
44 3160 4.0 4.5633063
44 3949 5.0 4.52428
44 2762 4.5 3.957273
44 88125 4.0 3.562981
44 21 3.0 3.313905
44 168 3.0 3.7704453
44 778 4.5 4.2833867
44 6333 4.0 3.930415
44 6539 4.0 4.123595
44 7361 5.0 4.5602
44 1784 3.0 3.7463534
44 4896 3.0 3.5137308
44 72011 4.0 3.562981
44 72226 4.0 3.9460785
44 3081 4.5 3.9294848
44 44191 4.5 4.3132033
44 63082 4.5 4.0946426
44 2006 3.0 2.950781
44 68157 4.0 5.0
44 71535 3.5 4.2633247
44 68237 3.5 3.562981
44 70286 4.0 4.3626714
44 54001 3.5 3.562981
44 61240 4.5 3.562981
44 84152 4.0 3.562981
44 91500 3.0 3.562981
44 103249 3.0 3.562981
44 69844 3.5 3.562981
44 80489 3.5 3.562981
44 88810 4.0 3.562981
44 90430 2.5 3.562981
44 100714 4.0 3.562981
44 103980 4.5 3.562981
45 50 4.0 4.482316
45 198 3.0 4.305499
45 318 5.0 4.6032248
45 1036 4.0 4.457796
45 1089 5.0 3.9956448
45 1097 4.0 4.1801076
45 1215 5.0 4.2518764
45 1219 5.0 4.331798
45 1278 4.0 4.050626
45 1372 4.0 3.219983
45 1376 3.0 2.3619392
45 1378 4.0 2.2962315
45 1387 4.0 4.0022607
45 1573 3.0 4.3539815
45 1965 4.0 3.7983344
45 2076 5.0 3.562981
45 2407 3.0 3.6468508
45 2542 4.0 4.095715
45 2987 4.0 3.9114268
45 3044 4.0 3.562981
45 4085 4.0 4.1429224
45 953 5.0 3.7248974
45 2067 4.0 4.7886114
45 2384 5.0 3.420268
45 3408 4.0 4.627252
45 1307 4.0 3.9162045
45 2081 4.0 3.6721132
45 1268 4.0 2.218135
45 1678 4.0 3.562981
45 1 4.0 4.432719
45 16 2.0 3.5037315
45 329 3.0 3.215177
45 342 3.0 3.57561
45 509 5.0 4.897476
45 36 4.0 4.9714947
45 529 4.0 3.9194977
45 1225 4.0 4.2813787
45 1957 5.0 4.255986
45 3198 5.0 3.562981
45 194 4.0 3.562981
45 222 3.0 3.4625
45 1080 5.0 4.2148237
45 1704 4.0 4.061861
45 2144 3.0 4.1204324
45 837 3.0 3.9261363
45 912 4.0 4.7222137
45 1917 3.0 2.860271
45 2139 4.0 3.5225694
45 2142 5.0 2.3244245
45 253 3.0 3.3170097
45 1924 4.0 1.7591667
45 2657 5.0 3.3893945
45 2867 3.0 3.2830467
45 3088 5.0 3.562981
45 1831 3.0 2.4724574
45 849 3.0 4.1029143
45 1882 2.0 2.7424614
45 1974 3.0 2.6633654
45 337 5.0 3.580815
45 555 4.0 3.562981
45 101 4.0 4.875
45 1207 5.0 3.7232108
45 1884 4.0 4.286829
45 2090 5.0 2.826987
45 2116 3.0 3.562981
45 2275 4.0 3.562981
45 2301 4.0 3.6477664
45 2348 5.0 3.562981
45 2403 5.0 3.562981
45 3019 4.0 3.562981
45 3593 1.0 1.1544181
45 1962 3.0 3.25
45 2336 4.0 4.5483365
45 2161 3.0 3.3982055
45 2193 4.0 3.6521676
45 4016 3.0 4.4165277
45 13 3.0 3.562981
45 82 5.0 3.562981
45 85 4.0 3.562981
45 94 4.0 3.562981
45 121 3.0 3.562981
45 290 4.0 3.562981
45 538 4.0 3.562981
45 627 5.0 3.562981
45 1037 1.0 3.562981
45 1300 4.0 4.0446777
45 1382 3.0 3.562981
45 1730 5.0 3.562981
45 2091 3.0 3.562981
45 2134 2.0 3.562981
45 2145 3.0 3.562981
45 2243 3.0 3.562981
45 2357 4.0 3.562981
45 2642 2.0 3.562981
45 3060 5.0 3.562981
45 3320 5.0 3.562981
45 3819 5.0 3.562981
45 3972 4.0 3.562981
45 4117 5.0 3.562981
46 3273 3.0 3.562981
46 3793 5.0 4.203911
46 2617 4.0 3.7108843
46 3897 4.0 4.5827065
46 2762 5.0 4.6004615
46 3751 4.0 4.369072
46 3146 2.0 3.562981
46 2710 4.0 4.950553
46 3264 2.0 3.562981
46 2976 3.0 3.562981
46 3300 4.0 4.226232
46 3752 3.0 3.3111112
46 3753 4.0 3.562981
46 3615 4.0 3.562981
46 2338 3.0 3.562981
46 2995 2.0 3.562981
46 3747 4.0 3.562981
47 47 4.0 3.6647782
47 292 4.0 2.669127
48 592 5.0 3.8191602
48 593 4.0 4.8104606
48 1214 5.0 4.378722
48 1220 4.0 4.194208
48 1240 4.0 4.0054264
48 1270 5.0 4.294236
48 2478 5.0 2.7346597
48 2542 3.0 4.578304
48 3471 3.0 4.531408
48 3578 5.0 4.490512
48 2294 3.0 4.297888
48 3 3.0 3.9633853
48 377 5.0 4.147501
48 588 4.0 4.3170033
48 597 3.0 3.4947298
48 1028 3.0 2.375
48 1029 3.0 4.507953
48 2096 3.0 3.562981
48 1499 4.0 2.4909248
48 2124 3.0 3.562981
48 2302 3.0 3.9544127
48 3398 3.0 4.15
48 173 5.0 3.2234623
48 196 5.0 4.089201
48 317 4.0 4.629304
48 362 4.0 3.562981
48 2628 5.0 3.708743
48 1274 5.0 4.169681
48 2174 4.0 4.109587
48 4226 5.0 4.865008
48 435 3.0 3.4092743
48 986 3.0 3.1850367
48 1588 3.0 3.562981
48 1907 3.0 3.562981
48 1917 3.0 3.4758608
48 2018 2.0 3.359375
48 4519 2.0 3.562981
48 256 3.0 3.562981
48 4718 5.0 3.562981
48 2706 5.0 4.804167
48 2792 5.0 5.0
48 3082 5.0 4.2443895
48 2004 4.0 3.562981
48 2671 3.0 3.462715
48 1779 4.0 3.3591447
48 70 4.0 4.288848
48 1603 4.0 3.562981
48 2015 3.0 3.562981
48 2033 2.0 2.6696997
48 2273 5.0 3.562981
48 3034 4.0 4.4840865
48 3535 1.0 3.9630668
48 3955 4.0 3.562981
48 4571 4.0 4.697236
48 4367 4.0 3.562981
48 4638 4.0 4.8220134
48 3755 2.0 3.562981
48 60 3.0 3.562981
48 252 4.0 3.562981
48 743 4.0 3.562981
48 798 5.0 3.562981
48 1049 4.0 3.562981
48 1474 3.0 3.562981
48 1495 2.0 3.562981
48 2555 2.0 3.562981
48 3054 3.0 3.562981
48 3113 4.0 3.562981
48 3638 4.0 3.562981
48 3986 5.0 3.4583333
49 1304 5.0 3.9625695
49 1953 4.0 5.0
49 2719 2.0 2.2666667
49 223 4.0 3.8000612
49 2174 3.0 3.102241
49 3219 3.0 3.562981
49 2688 3.0 3.562981
49 2702 3.0 3.4166667
49 2881 3.0 3.562981
49 3174 3.0 3.562981
50 2384 4.5 2.7916667
50 5299 3.0 3.8811698
50 2997 2.0 3.9452238
50 4643 4.5 3.3892858
50 3176 4.0 4.2596817
50 3751 5.0 4.446338
50 6539 5.0 4.540624
50 6294 5.0 3.562981
50 3510 4.0 4.225
50 5072 4.5 3.562981
50 3534 3.5 3.562981
50 5316 4.5 3.562981
51 1200 4.0 3.4201343
51 1527 5.0 3.4722419
51 1625 5.0 4.178646
51 1805 4.0 2.6979833
51 1997 5.0 4.15403
51 2987 3.0 3.4608867
51 3471 2.0 3.8809893
51 356 3.0 4.1021657
51 594 3.0 3.5726662
51 595 4.0 4.1474586
51 1961 5.0 3.1264026
51 4022 4.0 2.8205605
51 2762 4.0 3.5500157
51 353 4.0 2.9302015
51 1090 5.0 3.5068283
51 215 4.0 3.562981
51 1079 5.0 3.7840223
51 1343 4.0 3.050895
51 1921 5.0 4.650836
51 2355 5.0 3.811904
51 2513 3.0 2.0339115
51 4239 3.0 2.4110725
51 3581 5.0 3.562981
51 3526 4.0 3.562981
51 2338 1.0 3.562981
51 2995 2.0 3.562981
51 3755 3.0 3.562981
51 3785 2.0 3.4178278
51 4090 5.0 3.562981
51 2025 4.0 3.562981
51 2447 2.0 3.562981
51 4541 3.0 3.562981
51 4951 4.0 3.562981
52 32 4.0 3.2626991
52 924 4.5 3.8602498
52 1097 4.5 3.5417993
52 1206 5.0 4.0553174
52 1219 4.5 3.705908
52 1982 4.0 3.9773602
52 2288 3.5 3.4840946
52 2553 3.0 3.562981
52 2571 4.0 3.7477133
52 2713 3.0 1.5916667
52 2901 4.5 3.562981
52 3273 2.0 3.562981
52 3476 3.5 1.3238945
52 4105 5.0 4.090909
52 1101 3.0 2.663595
52 2617 2.0 3.072492
52 3503 3.5 3.562981
52 112 2.5 2.9688632
52 923 4.0 4.0
52 2174 1.5 3.014336
52 5349 5.0 3.4908946
52 2366 3.0 4.195449
52 2428 1.5 2.2220166
52 2525 3.5 3.562981
52 832 3.0 3.6534276
52 327 1.0 1.4559127
52 1717 2.0 3.562981
52 1862 3.0 3.562981
52 1974 4.0 1.99375
52 1987 3.0 3.562981
52 332 3.5 3.562981
52 735 3.5 3.562981
52 1175 4.0 4.6276217
52 1998 3.5 3.562981
52 3652 4.0 3.562981
52 3802 1.0 3.562981
52 4865 3.0 3.562981
52 5219 3.5 3.562981
52 6290 3.0 3.562981
52 6707 4.0 3.562981
52 6880 4.5 3.562981
52 7029 4.0 3.562981
52 8957 3.0 3.562981
52 8019 4.0 3.562981
52 532 0.5 3.562981
52 4541 4.0 3.562981
52 220 3.0 3.562981
52 512 0.5 3.562981
52 606 3.5 3.562981
52 1168 1.0 3.562981
52 1335 2.5 3.562981
52 1978 2.5 3.562981
52 1985 3.0 3.562981
52 1986 2.5 3.562981
52 1989 2.0 3.562981
52 2548 2.0 3.562981
52 2754 2.5 3.562981
52 2780 1.0 3.562981
52 2853 2.0 3.562981
52 3205 4.5 3.562981
52 3459 3.5 3.562981
52 3485 2.5 3.562981
52 3563 2.0 3.562981
52 3661 1.0 3.562981
52 3676 3.0 3.562981
52 3708 2.5 3.562981
52 3770 3.5 3.562981
52 3772 3.0 3.562981
52 3931 3.0 3.562981
52 3941 1.0 3.562981
52 3942 2.5 3.562981
52 3961 1.5 3.562981
52 4222 2.0 3.562981
52 4388 1.5 3.562981
52 4430 1.5 3.562981
52 4561 2.5 3.562981
52 4580 3.0 3.562981
52 4652 2.5 3.562981
52 4689 4.0 3.562981
52 4753 1.0 3.562981
52 4931 2.5 3.562981
52 4986 1.5 3.562981
52 5094 3.0 3.562981
52 5163 3.5 3.562981
52 5410 3.5 3.562981
52 5546 2.5 3.562981
52 5556 1.5 3.562981
52 5587 1.5 3.562981
52 5588 3.5 3.562981
52 5640 3.0 3.562981
52 5779 2.5 3.562981
52 5784 3.0 3.562981
52 5797 1.0 3.562981
52 5925 3.0 3.562981
52 5981 3.0 3.562981
52 6063 1.5 3.562981
52 6304 2.5 3.562981
52 6305 3.5 3.562981
52 6574 1.0 3.562981
52 6746 2.0 3.562981
52 7281 3.5 3.562981
52 7449 2.5 3.562981
52 7713 3.5 3.562981
52 7845 2.0 3.562981
52 8770 4.0 3.562981
52 8815 3.0 3.562981
52 8855 1.0 3.562981
52 8932 2.0 3.562981
52 31424 2.5 3.562981
53 2713 2.0 1.5277778
53 2706 4.0 3.562981
53 2710 1.0 3.3368056
53 2688 4.0 3.562981
53 2995 1.0 3.562981
53 612 3.0 3.562981
53 2597 3.0 3.562981
54 296 4.0 4.1427073
54 2384 4.0 3.562981
54 74458 5.0 4.2391934
54 79132 4.5 4.011903
54 150 2.5 4.5232644
54 2728 2.0 3.9735641
54 1080 1.5 3.8855214
54 5989 4.5 2.2886906
54 8665 4.5 4.2793717
54 54997 4.0 3.562981
54 33794 4.0 3.9416096
54 1222 4.5 3.1639767
54 2403 4.0 3.562981
54 54286 4.5 3.6531813
54 81591 3.5 4.136903
54 81788 4.5 3.562981
54 3638 3.5 3.562981
54 1241 4.0 3.562981
54 421 0.5 3.562981
54 1515 1.0 3.562981
54 3461 3.5 3.562981
54 50851 4.0 3.562981
54 53000 5.0 3.562981
54 56339 4.0 3.562981
54 67508 4.5 3.562981
54 82242 0.5 3.562981
54 84601 4.5 3.562981
55 527 5.0 5.0
55 2396 5.0 4.8993387
55 1282 5.0 4.357652
55 1367 5.0 3.284363
55 1207 4.0 3.9823062
55 808 3.0 3.562981
55 1066 5.0 3.562981
55 2971 4.0 3.562981
55 3496 5.0 3.562981
56 50 4.0 4.828441
56 260 5.0 4.440926
56 750 4.0 3.4893868
56 1196 5.0 4.1321893
56 1221 4.0 3.9083354
56 1252 4.0 4.2561173
56 1262 5.0 4.6529474
56 1276 5.0 4.1972384
56 2401 3.0 3.562981
56 899 5.0 4.1901064
56 1230 4.0 4.8523808
56 908 4.0 4.3999386
56 587 3.0 3.562981
56 1148 5.0 4.5858617
56 912 4.0 4.246692
56 919 5.0 3.9724615
56 1207 5.0 3.4354143
56 1301 5.0 3.562981
56 2313 5.0 3.562981
56 2620 2.0 3.562981
57 1378 3.5 3.562981
57 7153 4.0 4.1948295
57 58 4.0 3.804398
57 6373 3.5 3.562981
58 608 3.0 4.5277777
58 648 4.0 4.3749204
58 736 3.0 3.2762053
58 17 4.0 3.562981
58 830 5.0 4.375
58 1485 3.0 3.7380953
58 1 4.0 4.5194464
58 494 4.0 3.562981
58 1552 4.0 2.6950793
58 661 3.0 3.8555226
58 86 4.0 3.562981
58 786 4.0 3.562981
58 1541 5.0 3.562981
58 880 3.0 3.562981
58 631 3.0 3.562981
58 711 3.0 3.562981
59 1372 4.0 3.5839286
59 4086 3.0 3.0
59 1307 3.0 4.0929723
59 1441 3.0 3.562981
59 4148 5.0 3.562981
59 1299 3.0 3.562981
59 3317 5.0 4.2444444
59 4027 4.0 5.0
59 4034 4.0 4.5853524
59 1480 1.0 3.562981
59 1093 4.0 3.562981
59 3968 2.0 3.562981
59 3863 2.0 3.562981
59 2771 2.0 3.562981
59 425 4.0 3.562981
59 4061 3.0 3.562981
59 4220 5.0 3.562981
60 50 4.5 4.8293786
60 260 4.5 4.431346
60 296 4.5 4.520896
60 1198 4.0 4.694201
60 1201 4.5 4.1580977
60 1221 4.5 4.201658
60 2248 5.0 3.562981
60 2858 4.0 4.291371
60 2968 3.5 4.400178
60 762 1.5 3.562981
60 3328 3.5 3.562981
60 3949 2.0 4.6692443
60 16 4.0 3.6272578
60 778 5.0 4.4139977
60 1120 4.0 3.928116
60 2329 4.5 4.2345552
60 3504 4.5 3.562981
60 5618 4.0 4.395576
60 1193 4.0 4.6123376
60 3173 4.5 3.562981
60 72226 4.5 4.10049
60 27773 4.0 4.611888
60 2976 4.0 3.562981
60 3007 4.5 3.562981
60 3087 4.0 3.562981
60 4007 4.5 3.562981
60 5291 4.0 3.562981
60 5853 4.0 3.562981
60 6620 5.0 3.562981
60 7123 4.0 4.6569443
60 7460 4.5 3.562981
60 8798 4.5 4.3779283
60 55118 4.5 5.0
60 2193 3.5 3.9522645
60 2114 4.0 3.562981
60 765 3.5 3.562981
60 25995 4.0 3.562981
60 26228 4.0 3.562981
60 51277 5.0 3.562981
60 69849 4.0 3.562981
61 592 4.0 3.0833938
61 608 5.0 4.2724752
61 648 3.0 3.6017346
61 45 4.0 4.2998357
61 497 5.0 4.4405456
61 348 3.0 5.0
61 47 4.0 4.739498
61 454 3.0 3.1930628
61 471 4.0 3.562981
61 246 5.0 4.7291884
61 412 4.0 3.8833334
61 786 3.0 3.562981
61 802 4.0 3.8009155
61 991 4.0 4.1842103
62 750 3.0 4.606734
62 4085 2.0 2.7003267
62 3 0.5 2.017857
62 16 4.0 2.436459
62 1544 2.0 2.4764993
63 1199 4.0 4.082801
63 1200 4.0 3.5394917
63 1394 4.0 4.246196
63 2000 4.0 4.2044153
63 2001 4.0 4.00464
63 1035 2.0 3.5228708
63 1307 3.0 3.5035074
63 1947 3.0 3.8081558
63 1132 4.0 4.75
63 1225 4.0 4.1797447
63 1293 4.0 3.9921885
63 1674 3.0 3.9152777
63 1960 5.0 3.8831062
63 1084 4.0 4.5609016
63 1228 5.0 3.562981
63 1193 4.0 4.63531
63 1264 3.0 3.8645833
63 1292 4.0 3.562981
63 1222 5.0 3.6558633
63 1913 4.0 3.562981
63 1305 5.0 3.562981
63 1948 3.0 3.562981
64 902 4.5 3.562981
64 69757 3.0 3.562981
64 2105 2.5 3.562981
65 924 4.0 3.4821208
65 999 4.0 3.562981
65 2791 4.0 3.522372
65 3363 2.0 3.8666666
65 1186 4.0 3.4142857
65 1231 4.5 3.562981
65 19 3.0 3.1105216
65 2505 3.0 3.562981
65 3107 1.0 3.562981
65 7104 1.5 3.562981
65 1352 3.5 3.562981
65 2311 3.0 3.562981
65 2520 2.0 3.562981
65 2605 1.0 3.562981
65 3710 2.5 3.562981
65 7193 0.5 3.562981
65 8610 3.5 3.562981
66 32 5.0 3.8454113
66 457 5.0 3.9040384
66 474 4.0 3.6910272
66 589 5.0 3.4605052
66 590 5.0 3.7800353
66 594 5.0 3.597686
66 95 3.0 3.232688
66 150 5.0 3.6125934
66 172 4.0 3.8116825
66 185 3.0 3.5376112
66 204 3.0 3.562981
66 733 4.0 3.7589722
66 546 4.0 2.8520586
67 377 3.0 3.2723203
67 595 3.0 4.010263
67 329 4.0 2.8451426
67 434 4.0 3.3117354
68 780 4.0 3.7457275
68 500 4.0 3.56623
68 491 3.0 3.562981
68 509 4.0 5.0
68 539 4.0 2.9520838
68 2278 5.0 3.9539568
68 1641 4.0 4.2540627
68 1704 5.0 4.3194885
68 1888 2.0 3.562981
69 750 5.0 4.6088743
69 1196 5.0 4.6515718
69 1258 3.0 4.633673
69 1283 5.0 3.00475
69 2917 4.0 3.875
69 2951 5.0 3.562981
69 3272 4.0 2.6638837
69 3476 2.0 2.75
69 364 5.0 4.4486814
69 1721 1.0 3.7863894
69 2617 3.0 3.6544688
69 899 5.0 4.512326
69 914 5.0 4.7748017
69 920 5.0 4.1840453
69 1307 4.0 4.3173003
69 2087 5.0 5.0
69 908 5.0 4.4378934
69 4306 3.0 3.707882
69 1186 5.0 3.9149027
69 923 5.0 5.0
69 1103 5.0 3.562981
69 1228 5.0 3.562981
69 1885 4.0 3.7188227
69 2300 5.0 4.093345
69 919 5.0 4.721974
69 4246 4.0 3.562981
69 247 4.0 4.253355
69 904 5.0 5.0
69 1212 5.0 5.0
69 1250 5.0 4.6360555
69 2075 5.0 4.2222223
69 2203 5.0 3.562981
69 3365 4.0 3.562981
69 4235 3.0 3.562981
69 2132 5.0 3.562981
69 2245 3.0 3.562981
69 2919 4.0 3.562981
69 232 5.0 4.0312924
69 1711 2.0 4.5324073
69 2732 5.0 3.562981
69 3384 5.0 3.562981
69 4326 2.0 3.562981
69 4641 2.0 3.562981
69 1211 5.0 5.0
69 3819 5.0 3.562981
69 2159 5.0 3.562981
69 971 5.0 5.0
69 702 5.0 3.562981
69 1948 5.0 3.562981
69 948 5.0 3.562981
69 1104 5.0 3.562981
69 2239 5.0 3.562981
69 2360 5.0 3.562981
69 3036 4.0 3.562981
69 3224 5.0 3.562981
69 3422 5.0 3.562981
69 3950 1.0 3.562981
69 4190 5.0 3.562981
69 4191 5.0 3.562981
69 4708 5.0 3.562981
69 4741 5.0 3.562981
70 480 4.0 4.103681
70 648 3.5 4.278106
70 1036 5.0 4.755263
70 1129 5.0 4.355031
70 1206 4.0 4.7233806
70 1210 5.0 4.4637733
70 1240 5.0 4.161492
70 1258 4.0 4.5523334
70 1748 4.0 2.7040946
70 1805 3.0 3.3270485
70 2701 3.5 2.1390135
70 2716 5.0 4.128599
70 3147 5.0 3.865775
70 3476 5.0 3.8709524
70 34 3.0 4.400797
70 364 3.5 4.3251877
70 1923 4.0 4.2521667
70 2396 4.0 5.0
70 3408 4.0 4.4802065
70 356 2.0 4.5493994
70 1285 3.0 4.4260993
70 1835 4.0 4.1315475
70 62 4.0 4.237855
70 783 4.0 3.5753825
70 2997 4.0 3.823731
70 4022 3.5 3.2645218
70 4148 3.5 3.562981
70 4306 5.0 3.896764
70 5952 5.0 4.96283
70 6711 3.0 4.3171296
70 6863 4.0 4.964793
70 4546 4.5 3.562981
70 48385 5.0 4.6130896
70 2762 4.0 4.0376167
70 45499 3.5 3.9855742
70 10 4.0 4.0950775
70 47 4.0 4.731642
70 185 3.5 3.7277002
70 231 3.0 3.961307
70 587 4.0 3.8177567
70 1302 3.0 3.4564655
70 1370 4.0 3.1403518
70 1552 4.0 2.733317
70 1682 3.5 4.0020914
70 2763 3.5 3.6951823
70 2797 4.0 3.38109
70 3252 4.0 3.562981
70 1203 3.0 4.529317
70 1231 4.5 4.2531085
70 1274 5.0 3.9023316
70 3052 5.0 4.6584034
70 3421 4.0 3.877047
70 3911 4.0 4.121818
70 5618 5.0 4.7303033
70 7361 5.0 4.7292295
70 8622 4.0 3.562981
70 1967 5.0 4.2680607
70 2078 3.0 4.1298165
70 3114 4.0 4.6217604
70 6377 4.0 4.431207
70 39183 4.5 3.562981
70 41566 4.0 3.4647043
70 4878 4.5 4.3899384
70 788 3.5 3.3963187
70 724 4.0 3.562981
70 1586 3.0 3.562981
70 2717 3.0 3.5237172
70 2420 4.0 2.3051786
70 2730 3.0 3.562981
70 3020 3.0 3.562981
70 3704 5.0 2.759918
70 3717 3.5 3.2650774
70 4019 4.0 4.4730043
70 4734 4.0 3.562981
70 4816 4.0 3.8984876
70 4873 4.0 4.093254
70 6378 4.5 3.7255268
70 3977 4.0 4.6571198
70 45722 3.0 3.0885417
70 2193 4.0 4.1913276
70 627 4.0 3.562981
70 2405 5.0 3.562981
70 880 3.5 3.562981
70 2572 4.0 3.562981
70 1952 3.5 4.3339286
70 728 4.0 3.4339273
70 5026 4.5 3.562981
70 7099 5.0 3.562981
70 26504 4.0 3.562981
71 50 4.0 5.0
71 1416 4.0 3.562981
71 2792 0.5 3.562981
71 4270 5.0 3.7083333
71 1476 3.0 3.562981
72 913 4.0 3.734698
72 1198 3.0 3.919895
72 1200 4.0 3.4270644
72 1270 3.0 3.2394588
72 497 4.0 3.9358506
72 899 5.0 3.3608
72 908 4.0 3.7295208
72 319 3.0 3.5670726
72 1225 4.0 3.7087939
72 1079 3.0 3.187043
72 1248 4.0 4.2932334
72 965 4.0 3.182773
72 800 4.0 3.1431878
72 1175 3.0 4.4035716
72 1603 3.0 3.562981
72 1211 4.0 3.8958333
72 1515 1.0 3.562981
73 345 3.0 3.8911765
73 413 3.0 3.562981
73 1693 4.0 3.562981
73 3072 4.0 2.4857984
73 1274 4.5 4.0333333
73 4639 3.5 3.562981
73 6624 0.5 3.562981
73 3535 3.5 3.7238965
73 92192 1.5 3.562981
73 2005 4.0 3.6689816
73 8810 2.0 3.562981
73 6383 1.0 3.562981
73 33629 4.0 3.562981
74 590 4.0 4.2748637
74 509 5.0 4.9711537
74 36 4.0 4.974359
74 508 3.0 4.168076
74 659 3.0 3.3641026
74 1357 5.0 4.7777777
75 492 3.0 3.562981
75 780 1.0 3.0979602
75 1092 1.0 3.1572428
75 1097 3.0 3.5276341
75 1127 3.0 2.6917043
75 1199 4.0 3.5859618
75 1214 3.0 3.5620196
75 1242 3.0 2.844785
75 1270 3.0 3.0898619
75 1304 3.0 3.3392751
75 1387 3.0 3.1860075
75 1394 3.0 3.8067615
75 224 3.0 3.562981
75 1029 3.0 3.3627036
75 1247 3.0 3.7693121
75 783 3.0 3.2002747
75 1288 4.0 4.032734
75 1 5.0 3.729634
75 150 3.0 3.3185549
75 351 3.0 3.562981
75 587 2.0 2.6629393
75 272 4.0 4.102173
75 1090 3.0 3.1659052
75 1172 3.0 3.5445855
75 1094 5.0 5.0
75 1103 3.0 3.562981
75 1203 3.0 3.685599
75 1248 3.0 3.7190158
75 1449 3.0 3.562981
75 903 4.0 3.6395772
75 1367 3.0 2.6053116
75 531 3.0 3.562981
75 910 3.0 2.7468953
75 927 4.0 3.562981
75 969 4.0 3.5722444
75 1212 4.0 4.101834
75 111 3.0 3.6767833
75 1480 3.0 2.1435027
75 1295 5.0 3.562981
75 879 3.0 1.7730654
75 1244 3.0 3.562981
75 1305 3.0 3.562981
75 148 3.0 3.562981
75 869 2.0 3.562981
75 1187 4.0 3.562981
76 1198 3.5 4.1075206
76 953 3.5 3.5351794
76 79132 5.0 4.0951447
76 78499 5.0 3.562981
76 92259 4.0 3.562981
77 110 4.0 4.4897075
77 1580 2.5 4.410986
77 1876 3.0 3.562981
77 2571 4.5 4.6100516
77 2701 2.5 2.0970566
77 898 4.5 3.562981
77 1225 4.5 4.113049
77 1263 4.5 4.59135
77 1682 3.5 3.7518163
77 1722 3.0 3.912059
77 4027 4.5 5.0
77 5878 5.0 4.451429
77 2023 4.5 3.4296086
77 308 4.5 3.562981
77 4223 4.0 3.1493845
77 5010 3.0 4.179877
77 2336 4.5 4.5639186
77 5991 5.0 3.6272583
77 307 4.5 3.562981
77 6382 4.0 3.562981
78 2076 2.0 3.562981
78 6711 2.0 4.2103176
78 2959 3.5 4.033114
78 68319 3.0 3.562981
78 72998 4.5 3.3156545
78 74458 4.0 3.9552698
78 778 3.0 3.9520068
78 4027 2.5 4.6082053
78 51255 2.0 3.4733446
78 54503 4.0 4.1127453
78 56367 3.0 2.0625
78 68954 5.0 4.045423
78 69644 2.0 3.562981
78 72226 3.5 3.9419935
78 2105 2.5 3.8118095
78 4235 3.5 4.446142
78 30749 4.5 3.562981
78 31410 1.0 4.137213
78 44191 3.0 3.603108
78 56174 3.0 2.2817633
78 741 2.5 3.524629
78 4239 5.0 2.3050158
78 8865 4.0 3.562981
78 59615 2.0 3.562981
78 68237 3.0 3.562981
78 5971 4.0 3.562981
78 48394 4.0 4.219051
78 65261 4.5 3.562981
78 69951 4.0 3.562981
78 73017 3.0 3.562981
78 6350 4.0 3.562981
78 6482 3.5 3.562981
78 7976 4.0 3.562981
78 27731 4.0 3.562981
78 32562 4.5 3.562981
78 33903 3.0 3.562981
78 45081 4.0 3.562981
78 52885 4.5 3.562981
78 68347 4.0 3.562981
78 69481 3.0 3.562981
78 71108 3.0 3.562981
78 74553 5.0 3.562981
78 74668 4.0 3.562981
78 85179 2.5 3.562981
79 110 4.0 3.8957958
79 1136 4.0 3.5533326
79 1198 4.0 3.996688
79 1258 5.0 3.7638814
79 1270 3.0 3.2543466
79 1387 2.0 3.6200004
79 1721 1.0 3.0108364
79 1243 5.0 3.9589436
79 1961 4.0 3.09262
79 11 4.0 3.324695
79 36 3.0 4.7986813
79 1674 4.0 4.4583335
79 1682 4.0 3.2724469
79 2797 3.0 2.8695352
79 508 4.0 4.00373
79 1704 5.0 4.041218
79 2329 5.0 3.7156503
79 912 5.0 3.832298
79 2424 3.0 3.562981
79 26 4.0 3.1933963
79 2064 4.0 3.8592892
79 2372 4.0 3.562981
79 2413 3.0 3.5150733
79 1366 4.0 3.562981
