1 110 4.0 3.8268669
1 164 3.0 0.5368901
1 350 3.0 3.3237789
1 480 4.0 3.8731694
1 780 5.0 3.143086
1 1130 3.0 2.865223
1 1197 4.0 3.5657148
1 1199 2.0 4.5117493
1 1201 4.0 2.6830661
1 1206 4.0 4.1698227
1 1214 3.0 3.7022924
1 1219 5.0 3.1646225
1 1220 4.0 2.9905505
1 1242 3.0 2.4731314
1 1597 3.0 2.7706394
1 1953 4.0 3.859172
1 2009 5.0 2.4836943
1 2288 3.0 3.5186563
1 2347 3.0 0.5
1 2407 5.0 2.5114508
1 2478 1.0 2.9539778
1 2571 4.0 4.2757096
1 2782 4.0 0.5
1 2791 4.0 4.053469
1 2804 5.0 3.4705622
1 2921 4.0 2.7084215
1 2948 4.0 3.6787171
1 2968 2.0 3.0574055
1 2987 3.0 2.5241323
1 3044 4.0 3.1716087
1 3272 1.0 2.7970803
1 3527 4.0 4.2939506
1 3550 3.0 2.6463354
1 3703 3.0 3.9994597
1 3763 4.0 0.5
1 3827 2.0 2.0898764
1 4037 3.0 3.186629
2 32 3.0 3.4244995
2 648 5.0 2.736508
2 1997 5.0 2.3153791
2 34 5.0 2.98326
2 105 5.0 2.9506207
3 260 5.0 4.0489836
3 1073 5.0 2.6069016
3 497 5.0 4.0072927
3 595 5.0 4.5049453
3 830 5.0 3.104849
3 838 3.0 3.3833344
3 900 4.0 4.0110583
3 1031 3.0 2.1897879
3 1032 3.0 3.4052093
3 1747 3.0 3.2077763
3 1951 3.0 3.2347283
3 2038 3.0 2.5034833
3 2049 5.0 0.5
3 2054 3.0 1.6268064
3 2081 4.0 4.728553
3 2096 4.0 3.4159281
4 590 3.5 3.6752815
4 1197 5.0 3.861357
4 1270 3.5 3.7368684
4 2003 4.0 1.671662
4 2571 4.5 4.3737307
4 2858 3.5 2.7808945
4 105 2.0 3.080024
4 2617 2.0 3.0411754
4 3408 4.0 3.1232765
4 48 2.0 3.699178
4 180 4.0 3.3500638
4 596 2.5 3.0268726
4 782 1.5 1.8794072
4 1499 2.0 2.784773
4 2409 2.5 0.5
4 3160 4.0 3.2424147
4 4148 3.0 2.9688997
4 4306 5.0 3.632965
4 4993 5.0 4.3964195
4 5014 4.0 3.700394
4 5446 4.0 0.5
4 6365 2.5 3.7168708
4 6565 4.0 3.687764
4 6942 4.0 3.8059509
4 7293 4.5 2.8865929
5 50 4.5 2.9804962
5 2858 1.5 3.4535909
5 613 4.0 3.1598508
5 839 1.0 3.0927565
5 2565 3.5 2.6102686
5 2959 4.0 2.882881
5 4902 5.0 1.5098622
5 5364 5.0 1.9186009
5 5570 5.0 0.5
5 6283 2.0 2.6417964
5 27744 5.0 0.5
5 60069 4.0 3.7072883
6 7293 2.5 0.74578273
6 4310 3.5 2.9524972
6 59315 4.0 3.0440822
6 60684 0.5 3.454873
6 69406 3.5 1.332531
6 74530 4.0 0.5
6 74580 3.5 0.5
6 82169 3.0 0.5
6 83132 3.5 0.5
6 84637 4.0 0.5
6 88125 3.5 3.3039696
6 89745 4.0 4.4691978
6 90057 4.0 0.5
6 90647 3.0 0.5
6 92422 1.0 1.71811
6 93982 2.5 0.5
6 95067 3.0 0.5
6 96964 3.5 0.5
6 97462 3.5 0.5
6 97752 1.5 4.0507345
6 101360 3.5 0.5
6 102125 3.5 3.0420103
6 102481 3.5 0.5
6 105954 3.0 0.5
6 106072 3.5 2.2661686
6 106918 3.0 0.5
6 108190 3.5 0.5
6 109864 2.5 0.5
6 110553 2.5 0.5
6 112091 4.0 0.5
6 112623 3.5 2.7186954
6 112852 3.5 4.874727
6 114935 2.0 0.5831877
6 115170 5.0 0.5
6 116397 2.5 0.5
7 22 4.0 3.305404
7 296 4.0 4.3743443
7 480 4.0 3.6522117
7 592 4.0 3.723451
7 289 3.0 2.2811399
7 356 3.0 3.5825586
7 597 3.0 3.1589763
7 21 3.0 3.6495588
7 95 5.0 2.9355037
7 317 4.0 3.3227758
7 361 3.0 0.5
7 374 3.0 2.9092252
7 380 4.0 3.5831206
7 442 3.0 4.236376
7 539 4.0 3.9664295
8 541 4.0 3.136653
8 1036 4.0 3.5310001
8 1198 5.0 4.4039564
8 1200 4.0 4.5357795
8 1259 4.0 2.8461568
8 1610 4.0 3.36943
8 1909 5.0 3.5697021
8 2529 4.0 3.8797505
8 2571 5.0 4.339858
8 349 4.0 3.941713
8 920 5.0 4.630953
8 1296 3.0 3.709808
8 2302 4.0 2.6968453
8 150 4.0 3.3778913
8 539 3.0 3.2819674
8 1183 5.0 4.077383
8 1186 4.0 3.4033349
8 1438 2.0 3.045357
8 1616 4.0 0.5
8 1693 3.0 4.0455675
8 1722 4.0 3.1967928
8 2002 4.0 0.5
8 2058 4.0 2.4488797
8 2353 5.0 4.1564984
8 2728 4.0 3.5484993
8 3072 2.0 2.5462713
8 3418 4.0 3.9994824
8 3723 4.0 0.5
9 303 3.0 3.8905718
9 474 4.0 3.316991
9 592 3.0 3.7380183
9 780 4.0 4.4928956
9 7 3.0 3.1802406
9 440 3.0 3.4818285
9 497 3.0 3.355802
9 830 3.0 3.2234423
9 1035 4.0 3.3406649
9 21 5.0 3.5889735
9 150 4.0 4.0626187
9 230 3.0 3.2503366
9 277 4.0 3.369363
9 329 4.0 4.635423
9 454 5.0 2.8827863
9 468 4.0 2.6617544
9 4 3.0 0.5
9 193 2.0 0.5
9 376 4.0 3.134358
9 412 3.0 2.902397
9 505 3.0 0.5
9 1087 3.0 0.5
9 1094 4.0 4.4196177
9 1124 5.0 1.9136653
10 318 3.5 4.063003
10 589 3.5 3.4513645
10 592 4.0 2.6885524
10 1089 3.5 5.0
10 1206 3.0 4.17118
10 1258 4.0 4.2478786
10 1291 4.0 3.445086
10 1304 4.0 3.3013284
10 1376 2.0 2.6566925
10 1732 5.0 3.6941094
10 2542 4.0 3.9340816
10 2571 4.5 4.1263084
10 2858 4.5 3.867015
10 2951 4.0 4.2213144
10 3424 4.0 1.2845215
10 3578 3.0 2.1742337
10 5060 3.5 3.7107873
10 1275 4.0 3.38094
10 265 4.0 4.9503994
10 928 3.0 4.1495004
10 1032 3.0 3.6368935
10 1247 4.0 4.042425
10 1639 5.0 4.1827683
10 1090 2.5 3.836243
10 1225 3.5 4.5210958
10 2918 3.5 4.606418
10 3252 3.5 4.0660934
10 300 4.5 3.6140618
10 1084 3.5 4.2404327
10 199 1.5 0.5
10 215 4.0 3.177512
10 551 4.5 3.1599119
10 1060 2.0 4.1030097
10 1079 4.0 3.1379867
10 1171 4.5 3.3185604
10 1343 3.5 3.052702
10 1643 3.5 1.9479464
10 1921 4.5 4.717153
10 2019 3.5 3.9529977
10 2174 3.5 2.8999717
10 2502 3.0 3.8987513
10 2599 4.5 4.6550856
10 2890 4.0 2.6858826
10 2993 3.0 3.1058893
10 3504 4.0 3.5085597
10 3552 4.0 0.5
10 3911 4.0 3.4678047
10 4009 3.0 2.350579
10 4036 1.5 1.6617302
10 5349 4.0 4.432918
10 5445 4.0 3.6959126
10 5673 5.0 2.9446366
10 5679 4.0 3.379416
10 5820 3.0 0.5
10 6790 2.5 0.5
10 6874 4.5 3.3935075
10 8665 3.5 4.628974
11 1208 5.0 3.624806
11 3793 3.5 3.0229788
11 2959 4.0 4.8434
11 368 2.5 3.0372875
11 19 1.0 3.1340365
11 1784 4.0 3.9180465
12 5415 1.0 0.5
12 5481 4.0 3.0094671
12 5968 2.0 0.5
13 2987 4.5 2.7100396
13 364 4.5 2.9046707
13 7153 4.5 4.4169064
13 588 5.0 3.8331542
13 2052 3.5 2.0142896
13 2081 4.0 2.96085
13 2683 3.5 3.3848825
13 4306 4.5 4.368102
13 51662 4.0 3.8785083
13 72998 2.0 4.0626926
13 4027 3.5 4.1691275
13 5481 3.0 2.7620344
13 585 3.0 3.2537594
13 661 3.5 2.7600675
13 919 3.5 3.2756782
13 1005 3.0 1.4447331
13 1907 3.0 2.7666926
13 2078 4.0 2.6769648
13 2082 3.5 2.839496
13 2123 4.0 2.0820255
13 3173 4.0 3.631793
13 3879 3.0 2.029132
13 3969 4.0 0.5
13 3990 3.5 0.5
13 4700 3.5 0.5
13 5151 3.5 3.6198225
13 5444 3.0 3.0247204
13 5452 3.5 0.5
13 6297 4.5 0.5
13 8641 4.5 3.5441582
13 8977 2.0 0.5
13 33830 3.0 0.5
13 35836 4.0 3.5641713
13 47516 0.5 0.5
13 47518 4.5 0.5
13 48522 5.0 0.5
13 51694 4.0 0.5
13 55250 3.0 0.5
13 55363 4.0 0.5
13 56152 3.5 0.5
13 56788 4.0 0.5
13 56949 3.5 0.5
13 57669 3.5 0.5
13 58803 3.0 0.5
13 59014 0.5 0.5
13 59784 3.0 2.1864128
13 63853 4.0 4.013332
13 63859 3.0 3.1283596
13 66304 3.5 0.5
13 67267 3.5 0.5
13 67734 4.0 2.340326
13 68194 4.0 0.5
13 68269 4.0 2.8450215
13 69757 4.0 1.0589416
13 72226 3.0 3.7554514
13 72919 2.5 0.5
13 76093 5.0 3.608708
14 296 4.0 4.679115
14 480 5.0 3.085257
14 527 5.0 3.9496992
14 592 3.0 4.3107853
14 2 4.0 3.411452
14 34 5.0 3.1764815
14 153 3.0 3.494377
14 552 3.0 3.0840504
14 377 3.0 3.4543934
14 10 3.0 4.1025076
14 165 2.0 4.5084276
14 185 3.0 3.717855
14 361 4.0 0.5
14 468 4.0 3.2355435
14 509 5.0 4.7767925
14 161 4.0 3.6271925
14 314 4.0 3.3666203
15 32 4.0 2.9700484
15 457 5.0 2.6192179
15 541 3.0 3.6937845
15 750 4.0 3.6017299
15 924 3.0 1.1780355
15 1219 5.0 2.859195
15 1242 3.0 2.7015162
15 1253 4.0 2.569075
15 1270 5.0 3.8690357
15 1291 3.0 3.103199
15 1573 5.0 4.5587416
15 1994 4.0 4.2461705
15 2664 5.0 3.3827758
15 2987 5.0 2.945203
15 2640 5.0 2.612582
15 908 4.0 3.6726177
15 1288 5.0 4.6696463
15 380 4.0 4.6396976
15 1087 4.0 0.5
15 551 5.0 3.6524692
15 1204 5.0 3.9193182
15 2300 5.0 2.729794
15 930 4.0 3.096344
15 943 2.0 0.5
15 1217 3.0 4.150944
15 1264 3.0 3.338025
15 1337 5.0 0.5
15 1938 5.0 0.5
15 2182 3.0 0.5
15 2186 5.0 1.9324743
15 2221 3.0 0.5
15 2551 2.0 3.0271847
15 2633 5.0 3.2363575
15 2647 5.0 0.5
15 2654 4.0 0.5
15 2747 3.0 1.7036369
15 2848 4.0 0.5
15 2867 4.0 1.9742527
15 2920 2.0 3.2913377
15 3088 3.0 3.3260217
16 260 5.0 4.216861
16 608 4.0 4.0719104
16 736 3.0 2.9810574
16 708 3.0 2.5072255
16 95 3.0 2.623843
16 760 3.0 0.5
16 804 5.0 0.5
17 1378 1.0 1.7436664
17 2020 2.5 2.1292298
17 1188 3.5 2.6637557
17 306 3.0 2.5751166
17 1831 5.0 2.480892
18 110 5.0 3.5057747
18 260 5.0 3.9515374
18 1089 5.0 3.710901
18 2028 5.0 4.443946
18 3949 5.0 4.217177
18 1203 5.0 5.0
18 904 4.5 5.0
18 111 3.0 4.8019905
18 3484 4.5 0.5
18 3987 5.0 2.2552488
18 6679 4.0 0.5
18 36529 5.0 4.032138
19 296 4.0 4.3795624
19 318 3.5 4.70173
19 48385 5.0 3.8759205
19 2762 4.5 3.370396
19 150 4.0 4.023928
19 293 4.0 3.8561122
19 778 4.5 4.429155
19 5989 3.5 4.256089
19 6874 4.0 3.0555825
19 4963 4.0 4.088975
19 4878 4.0 4.164127
19 27700 3.0 0.5
19 42004 5.0 0.5
19 42718 4.0 0.5
19 44761 3.0 0.5
20 553 3.0 3.7971785
20 1304 4.0 3.902428
20 2858 3.0 4.0810056
20 953 5.0 3.9960449
20 594 4.0 2.3241854
20 2174 3.5 4.9020324
20 1917 4.0 4.3068624
21 6 4.0 3.6338098
21 260 5.0 4.8410273
21 648 4.0 4.0832276
21 780 3.0 3.2793243
21 653 4.0 4.264216
21 9 3.0 0.5
22 110 0.5 3.078083
22 3101 4.0 2.59877
22 356 5.0 2.1245532
22 1 4.0 2.6696389
22 2023 0.5 3.4169161
22 54190 4.5 0.5
23 366 4.0 2.1138585
23 457 5.0 3.854072
23 474 4.0 3.1180043
23 780 3.0 3.8246524
23 1129 3.0 3.9632123
23 1198 5.0 4.172218
23 1258 5.0 3.4173207
23 1259 4.0 2.9094937
23 1356 5.0 4.2349668
23 1527 3.0 3.237484
23 2288 5.0 3.2922266
23 2571 4.0 4.283807
23 2701 3.0 1.9894314
23 2916 5.0 4.8756437
23 153 2.0 2.9635828
23 165 3.0 3.047524
23 204 4.0 2.5747902
23 733 2.0 3.4657812
23 1518 5.0 3.5886757
23 1722 3.0 2.7673123
23 3751 5.0 3.034322
23 327 4.0 1.3478025
23 1320 4.0 2.9070783
23 1385 5.0 0.5
23 1562 3.0 3.2701
23 1590 4.0 2.1037219
23 1591 3.0 2.4496002
23 1969 4.0 1.4376463
23 1973 4.0 0.5
23 2448 4.0 0.5
23 2614 1.0 1.1810075
23 2616 2.0 1.2884239
24 1210 5.0 4.681177
24 1617 5.0 4.964321
24 34 5.0 3.5769818
24 17 5.0 4.6640806
24 237 4.0 3.296302
24 344 3.0 2.1906672
24 485 2.0 2.9415748
24 529 5.0 4.566747
24 1094 5.0 4.966062
24 802 5.0 3.7396548
24 800 4.0 4.917957
24 1508 3.0 0.5
25 2858 5.0 3.9917998
25 7 4.0 2.8288345
25 3160 4.0 3.7776754
25 2762 5.0 4.2044945
25 2699 3.0 3.5479724
25 2276 3.0 0.5
25 3005 4.0 4.0134454
26 32 3.0 3.0625374
26 110 5.0 4.7644224
26 296 3.0 3.8754015
26 480 5.0 3.7372
26 593 5.0 4.0781813
27 3527 4.0 4.150309
27 1148 4.0 4.8839755
27 3751 4.0 3.858966
27 2706 5.0 3.1215117
27 1010 3.0 0.5
27 2004 2.5 3.302592
27 2671 4.0 3.7261848
27 33166 5.0 3.3128934
28 1199 5.0 3.393255
28 1721 1.0 2.6876884
28 2628 2.0 2.7881715
28 535 5.0 2.58052
28 1371 1.0 2.5748887
28 2065 1.0 2.660496
28 2490 5.0 1.8668565
29 924 5.0 4.508787
29 1214 5.0 5.0
29 1259 5.0 4.0718474
29 3699 4.0 4.2075267
29 919 5.0 4.543149
29 1093 4.0 2.1806638
29 781 4.0 0.5
29 1235 4.0 4.4826508
29 1995 2.0 2.1088247
29 2857 5.0 3.5634606
29 3015 3.0 0.5
29 3420 4.0 0.5
29 3626 3.0 0.5
30 296 5.0 4.1805577
30 474 5.0 3.4310405
30 266 5.0 3.08235
30 588 5.0 3.1656053
30 413 3.0 1.584468
30 1 5.0 5.0
30 47 5.0 3.281779
30 122 4.0 2.9994597
30 196 5.0 3.1574457
30 410 4.0 3.2876842
30 434 4.0 2.9137402
30 540 3.0 2.605424
30 548 3.0 2.393466
30 587 4.0 3.417482
30 733 4.0 3.1772962
30 455 1.0 2.4772038
30 223 4.0 4.5029373
30 104 4.0 2.540408
30 253 2.0 2.7133615
30 225 4.0 2.8974712
30 519 1.0 1.3427411
30 502 2.0 0.5
30 550 4.0 0.5
31 32 4.0 4.449599
31 50 2.0 3.3457036
31 296 5.0 4.2740636
31 367 0.5 2.3406997
31 553 2.0 1.9799917
31 1089 4.0 4.5160575
31 1127 2.0 2.4192688
31 1196 4.5 3.646725
31 1201 5.0 5.0
31 1206 4.5 4.3988953
31 1221 5.0 3.4119313
31 1266 5.0 3.5735853
31 1276 5.0 2.95015
31 1376 0.5 1.1226177
31 1573 3.0 1.9065913
31 1617 4.0 2.954927
31 1953 5.0 3.3321667
31 1997 5.0 3.6598592
31 2000 5.0 3.270639
31 2011 3.0 2.2330046
31 2012 2.0 2.249025
31 2118 4.0 2.8427515
31 2288 5.0 3.9674103
31 2692 4.0 3.4134266
31 2921 5.0 2.4857693
31 2947 2.0 3.3519068
31 3508 5.0 1.9588487
31 3578 4.0 1.9424601
31 4043 3.0 2.0963283
31 4128 3.0 2.0394292
31 1275 0.5 3.3740325
31 2291 3.0 3.244649
31 3996 3.5 4.643285
31 497 4.0 3.9647136
31 595 1.0 2.7220826
31 916 3.0 2.6779795
31 1285 4.0 3.1688077
31 1968 0.5 3.0963714
31 2081 0.5 2.7705822
31 1268 0.5 3.5764937
31 1288 4.0 3.442624
31 3949 4.0 1.3774365
31 4022 3.0 1.870633
31 4993 0.5 4.5217133
31 6863 2.0 3.6527424
31 4448 3.0 1.4558175
31 2762 0.5 3.2476394
31 1 3.0 3.2646704
31 368 2.0 2.815344
31 471 4.5 3.3081326
31 1213 5.0 3.345553
31 1370 1.0 2.835855
31 1411 4.0 2.978032
31 1459 3.0 1.9159683
31 1552 0.5 2.581249
31 1687 0.5 2.1000378
31 1957 3.0 2.8737
31 2949 5.0 2.845387
31 3246 5.0 2.67727
31 3723 2.0 0.5
31 193 5.0 0.50700384
31 235 2.5 3.312912
31 923 4.5 3.8411376
31 1050 3.0 3.311094
31 2231 3.0 3.7484634
31 2871 5.0 3.6191385
31 3421 4.0 4.5870204
31 3994 3.0 2.8479662
31 4226 4.0 3.3419442
31 4848 5.0 2.5389044
31 4979 4.5 4.2779293
31 5349 2.0 4.471597
31 5445 2.0 3.4612095
31 5464 0.5 2.8806012
31 6539 3.0 2.860587
31 7073 4.0 3.5537913
31 7361 4.5 2.8901563
31 7438 5.0 2.650975
31 1193 4.5 3.4712765
31 313 0.5 2.445379
31 673 0.5 3.2162528
31 2082 0.5 2.8588781
31 3969 0.5 0.5
31 4896 0.5 2.740235
31 51255 3.5 2.7038684
31 1260 4.0 2.3131108
31 2010 4.0 2.57768
31 2105 3.0 3.124653
31 2208 4.5 2.8341403
31 2398 0.5 3.1575093
31 2551 5.0 3.9148784
31 2501 3.0 2.9287682
31 111 4.5 4.305189
31 3083 3.0 2.5129366
31 4878 3.0 3.4112546
31 3948 1.0 3.4341147
31 7445 4.0 2.6452127
31 44199 5.0 2.7175152
31 44761 4.0 0.5
31 2505 0.5 3.3301117
31 1339 1.0 3.5133424
31 2702 5.0 2.246604
31 33166 2.0 2.856909
31 2723 1.0 2.3061252
31 1273 5.0 3.5485075
31 1292 1.5 3.2091303
31 2439 4.0 2.369506
31 333 1.0 2.1725175
31 555 4.0 3.1912508
31 29 4.5 2.6634173
31 70 4.0 2.918068
31 166 5.0 0.5
31 394 4.0 0.5
31 473 0.5 2.6715264
31 488 4.5 0.5
31 507 3.0 0.5
31 694 0.5 0.5
31 709 1.0 2.5428436
31 714 4.5 4.207091
31 741 5.0 2.1678164
31 1175 4.5 4.4930334
31 1279 3.5 0.5
31 1665 0.5 3.2352405
31 1785 5.0 0.5
31 1866 3.0 0.5
31 1912 4.5 3.4549124
31 1950 4.0 2.3850837
31 2033 0.5 2.2894022
31 2050 0.5 0.5
31 2074 5.0 0.5
31 2176 4.0 0.5
31 2178 4.5 0.5
31 2282 4.0 2.7722073
31 2315 3.0 2.3855617
31 2356 1.5 0.5
31 2372 2.0 2.5301607
31 2377 3.0 3.3232186
31 2394 0.5 3.0631945
31 2560 4.5 2.7511368
31 2598 1.5 0.7782518
31 2707 1.5 0.5
31 2718 3.0 0.5
31 2892 5.0 0.5
31 2926 4.0 0.5
31 2936 3.0 0.5
31 2982 4.5 2.4733596
31 3020 1.0 0.5
31 3120 0.5 0.5
31 3121 0.5 0.5
31 3213 2.5 0.5
31 3301 0.5 2.9077857
31 3435 5.0 2.6526906
31 3479 3.0 0.9232697
31 3494 3.5 0.5
31 3535 3.0 2.313596
31 3587 1.5 4.197218
31 3627 3.0 0.5
31 3633 3.0 0.5654582
31 3683 3.5 3.860289
31 3698 1.0 2.8140652
31 3726 5.0 0.5
31 3727 5.0 4.775514
31 3741 5.0 0.5
31 3760 3.0 0.5
31 3809 3.0 3.4748619
31 4029 3.0 0.5
31 4210 3.0 0.5
31 4215 0.5 0.5
31 4282 1.0 2.767956
31 4326 3.0 0.9239276
31 4433 5.0 0.5
31 4488 4.0 0.5
31 4571 3.0 3.9346774
31 4616 3.0 0.5
31 4640 5.0 0.5
31 4698 4.5 0.5
31 4710 4.0 0.5
31 4720 2.0 1.9442713
31 4735 4.5 3.2172148
31 4756 0.5 0.5
31 4873 3.0 2.5287354
31 4916 0.5 0.5
31 4954 3.0 0.5
31 4980 3.5 2.5455847
31 5110 3.5 0.5
31 5165 2.0 3.9333115
31 5170 1.0 0.5
31 5198 3.0 0.5
31 5249 5.0 0.5
31 5266 2.0 0.5
31 5293 0.5 0.5
31 5500 3.0 2.0062304
31 5602 3.5 0.5
31 5632 4.0 0.5
31 5808 4.5 0.5
31 5809 0.5 0.5
31 5847 4.5 0.5
31 6162 4.0 0.5
31 6166 1.0 0.5
31 6185 3.5 0.5
31 6260 0.5 0.5
31 6288 4.0 0.5
31 6356 4.0 0.5
31 6448 4.5 0.5
31 6537 2.5 0.5
31 6548 5.0 0.5
31 6610 1.5 0.5
31 6666 4.0 0.5
31 6808 4.5 0.5
31 6817 5.0 0.5
31 6852 4.0 0.5
31 7010 0.5 0.5
31 7027 3.5 0.5
31 7040 5.0 0.5
31 7070 5.0 0.5
31 7171 5.0 0.5
31 7222 2.0 0.5
31 7235 5.0 3.2917106
31 7300 4.5 0.5
31 7307 5.0 0.5
31 7317 0.5 0.5
31 7418 3.0 0.5
31 7484 5.0 0.5
31 7700 1.0 0.5
31 7918 0.5 0.5
31 8012 5.0 0.5
31 8016 4.0 0.5
31 8095 4.0 0.5
31 8142 5.0 0.5
31 8207 4.0 0.5
31 8501 4.0 0.5
31 8528 3.5 2.47255
31 8618 3.5 0.5
31 8670 5.0 0.5
31 8711 3.0 0.5
31 8947 4.0 0.5
31 8955 3.5 0.5
31 26152 4.0 0.5
31 26172 4.0 0.5
31 26350 5.0 0.5
31 30846 5.0 0.5
31 31086 3.5 0.5
31 31101 3.5 0.5
31 31485 3.0 0.5
31 32011 3.5 0.5
31 32029 2.0 0.5
31 34323 3.0 0.5
31 47044 5.0 3.689786
31 52241 3.5 0.5
31 55118 4.5 3.9676666
32 1196 5.0 4.245256
32 1197 4.5 4.6622505
32 1210 5.0 3.7184474
32 1372 4.0 3.141849
32 1396 3.5 4.328571
32 2001 3.5 3.3751059
32 2968 4.5 3.7821891
32 1101 4.5 3.5651863
32 1377 3.5 3.0506294
32 1923 3.0 4.9015956
32 7153 5.0 4.4212017
32 934 3.5 3.8519406
32 1307 4.0 4.3377914
32 529 4.0 4.398712
32 1957 4.5 4.8372464
32 1663 4.0 2.4822946
32 6539 3.5 4.2179832
32 1367 2.5 1.9088683
32 4896 3.0 4.343362
32 2094 4.0 3.3898623
32 6893 4.0 4.86251
32 1298 1.0 3.3694646
32 2324 4.5 5.0
33 1148 2.5 4.382212
33 39435 4.0 0.5
34 592 3.0 3.7479072
34 2 3.0 2.8912094
34 62 4.0 3.5193818
34 316 4.0 2.7482033
34 151 3.0 3.7947738
35 2353 3.5 3.348643
36 260 2.0 2.9309833
36 480 3.0 1.2387929
36 1136 0.5 3.6323934
36 1198 2.5 3.2112358
36 1265 2.0 1.4068495
36 1270 1.0 2.997827
36 1291 3.0 3.2372034
36 1954 1.5 2.6170073
36 2288 0.5 3.559921
36 2571 5.0 3.1136732
36 1584 4.0 4.31607
36 3996 3.0 3.0423708
36 261 3.5 3.6964846
36 1246 4.0 4.0394435
36 3897 3.5 2.7995477
36 4014 3.5 3.275002
36 5952 4.0 3.7591736
36 342 4.0 2.1638782
36 1393 3.0 2.6001635
36 1674 3.0 3.6543956
36 1079 2.0 3.5914028
36 3751 3.0 3.206028
36 4226 0.5 3.9053252
36 5989 3.0 3.7026157
36 8622 3.0 2.7457209
36 5377 3.0 2.8099172
36 1544 2.0 1.9251914
36 2140 3.0 3.3241262
36 3916 4.5 0.68360907
36 4776 2.0 3.619242
36 30707 5.0 2.382443
36 58 2.5 3.6419892
36 2336 3.5 3.172418
36 4646 1.5 0.5
36 7143 4.5 3.1139119
36 8957 3.5 1.7779918
37 527 5.0 4.263851
37 1196 3.5 4.037983
37 1197 5.0 4.5773005
37 1580 4.5 2.9778054
37 1610 4.5 2.9797702
37 2692 4.5 3.8292122
37 2115 3.5 3.8409345
37 7153 5.0 4.238204
37 4993 5.0 2.808844
37 5446 2.0 0.5
37 6365 3.0 2.591329
37 2959 5.0 4.803599
37 4886 3.0 5.0
37 4226 4.0 4.736748
37 8368 4.0 3.6911697
37 1917 3.0 2.6477396
37 4896 3.5 3.9021585
37 41566 2.5 3.2513669
37 44195 2.5 3.8979156
37 51255 2.5 2.9282665
37 4878 2.0 3.878056
37 63082 3.0 3.3908396
37 2470 3.5 3.5618753
37 34162 4.5 2.2722132
37 68157 4.0 3.835619
38 541 5.0 4.4880958
38 1580 4.5 3.1654444
38 3793 4.0 3.3272307
38 4993 5.0 4.9119606
38 59315 4.5 3.5926929
38 193 1.0 0.5
38 5349 4.0 3.701667
38 5445 4.5 3.865501
38 7361 5.0 4.2977314
38 6502 4.5 3.2573826
38 6016 4.5 5.0
38 44191 4.5 4.5646143
38 2746 4.0 2.796097
38 1357 4.0 4.3282824
38 27904 4.0 2.3012302
38 55908 4.0 4.2505665
38 60161 4.5 3.3538184
39 50 3.5 3.235732
39 260 4.0 2.809855
39 527 3.0 2.6287751
39 1036 5.0 3.5749383
39 1200 1.5 4.117141
39 1210 3.5 2.7728963
39 1221 0.5 2.6831615
39 1262 3.5 3.6483107
39 2571 4.5 3.65616
39 2985 3.0 3.4126904
39 3702 4.5 2.400086
39 4085 2.0 2.287213
39 7153 0.5 3.09875
39 2997 3.0 1.8592622
39 97913 3.0 2.297451
39 106487 0.5 2.2905142
39 108945 2.0 2.7240174
39 293 4.0 2.579908
39 1302 3.5 2.1183197
39 5618 4.0 3.0024233
39 1193 1.0 2.8950443
39 44191 4.5 3.2380388
39 3264 3.0 1.719094
39 56174 0.5 2.2440436
39 3698 3.5 1.8813019
39 6934 0.5 2.604882
39 7502 2.5 2.3460815
39 78499 4.0 3.2787974
39 85414 3.0 3.1845279
39 90469 0.5 2.1875725
39 91542 1.0 2.6642187
40 260 3.5 4.286018
40 480 4.5 2.5362675
40 589 4.0 2.82863
40 1196 3.5 3.7795708
40 1240 3.0 3.502093
40 1259 3.5 3.6445491
40 1732 3.0 4.333627
40 3578 3.5 2.5413055
40 2 4.0 3.272214
40 2617 3.0 2.3816402
40 595 4.0 3.6290846
40 597 2.0 2.0396795
40 1029 3.0 4.1957984
40 1032 4.0 3.128177
40 1230 3.0 4.4094357
40 180 4.0 2.7561688
40 2683 3.0 3.3492143
40 6365 2.0 3.7158449
40 2719 4.0 2.6210337
40 51662 5.0 3.891909
40 2762 3.5 3.8672507
40 4886 3.0 4.4085293
40 8961 3.5 4.002517
40 78893 3.0 2.6930118
40 80615 4.0 4.0845304
40 81417 2.0 0.5
40 89745 4.0 2.8457303
40 91529 4.0 3.40161
40 103042 4.5 1.9933387
40 111362 4.0 3.4251935
40 111759 4.5 2.141335
40 1 3.5 4.76332
40 47 3.0 4.3671966
40 150 3.5 3.3664105
40 208 4.0 3.1281247
40 2700 2.0 3.667582
40 3671 4.0 4.0019603
40 4011 4.5 4.7911673
40 7361 4.0 4.0473537
40 8368 3.0 4.260482
40 1566 3.0 2.9384053
40 1967 4.5 3.5920262
40 2018 3.0 2.5215116
40 3114 3.0 3.7137377
40 4308 3.5 3.3108284
40 5444 2.5 3.1152742
40 6502 4.0 3.5851061
40 35836 3.5 2.3367085
40 45517 3.0 4.005832
40 54503 4.0 4.1699367
40 56367 5.0 1.828474
40 67734 4.0 2.905609
40 31696 3.0 3.5314145
40 33794 4.5 3.583602
40 45728 4.0 4.3317814
40 2710 4.0 2.5633821
40 6264 3.0 2.1605685
40 64957 4.0 3.2520814
40 2335 2.0 3.3579
40 337 4.0 3.6764593
40 709 3.0 2.889046
40 741 2.5 2.7139018
40 2089 3.0 2.3113945
40 4015 2.0 2.5681465
40 4232 2.0 1.7088193
40 7360 3.0 3.7249894
40 7373 3.0 2.7467089
40 8914 3.5 4.2224545
40 33679 3.0 4.5522738
40 40815 3.0 3.634908
40 8970 4.0 3.3331754
40 78499 4.0 3.8775754
40 88140 3.5 0.54754496
40 96079 3.0 3.9627132
40 2193 3.5 3.6028523
40 3033 2.5 4.247357
40 3581 3.0 2.3241324
40 4016 3.5 3.1550872
40 4270 3.0 2.7775211
40 4340 2.0 0.5
40 7454 3.5 1.9470072
40 7812 3.0 0.5
40 8607 3.5 4.2893662
40 8640 3.5 0.5
40 8972 3.0 0.5
40 27772 4.5 0.5
40 34143 2.5 0.5
40 40278 4.0 0.5
40 52973 4.0 0.5
40 53125 4.0 0.5
40 54001 3.0 0.5
40 64497 3.5 0.5
40 69951 3.5 3.2944193
40 74754 5.0 0.5
40 81845 4.5 3.8488517
40 87192 4.0 0.5
40 89864 4.0 0.5
40 92192 2.5 1.0532843
40 99149 3.0 0.5
40 102880 3.5 0.5
40 104241 4.0 0.5
40 106030 4.0 0.5
40 106642 4.0 0.5
40 107057 4.0 0.5
41 594 5.0 3.9254122
41 1035 5.0 4.3304257
41 2080 4.0 3.8931391
41 551 2.0 4.091972
41 1566 4.0 3.5221863
41 2657 4.0 3.7481341
41 2746 5.0 3.412477
41 609 4.0 2.2204435
41 310 5.0 0.5
42 480 3.0 2.9016466
42 593 2.0 3.4893565
42 236 3.0 2.8507605
42 266 3.0 3.4884512
42 339 4.0 2.4654305
42 597 3.0 2.5223286
42 11 3.0 3.2061787
43 318 5.0 3.75401
43 349 4.0 3.4848626
43 165 2.0 3.647558
43 532 3.0 0.5
44 32 5.0 4.1730695
44 260 4.5 3.900471
44 858 4.0 4.8816576
44 1089 4.0 4.092052
44 1580 3.5 2.8945282
44 2011 4.0 2.5012572
44 2194 3.5 4.5604343
44 2571 4.5 4.762983
44 2716 4.5 3.9100895
44 2947 4.0 3.90773
44 7153 4.5 4.949283
44 4973 5.0 4.557344
44 51662 3.5 3.9096622
44 89745 4.5 2.7766185
44 103042 4.5 1.6752983
44 106696 4.5 2.4896047
44 106782 5.0 3.2109623
44 1 3.5 5.0
44 21 3.0 3.4854836
44 1213 4.0 4.2989316
44 551 5.0 4.80929
44 3448 3.0 3.2168477
44 3751 4.5 4.119905
44 4034 4.0 4.4082265
44 4226 4.5 5.0
44 4855 3.0 3.3867967
44 4979 4.0 3.7623227
44 30793 2.5 4.064427
44 68954 5.0 4.3223667
44 72011 4.0 3.5185373
44 1267 4.0 4.88508
44 2657 5.0 4.5671134
44 48516 5.0 4.173939
44 33794 4.0 3.7050557
44 802 3.0 3.4547923
44 2006 3.0 2.1223423
44 48780 5.0 3.3508809
44 54286 3.0 4.3708987
44 68358 4.5 4.3734074
44 54001 3.5 0.5
44 81847 4.0 3.0399237
44 88744 3.5 2.880128
44 98809 3.5 2.9268687
44 102445 4.0 3.804525
44 106489 3.5 3.2838657
44 47610 4.0 0.5
44 64614 4.0 4.1825566
44 67255 4.5 2.3831625
44 88810 4.0 0.5
44 97304 3.5 4.0566707
44 100714 4.0 0.5165256
44 103980 4.5 0.5
45 50 4.0 4.412811
45 750 4.0 4.7774963
45 1089 5.0 4.052062
45 1198 4.0 4.3021374
45 1206 5.0 4.5097747
45 1210 4.0 4.5557604
45 1220 5.0 3.4540005
45 1259 4.0 3.7873027
45 1266 4.0 4.4676924
45 1291 4.0 4.386439
45 1304 5.0 4.7962046
45 1347 4.0 3.625819
45 1378 4.0 3.3231504
45 1396 3.0 4.364022
45 1617 4.0 4.314522
45 1748 4.0 2.9691892
45 2076 5.0 2.6783655
45 2407 3.0 3.1658747
45 2716 2.0 4.244366
45 2858 5.0 4.344294
45 3702 4.0 3.9254475
45 2 2.0 3.0879385
45 2640 3.0 1.9934067
45 3408 4.0 4.5074573
45 39 3.0 3.492756
45 497 4.0 4.8003836
45 1297 2.0 4.4152055
45 1639 4.0 4.16254
45 316 3.0 3.8023243
45 1246 5.0 3.756982
45 1288 5.0 4.165349
45 1961 3.0 3.6958177
45 2395 4.0 4.7669005
45 3160 5.0 3.9140236
45 2959 4.0 4.2715273
45 47 4.0 4.6685452
45 442 2.0 3.3231
45 616 5.0 3.393613
45 1957 5.0 4.745236
45 2628 4.0 3.424333
45 25 4.0 4.949639
45 778 4.0 5.0
45 1103 4.0 3.911262
45 1289 3.0 5.0
45 2144 3.0 3.914688
45 2231 4.0 4.3267517
45 4102 3.0 3.516762
45 1588 4.0 2.9669132
45 2078 5.0 2.6687102
45 2082 2.0 2.9808924
45 2142 5.0 1.4807657
45 2761 4.0 3.8123734
45 3114 5.0 3.923071
45 3988 3.0 2.8081048
45 1250 4.0 4.558914
45 2105 4.0 4.470985
45 327 3.0 1.2252072
45 745 5.0 4.4992127
45 1544 3.0 3.018309
45 1590 2.0 2.8794289
45 1974 3.0 3.303804
45 3082 3.0 3.840404
45 537 1.0 3.5701807
45 29 4.0 3.7491548
45 1147 5.0 3.8351498
45 1202 4.0 4.4473286
45 1233 5.0 5.0
45 1391 3.0 2.4839096
45 1603 3.0 3.2373674
45 2275 4.0 2.157387
45 2301 4.0 3.6918821
45 2348 5.0 3.9753828
45 2403 5.0 2.8855124
45 2420 2.0 3.4610236
45 2745 4.0 2.065987
45 2926 1.0 0.5
45 3893 4.0 1.0741215
45 2470 4.0 3.6897938
45 13 3.0 0.5
45 82 5.0 5.0
45 290 4.0 0.5
45 514 4.0 0.5
45 627 5.0 3.824816
45 720 5.0 4.636871
45 866 1.0 0.5
45 1111 5.0 0.5
45 1277 2.0 0.5
45 1466 4.0 3.138381
45 2134 2.0 4.2915688
45 2405 4.0 3.9962723
45 2421 2.0 2.9906833
45 2450 3.0 0.5
45 2476 4.0 0.5
45 2574 2.0 0.5
45 2677 4.0 0.5
45 3060 5.0 0.5
45 3163 5.0 0.5
45 3526 3.0 3.3688135
45 3972 4.0 0.5
46 1198 4.0 4.6873617
46 1215 4.0 4.245613
46 1805 3.0 3.303696
46 3273 3.0 2.7409515
46 3793 5.0 3.9869006
46 1721 5.0 2.159126
46 2617 4.0 2.7476137
46 382 2.0 3.2217352
46 1717 3.0 3.1956146
46 1342 5.0 3.6366413
46 2606 3.0 2.380663
46 3717 5.0 3.310836
46 3615 4.0 2.258666
46 742 3.0 0.5762473
46 799 4.0 1.4265858
46 879 2.0 1.8735276
46 2120 3.0 1.6068312
46 3617 4.0 0.67294353
46 3755 4.0 3.635627
47 296 3.0 4.3650246
47 300 3.0 4.6809354
48 589 5.0 4.352893
48 1136 5.0 4.480799
48 1197 5.0 3.4594564
48 1198 4.0 4.7612004
48 1220 4.0 4.1002984
48 1265 4.0 3.974287
48 1387 5.0 3.8037984
48 1527 5.0 3.5392072
48 2692 5.0 3.8403084
48 5060 4.0 4.047365
48 153 4.0 3.9789078
48 2053 4.0 1.8735828
48 1032 3.0 3.194512
48 2087 3.0 3.6436183
48 783 3.0 2.8713984
48 785 4.0 2.6228137
48 3398 3.0 4.634198
48 10 5.0 4.2704372
48 44 5.0 3.3061118
48 344 5.0 3.980443
48 539 2.0 4.5440655
48 1608 5.0 4.294059
48 1722 5.0 2.916486
48 2918 4.0 4.5974383
48 1274 5.0 4.8538985
48 3098 3.0 3.2043495
48 4034 3.0 3.899303
48 19 5.0 2.1237438
48 104 5.0 3.396893
48 673 4.0 3.8813899
48 837 3.0 2.9862344
48 1566 4.0 3.0644708
48 1967 3.0 4.082266
48 2139 2.0 3.7087543
48 4519 2.0 3.2152376
48 3269 3.0 2.6283429
48 1544 4.0 3.6073084
48 1591 4.0 2.427186
48 3082 5.0 3.5804133
48 2770 4.0 3.289264
48 3868 4.0 2.4542499
48 1391 4.0 2.1340547
48 1713 4.0 3.026525
48 2033 2.0 2.301537
48 3955 4.0 0.5
48 4370 4.0 3.6948483
48 3310 4.0 3.2099273
48 2470 4.0 4.086123
48 2193 4.0 3.7428172
48 3489 4.0 3.3719668
48 4638 4.0 3.711135
48 3617 5.0 0.6194106
48 60 3.0 2.3860755
48 63 3.0 0.5
48 577 3.0 2.5642426
48 743 4.0 0.5
48 813 3.0 0.5
48 1359 3.0 0.5
48 2296 3.0 0.5
48 2498 3.0 0.5
48 3113 4.0 0.72130406
48 3412 3.0 0.5
48 3450 4.0 0.5
48 3638 4.0 2.2952251
48 3784 4.0 0.5
48 4153 4.0 0.5
48 4477 5.0 0.5
48 4545 3.0 0.5
49 1210 3.0 4.032216
49 2683 4.0 3.323191
49 223 4.0 3.8288753
49 2722 2.0 2.4310582
49 2706 4.0 2.9808836
49 1513 3.0 3.3469276
49 2702 3.0 1.6808336
50 4022 3.5 3.7131288
50 4306 5.0 4.5241985
50 4643 4.5 3.1198437
50 6365 4.5 3.7697759
50 3967 3.5 3.3602889
50 5378 4.5 3.6392763
50 273 3.0 3.5874991
50 1320 5.0 2.3703802
50 2394 4.0 3.3672533
50 6537 5.0 0.5
50 5991 3.5 4.9540877
50 3510 4.0 3.6693785
50 3157 4.5 2.2195778
50 4975 3.0 4.394871
51 296 5.0 4.539324
51 1073 3.0 2.8763793
51 1097 5.0 3.742585
51 1215 4.0 3.992824
51 1258 4.0 4.3001122
51 1754 3.0 1.4674692
51 1805 4.0 2.4363732
51 1982 4.0 2.7050557
51 1997 5.0 3.2202082
51 2916 4.0 4.0480747
51 2987 3.0 2.3121188
51 953 1.0 3.730958
51 2617 2.0 2.204054
51 265 4.0 5.0
51 356 3.0 3.8386314
51 2081 3.0 2.687927
51 2096 4.0 3.3222153
51 1961 5.0 3.5409327
51 3897 4.0 3.5276005
51 4621 3.0 2.4775681
51 2959 4.0 4.7526746
51 2762 4.0 4.119235
51 150 4.0 4.205746
51 2918 5.0 4.67
51 1060 3.0 4.3532095
51 2174 4.0 3.4656868
51 903 3.0 3.9927537
51 31 3.0 2.0883334
51 2746 2.0 2.745835
51 288 5.0 1.9328449
51 1093 3.0 1.572831
51 2702 3.0 1.7581655
51 3005 3.0 3.7034023
51 2671 2.0 2.4673405
51 2324 5.0 3.6714375
51 4321 4.0 2.0511699
51 2336 5.0 3.852593
51 3581 5.0 1.916813
51 866 5.0 0.5
51 2279 2.0 1.1214943
51 3797 1.0 0.5
51 4951 4.0 0.5
51 5111 3.0 0.5
52 260 3.5 3.0246801
52 480 3.5 2.4020932
52 589 3.0 3.5153804
52 1261 3.0 3.3442824
52 1270 4.0 3.2547033
52 1278 3.5 3.2405229
52 1321 3.5 3.8100505
52 2118 2.0 3.2991223
52 2288 3.5 3.4041097
52 2553 3.0 2.420739
52 3703 4.0 5.0
52 2617 2.0 1.7426656
52 1644 2.5 1.744667
52 4148 3.0 2.0039136
52 173 1.5 2.1171174
52 328 1.5 2.2425385
52 2021 1.5 3.0258777
52 2797 1.0 2.651809
52 8636 4.5 3.4705532
52 5459 3.5 1.762856
52 253 1.5 3.1631503
52 1348 3.0 4.096366
52 2366 3.0 3.2656734
52 2428 1.5 1.7386646
52 3081 4.0 2.7647917
52 273 2.5 2.897477
52 2662 3.0 0.6374634
52 1320 3.5 3.0447195
52 1717 2.0 2.2669337
52 1973 2.5 0.5
52 1974 4.0 2.2407916
52 1987 3.0 1.822798
52 2448 3.0 0.5
52 2746 1.5 2.367567
52 2903 3.0 2.188165
52 70 3.5 2.8524923
52 565 1.5 3.5962532
52 610 3.0 3.1381054
52 2459 4.5 3.783953
52 3652 4.0 3.9030414
52 3826 3.0 3.1854432
52 3840 4.0 1.7371633
52 4518 2.5 3.2555854
52 5219 3.5 2.268823
52 5478 3.0 2.5024054
52 5609 3.5 0.5
52 5853 4.0 3.573119
52 6058 0.5 1.6234778
52 6184 4.5 4.3659916
52 6629 4.0 2.591077
52 6742 2.5 0.51012456
52 6754 4.0 0.9743686
52 6820 2.0 2.3492718
52 7029 4.0 3.868286
52 7236 2.0 3.8228703
52 7951 3.0 2.5030663
52 8501 4.5 0.5
52 26285 3.0 2.0767498
52 6952 3.0 2.348878
52 742 2.5 0.5
52 2995 3.5 1.4592829
52 2498 2.5 0.5
52 76 1.0 0.5
52 512 0.5 0.5
52 611 3.0 0.5
52 674 3.5 0.5
52 1241 3.5 2.186508
52 1346 3.5 0.5
52 1355 1.5 0.5
52 1655 1.5 0.5
52 1978 2.5 0.5
52 1993 2.5 0.5
52 2149 2.0 0.5
52 2159 3.5 0.5
52 2368 2.5 0.5
52 2464 3.0 0.5
52 2514 1.0 0.5
52 2656 2.0 0.5
52 2783 3.0 0.5
52 2789 3.0 0.5
52 2851 3.5 0.5
52 2992 3.5 0.5
52 3017 1.5 0.5
52 3026 2.5 0.5
52 3070 3.5 0.9815092
52 3344 3.5 0.5
52 3621 3.5 0.5
52 3664 1.5 0.5
52 3757 2.5 0.5
52 3918 3.5 0.5
52 3930 3.5 0.5
52 3941 1.0 0.5
52 4430 1.5 0.5
52 4497 1.5 0.5
52 4501 0.5 0.5
52 4618 1.5 0.5
52 4652 2.5 0.5
52 4665 3.0 0.5
52 4670 2.0 0.5
52 4682 3.0 0.5
52 4697 3.5 0.5
52 4752 4.0 0.5
52 4794 4.5 0.5
52 4944 3.0 0.52326304
52 4986 1.5 0.5
52 5205 2.5 0.5
52 5305 1.5 0.5
52 5555 4.0 0.5
52 5567 2.5 0.5
52 5592 2.0 0.5
52 5640 3.0 0.5
52 5695 4.5 0.5
52 5735 0.5 0.5
52 5740 1.0 0.5
52 5774 2.0 0.5
52 5797 1.0 0.5667933
52 5852 1.0 0.5
52 5884 3.0 0.5
52 5983 3.5 1.7120259
52 6094 0.5 0.5
52 6406 2.0 0.5
52 6639 3.0 0.5
52 6695 3.5 0.5
52 6744 2.0 0.5
52 6848 3.0 0.5
52 6888 1.0 0.5
52 7036 1.0 0.5
52 7046 3.0 0.5
52 7289 3.0 0.5
52 7646 2.5 0.5
52 7650 3.5 0.5
52 7713 3.5 0.5
52 7954 2.5 0.5
52 8222 3.5 0.5
52 8778 2.5 0.5
52 8893 3.5 0.5
52 8906 3.0 0.5
53 260 5.0 3.260508
53 3578 5.0 3.4972022
53 3623 4.0 3.1785195
53 2722 3.0 2.2247488
53 2688 4.0 3.137752
53 3175 2.0 3.0189712
53 3717 1.0 2.9220054
53 2995 1.0 1.5272121
53 2369 1.0 2.2938457
53 2333 1.0 0.5
54 296 4.0 4.704256
54 318 5.0 5.0
54 6365 3.0 3.408528
54 60684 1.0 4.7882767
54 7438 3.5 3.442093
54 33794 4.0 3.2167633
54 44199 4.0 3.9550679
54 57274 4.0 4.487661
54 3535 4.0 3.3874946
54 7360 4.5 2.9019308
54 49272 3.0 2.8380558
54 44665 4.5 4.029716
54 47610 4.5 0.5
54 48872 4.5 0.5
54 49530 5.0 0.5
54 56171 2.5 0.5
54 65135 2.5 0.5
54 80398 4.5 0.5
54 82242 0.5 0.60014176
55 858 4.0 5.0
55 924 4.0 5.0
55 2067 5.0 3.3983338
55 1947 5.0 4.5114145
55 908 5.0 5.0
55 1204 4.0 3.9323673
55 919 5.0 5.0
55 969 5.0 5.0
55 1019 3.0 3.191676
55 307 5.0 5.0
55 917 5.0 0.5
55 4178 5.0 0.5
56 2396 4.0 4.866721
56 908 4.0 3.961934
56 587 3.0 4.1256385
56 1263 4.0 4.648794
56 1079 4.0 4.06888
56 1148 5.0 5.0
56 1223 5.0 4.1021523
56 1267 5.0 5.0
56 2501 4.0 4.3481393
56 1301 5.0 2.5947452
56 3157 3.0 1.8761936
56 1952 4.0 4.0618324
57 5952 4.0 3.1728506
57 11 4.0 2.9690437
57 2993 3.0 3.311462
57 1344 0.5 2.7247283
57 933 2.0 2.1270728
57 4007 3.0 3.8202784
57 4361 1.5 2.7247808
57 8132 4.0 3.2061353
57 6373 3.5 3.2124624
57 2161 0.5 3.5011282
57 3984 3.0 0.5
58 1573 3.0 3.2821667
58 95 4.0 3.0242257
58 733 5.0 2.9351118
58 1518 4.0 3.776039
58 786 4.0 2.8696954
58 880 3.0 3.2185116
58 707 3.0 3.0598466
59 3897 4.0 3.7248716
59 4034 4.0 2.5233293
59 1093 4.0 1.9432213
59 3968 2.0 1.388515
59 4167 4.0 0.7404874
59 4228 2.0 0.5
59 3270 4.0 0.5
59 4181 1.0 0.5
60 608 4.0 4.426929
60 1198 4.0 4.514672
60 1208 5.0 4.4297442
60 2716 5.0 3.5357642
60 3386 4.5 4.5928082
60 762 1.5 2.9141123
60 1747 3.0 4.464377
60 58559 4.0 2.9883475
60 2019 5.0 4.1923127
60 3552 4.0 0.5
60 3671 4.0 4.9000683
60 6016 4.5 4.993075
60 2023 3.5 4.3443027
60 2717 4.0 2.9362216
60 3730 5.0 3.4242132
60 4378 5.0 3.023106
60 5291 4.0 3.6954067
60 55118 4.5 4.6007667
60 69849 4.0 0.5
61 32 4.0 3.7135477
61 350 3.0 3.719848
61 648 3.0 3.5494797
61 497 5.0 4.7243133
61 348 3.0 3.563643
61 1 5.0 5.0
61 282 3.0 3.7258136
61 454 3.0 2.9039166
61 371 3.0 2.5898552
61 805 3.0 3.609313
61 991 4.0 3.4543574
61 337 4.0 4.662329
61 100 3.0 2.468079
61 43 5.0 2.6112883
62 750 3.0 4.4566946
62 1732 3.0 4.0945225
62 497 3.5 3.604817
62 920 2.5 2.951576
62 529 3.0 3.3427765
62 1094 5.0 3.478561
63 1127 3.0 3.4438946
63 1200 4.0 3.4885764
63 1201 4.0 4.910421
63 1240 3.0 4.7764196
63 1394 4.0 3.101757
63 1909 4.0 3.725881
63 1954 3.0 4.3603797
63 5060 3.0 4.6831007
63 914 4.0 3.9601693
63 1028 3.0 3.7277734
63 1035 2.0 3.022814
63 1230 5.0 4.1759353
63 1307 3.0 3.356571
63 1090 3.0 3.5967987
63 1263 5.0 4.7309628
63 1299 4.0 3.5639496
63 1957 5.0 4.0747914
63 1960 5.0 3.8765044
63 1078 3.0 3.3492517
63 1084 4.0 4.769049
63 1204 5.0 3.2184417
63 1228 5.0 3.8616073
63 1917 3.0 0.9639997
63 1162 5.0 2.4127564
63 1207 5.0 3.506038
63 2022 5.0 4.2145367
63 909 4.0 3.6762736
63 1888 1.0 0.5
63 1918 4.0 0.5
64 902 4.5 2.2276602
64 2105 2.5 2.5473082
64 68157 5.0 2.993996
64 2114 4.0 3.102932
64 5222 1.5 0.5
64 5296 4.0 0.5
64 72737 5.0 3.7221997
65 1214 4.0 2.3389385
65 2791 4.0 3.565687
65 79132 2.5 2.7146492
65 6953 2.5 4.3825293
65 6502 3.0 2.856596
65 7104 1.5 1.8470104
65 720 1.0 2.9751248
65 2133 2.0 2.0475638
65 2522 2.0 0.5
65 3153 2.5 0.5
65 3710 2.5 0.5
65 6658 1.0 0.5
65 7193 0.5 0.5
65 8610 3.5 0.5
65 61948 3.0 0.5
65 80350 0.5 0.5
66 590 5.0 3.5211596
66 48 2.0 2.9113994
66 353 2.0 2.7433145
66 434 3.0 2.9454286
66 376 2.0 2.9613209
66 145 4.0 3.3558733
66 519 2.0 1.7422715
67 150 4.0 3.9420173
67 231 2.0 3.7330167
67 539 3.0 4.1414394
68 480 3.0 4.4749966
68 590 5.0 3.090815
68 1610 5.0 3.1789763
68 1617 5.0 4.6664476
68 2268 4.0 2.4746823
68 1721 3.0 3.8104057
68 1777 3.0 3.4833183
68 1747 4.0 3.7572403
68 509 4.0 4.8795977
68 508 4.0 4.4387074
68 1343 4.0 2.4853396
68 1704 5.0 4.6852717
68 1888 2.0 0.5
68 2442 4.0 3.76534
69 590 4.0 3.787629
69 924 5.0 5.0
69 1196 5.0 3.9415562
69 1214 5.0 4.8914185
69 1265 5.0 3.0196528
69 2917 4.0 3.5968478
69 2985 5.0 3.1968472
69 3362 5.0 4.167319
69 3471 4.0 4.858157
69 3476 2.0 4.0636954
69 364 5.0 3.7995293
69 1721 1.0 2.9647584
69 914 5.0 4.996969
69 915 5.0 4.8684254
69 920 5.0 4.188681
69 1288 5.0 5.0
69 2997 5.0 5.0
69 3503 5.0 2.912672
69 1103 5.0 4.534398
69 1228 5.0 4.305962
69 1269 5.0 3.8364017
69 1673 5.0 4.4728293
69 2160 5.0 5.0
69 3671 5.0 4.7518187
69 904 5.0 5.0
69 911 5.0 4.221921
69 926 5.0 3.3218274
69 969 5.0 5.0
69 1264 4.0 3.9653292
69 3038 5.0 3.9662957
69 3365 4.0 2.4532347
69 111 5.0 4.6175976
69 1235 5.0 4.6719565
69 2245 3.0 3.995251
69 2731 5.0 4.0805287
69 162 5.0 3.8606431
69 1076 5.0 2.2132995
69 2788 5.0 5.0
69 3384 5.0 1.7120836
69 3546 5.0 4.8114424
69 4370 3.0 3.616484
69 4624 5.0 0.5
69 4641 2.0 3.2575266
69 1277 5.0 0.5
69 2159 5.0 0.5
69 3676 5.0 3.2390497
69 4195 5.0 3.2537875
69 971 5.0 4.6993556
69 458 1.0 2.21013
69 334 5.0 5.0
69 728 5.0 3.4209375
69 937 5.0 0.5
69 1169 5.0 0.5
69 2131 5.0 0.5
69 2239 5.0 0.5
69 2285 5.0 0.5
69 2360 5.0 0.5
69 3167 5.0 0.52556044
69 3224 5.0 0.5
69 3467 5.0 0.5
69 3470 5.0 0.5
69 3588 5.0 0.5
69 4191 5.0 0.5
69 4334 4.0 0.5
69 4529 5.0 0.5
70 198 4.5 4.302124
70 1196 5.0 4.5177536
70 1210 5.0 4.770053
70 1215 5.0 4.1386704
70 1259 5.0 3.826525
70 1291 5.0 4.140991
70 1407 4.0 3.2507067
70 1527 5.0 4.1685777
70 1580 4.5 4.4770117
70 1805 3.0 2.929264
70 2003 4.0 3.3838828
70 2012 2.5 3.9778404
70 2028 4.0 4.2372494
70 2701 3.5 1.5870638
70 2791 3.0 4.1926208
70 2968 4.0 3.8693724
70 3702 3.5 3.9596949
70 2294 4.0 4.042979
70 2617 4.0 3.754239
70 595 3.5 5.0
70 597 5.0 2.9883878
70 1297 5.0 4.7842407
70 1968 5.0 4.5425243
70 1961 3.0 4.4803143
70 2100 3.0 4.0423074
70 2455 3.5 3.9442039
70 2683 5.0 3.51228
70 3949 4.5 2.6707942
70 6711 3.0 3.7000089
70 8961 4.0 4.142304
70 1 4.0 5.0
70 165 4.0 4.47614
70 357 4.5 4.714968
70 539 3.5 4.0426965
70 586 3.0 3.1090536
70 1682 3.5 4.5674
70 2763 3.5 3.260339
70 193 3.0 0.5
70 778 4.5 4.516543
70 1120 4.5 4.004133
70 2160 4.0 3.9052122
70 3052 5.0 3.8992124
70 5618 5.0 4.650512
70 6539 5.0 4.512983
70 7361 5.0 4.686515
70 7438 5.0 4.2624054
70 4308 4.0 4.2440004
70 8360 3.0 3.5154305
70 910 2.0 3.9261193
70 5378 3.0 3.5488315
70 2706 4.0 3.9349754
70 2710 3.0 2.6535776
70 724 4.0 3.0209382
70 29 4.5 3.9033685
70 1222 4.5 4.286935
70 1391 3.0 2.944257
70 1676 4.0 2.680749
70 1884 3.5 4.0187263
70 3020 3.0 0.5
70 3175 4.0 4.9058747
70 3809 3.0 4.464625
70 7254 4.0 2.5429316
70 40815 4.0 4.0241866
70 5991 4.0 4.502043
70 45722 3.0 3.1796544
70 52245 4.5 3.019965
70 4367 4.0 3.1127598
70 1037 4.0 0.8313141
70 2005 5.0 3.5847385
70 4642 5.0 0.5
70 6583 5.0 0.5
70 37857 5.0 0.5
70 46965 3.0 0.5
71 50 4.0 3.7101371
71 3798 5.0 0.5
71 4270 5.0 3.0284443
71 3298 0.5 0.5
72 260 3.0 2.5824003
72 608 5.0 2.4130602
72 1073 2.0 3.1017058
72 1242 5.0 2.9935982
72 1276 4.0 3.994777
72 1387 5.0 2.1316447
72 1610 3.0 2.0246468
72 17 5.0 3.6710901
72 319 3.0 3.2641616
72 1225 4.0 4.0641403
72 1293 3.0 3.454408
72 1224 4.0 3.456108
72 905 3.0 2.8354936
72 926 4.0 2.6770256
72 1284 5.0 2.4135027
72 1479 3.0 2.0368245
72 1233 4.0 4.016737
72 1603 3.0 1.9088947
72 1277 4.0 0.5
72 1290 2.0 0.5
73 1127 3.0 3.620294
73 7293 1.5 2.1221676
73 51662 4.0 3.3893592
73 150 4.5 4.372549
73 529 3.0 3.7357106
73 2021 4.5 3.5080225
73 2329 3.0 4.218675
73 6502 4.0 3.8670082
73 67734 0.5 1.7770975
73 333 3.0 3.2983778
73 8169 3.5 1.5613025
73 1061 3.0 3.344934
73 74789 4.0 2.428611
73 2539 2.5 1.750524
73 4565 3.0 0.5
74 260 3.0 3.7208312
74 296 5.0 4.8217316
74 318 5.0 3.8231175
74 608 5.0 4.7188926
74 509 5.0 5.0
74 659 3.0 3.976629
74 1233 5.0 4.870939
74 92 3.0 0.5
74 117 2.0 2.6607585
75 110 1.0 2.5226777
75 198 3.0 3.1532876
75 350 3.0 2.4949157
75 1197 3.0 3.9490073
75 1198 3.0 3.9103177
75 1199 4.0 3.9990528
75 1210 3.0 4.1918445
75 1252 5.0 3.2849073
75 1358 5.0 3.9238088
75 153 2.0 3.068846
75 953 3.0 3.9463172
75 1101 2.0 3.2371001
75 1249 3.0 4.192555
75 377 2.0 3.5930064
75 595 5.0 4.931047
75 597 1.0 2.1374393
75 1639 3.0 3.792719
75 348 5.0 3.004544
75 11 3.0 3.4158146
75 208 2.0 3.2504213
75 230 5.0 2.5443246
75 355 3.0 1.925312
75 410 3.0 3.307589
75 539 1.0 2.2780647
75 616 3.0 3.56054
75 141 2.0 2.910142
75 1124 3.0 2.111287
75 919 3.0 3.973883
75 515 5.0 4.4675393
75 922 4.0 4.193236
75 926 4.0 2.8651326
75 1013 2.0 0.5
75 1254 4.0 2.5798247
75 1395 3.0 2.246468
75 58 4.0 4.1643596
75 538 3.0 3.2827442
75 1300 3.0 3.6168413
75 1366 3.0 3.0142605
75 506 3.0 3.6954064
75 125 3.0 3.4531384
75 30 3.0 2.6011305
75 211 3.0 0.5
75 549 3.0 0.5
75 650 3.0 0.5
76 1198 3.5 3.9146829
76 1270 4.0 3.9921837
76 1291 3.5 3.61261
76 79132 5.0 4.0087714
76 102445 4.0 3.088726
77 527 4.5 5.0
77 590 4.0 3.645156
77 1210 3.5 4.1945305
77 2028 4.0 4.7947516
77 2529 2.5 4.3856525
77 2858 5.0 4.5246944
77 316 2.5 3.438615
77 4306 4.0 4.3004074
77 4993 4.5 4.422762
77 2959 4.5 3.9458365
77 1172 4.5 4.5444307
77 2002 2.0 0.5
77 1704 4.0 4.7338896
77 4034 4.5 3.797781
77 308 4.5 0.9398583
77 6323 3.0 0.5
77 307 4.5 5.0
77 2605 3.0 0.9933401
77 1619 3.5 0.5
78 50 4.5 3.10041
78 750 3.0 3.7601445
78 1089 3.5 3.0055592
78 3362 4.0 3.3496914
78 3481 4.0 2.8605583
78 3897 4.0 4.274762
78 59725 2.0 1.9441812
78 8961 1.0 3.1882377
78 68319 3.0 1.283546
78 89745 3.0 1.6820056
78 3000 3.0 3.5066645
78 4027 2.5 3.69395
78 5618 4.5 4.0138288
78 5890 4.0 2.455923
78 4308 4.0 3.4237876
78 2105 2.5 3.6678603
78 31410 1.0 3.5837238
78 64957 4.5 3.0234506
78 741 2.5 1.6143883
78 4239 5.0 2.128292
78 4873 5.0 2.673204
78 8865 4.0 1.3747894
78 49272 1.5 2.5392783
78 40815 3.5 3.1521122
78 8957 4.0 1.6899589
78 59615 2.0 1.9488966
78 68157 4.5 3.4985447
78 68358 3.0 4.5782294
78 5971 4.0 3.8414998
78 27660 2.5 3.3029647
78 37729 4.0 3.785212
78 65261 4.5 3.828999
78 64614 4.0 3.974502
78 73017 3.0 3.7194138
78 5128 3.5 0.5
78 6223 4.5 0.5
78 33880 2.5 0.5
78 44694 2.5 0.5
78 46723 3.5 0.5
78 55814 3.0 0.5
78 61236 5.0 0.5
78 71264 3.0 0.5
78 71745 3.0 0.5
78 76210 2.0 0.5
79 32 4.0 3.4440272
79 260 5.0 2.277944
79 541 4.0 2.1006043
79 590 3.0 3.121999
79 750 4.0 3.6894147
79 858 5.0 3.6295927
79 1196 5.0 2.5214448
79 1199 3.0 3.1326456
79 1210 5.0 2.740667
79 1240 2.0 3.8122327
79 1610 3.0 1.168688
79 1617 3.0 4.3724885
79 1748 1.0 3.3157709
79 1101 3.0 2.0644877
79 1302 2.0 2.4963949
79 2628 4.0 1.2040441
79 2797 3.0 3.5038671
79 1224 4.0 3.0991182
79 1641 3.0 4.1359572
79 2174 2.0 2.483036
79 2371 4.0 2.6423624
79 26 4.0 3.155379
79 1541 3.0 2.80193
79 2064 4.0 2.9080184
79 2420 1.0 2.6439774
