1 32 2.0 4.187636
1 457 4.0 3.8604093
1 474 3.0 3.3892465
1 589 5.0 3.147357
1 593 5.0 5.0
1 924 2.0 2.5744462
1 968 4.0 1.9529024
1 1036 5.0 3.3368444
1 1129 5.0 3.475794
1 1215 4.0 3.651792
1 1252 4.0 1.3306941
1 1262 4.0 4.1614347
1 1265 4.0 3.164561
1 1278 3.0 3.1088002
1 1304 4.0 3.3546553
1 1372 3.0 2.8300881
1 1374 3.0 4.5123353
1 1387 5.0 2.2169573
1 1394 2.0 3.232728
1 1589 3.0 0.5
1 1625 3.0 3.47831
1 1689 3.0 2.1115425
1 1748 2.0 1.7817986
1 1994 5.0 4.346724
1 1997 3.0 3.5660152
1 2000 4.0 3.701566
1 2028 3.0 3.4796476
1 2130 2.0 0.5
1 2167 3.0 4.14947
1 2267 3.0 0.6269535
1 2268 3.0 2.9772875
1 2764 2.0 0.5
1 2912 3.0 2.9632366
1 2922 5.0 0.5
1 3074 3.0 0.5
1 3147 4.0 2.393394
1 3273 3.0 2.5609577
1 3476 2.0 2.446421
1 3543 3.0 0.5
1 3578 5.0 3.8213968
1 3668 3.0 0.5
1 3706 2.0 2.9087203
1 3793 2.0 3.6322696
1 3839 4.0 0.82215816
1 3927 3.0 0.5
1 4105 5.0 2.5087256
2 858 4.0 5.0
2 2268 4.0 3.1685529
2 2 4.0 3.2262833
2 1249 4.0 2.8717282
2 1584 4.0 3.9471684
2 1894 3.0 0.5
2 1923 5.0 4.1009974
2 2291 5.0 2.0366004
2 5218 4.0 2.900464
3 110 5.0 1.7829924
3 364 5.0 4.315639
3 500 5.0 3.628841
3 1777 5.0 3.6126657
3 3 4.0 2.2620456
3 45 3.0 3.6983004
3 236 5.0 3.467948
3 265 4.0 4.109454
3 417 4.0 3.4155815
3 901 5.0 0.5
3 920 5.0 4.350621
3 928 5.0 3.0948477
3 1487 5.0 0.5
3 1835 4.0 3.0520515
3 2052 3.0 3.081046
4 2529 2.5 4.2363667
4 3527 3.0 3.4386883
4 588 3.0 3.9979696
4 1285 4.0 3.936829
4 908 4.0 3.6081316
4 1288 3.5 3.7751336
4 2395 3.5 3.5993657
4 2997 1.5 3.5907393
4 3398 5.0 2.7329564
4 3897 2.5 3.482617
4 4014 4.5 4.0059786
4 4703 4.5 0.5
5 318 3.5 4.559725
5 2594 4.5 0.5
5 3513 1.5 2.2373927
5 4546 2.5 3.071718
5 5015 2.5 0.5
6 364 4.0 3.9251354
6 1721 4.0 3.3346672
6 4306 3.5 3.051743
6 4886 4.0 3.768556
6 74458 4.0 4.8164787
6 78637 3.5 0.5
6 82461 2.5 2.9907293
6 85261 4.0 0.5
6 88785 3.0 0.5
6 90249 3.0 0.5
6 90405 4.0 0.8534024
6 90531 3.5 0.5
6 93326 4.0 0.5
6 99787 0.5 0.5
6 99813 4.0 0.5
6 101142 4.0 0.5
6 101577 3.5 0.5
6 102903 4.0 1.9876101
6 103253 3.5 2.8080409
6 104274 3.0 0.5
6 105468 3.5 0.5
6 105504 3.5 0.5
6 106002 3.5 2.3672504
6 106487 3.5 2.609981
6 106782 3.5 3.7526054
6 107436 4.0 0.5
6 108945 1.5 2.1078012
6 111249 3.5 0.5
6 111362 4.0 3.9712815
6 113453 2.0 0.5
6 114182 3.5 0.5
6 114552 1.5 0.5
6 114795 4.0 0.5
6 115680 1.5 0.5
6 117590 1.5 0.5
6 118760 3.5 0.5
6 119141 0.5 0.5
7 593 4.0 4.4352965
7 34 3.0 2.673932
7 153 4.0 1.9554044
7 500 4.0 1.870363
7 48 3.0 2.2526035
7 261 4.0 4.465836
7 44 4.0 2.8980393
7 79 5.0 2.46302
7 93 4.0 0.5
7 172 4.0 2.6638207
7 173 4.0 2.9115586
7 174 4.0 0.5
7 237 4.0 3.6659303
7 249 4.0 3.137904
7 353 4.0 2.3247788
7 381 4.0 2.3764536
7 419 4.0 0.5
7 464 3.0 2.568332
7 485 4.0 3.0329924
7 548 3.0 2.5484052
7 586 3.0 3.2536461
7 667 3.0 0.5
8 260 5.0 4.9290357
8 474 4.0 3.8103385
8 480 4.0 3.7239017
8 1089 1.0 4.452928
8 1092 4.0 3.2913857
8 1573 5.0 4.349189
8 2916 2.0 3.9022276
8 3527 4.0 3.9093692
8 2396 4.0 4.2822347
8 377 4.0 2.5764856
8 1035 5.0 2.9875512
8 1747 4.0 3.2462337
8 345 2.0 3.2599888
8 1246 5.0 4.042695
8 1961 4.0 4.592316
8 2762 3.0 3.988204
8 11 4.0 4.3032937
8 165 4.0 3.2749867
8 230 3.0 2.843628
8 36 4.0 3.6413593
8 272 4.0 4.593923
8 1088 2.0 2.779878
8 1131 3.0 3.0054395
8 1172 4.0 4.39269
8 1213 3.0 3.1765177
8 1225 5.0 4.739056
8 1293 5.0 3.447687
8 1299 5.0 2.9287736
8 1393 4.0 3.2946572
8 1674 5.0 3.2172468
8 1957 5.0 4.645406
8 2020 4.0 2.9386675
8 2949 4.0 3.5065413
8 3198 4.0 3.8570862
9 6 3.0 3.2880933
9 318 5.0 3.8993545
9 480 3.0 3.6836357
9 553 3.0 3.5996406
9 105 3.0 1.4816332
9 500 3.0 3.3273416
9 236 3.0 3.213226
9 266 4.0 3.3375146
9 594 3.0 3.9022725
9 597 4.0 2.325561
9 316 3.0 3.028682
9 11 4.0 4.321397
9 381 4.0 1.8024744
9 383 4.0 2.6753106
9 520 3.0 3.1639826
9 540 3.0 2.631856
9 529 3.0 3.7708027
9 1088 3.0 2.6333709
9 14 4.0 3.615797
9 35 3.0 3.1845808
9 52 4.0 2.9187973
9 161 4.0 3.5945997
9 168 4.0 3.1341476
9 203 3.0 0.5
9 246 3.0 4.078404
9 444 3.0 0.5
9 647 4.0 3.493392
9 653 3.0 3.0885494
9 1078 4.0 2.244393
9 1081 4.0 1.8953518
9 1084 5.0 3.3558927
9 1095 3.0 2.7226477
9 1096 5.0 0.5
9 1125 3.0 2.8679717
10 110 3.5 2.9097135
10 260 2.5 3.7791903
10 527 4.0 4.502197
10 1197 4.5 3.5447824
10 1198 4.0 4.0099244
10 1201 4.5 3.8425853
10 1219 3.0 3.7087812
10 1617 4.0 3.8737478
10 2194 3.5 3.2739012
10 2804 4.0 4.176888
10 2948 3.5 2.9001336
10 3543 3.0 0.5
10 4086 2.0 2.214816
10 1653 4.0 3.777116
10 7153 4.0 4.0520644
10 1035 1.5 2.9864078
10 1243 4.5 3.5937786
10 1285 3.0 3.6716704
10 1297 4.5 3.3806152
10 908 4.0 4.3873453
10 1246 3.0 2.925376
10 1961 3.5 3.3612146
10 3481 4.5 3.4059186
10 1 4.0 3.1809566
10 370 3.0 3.5579457
10 2278 4.0 3.1970026
10 778 4.0 4.6909895
10 1050 4.0 2.2013507
10 1248 4.0 3.0952802
10 2184 4.0 0.5
10 2231 4.5 2.993986
10 2359 3.5 2.7464023
10 2699 2.5 2.912062
10 2946 3.5 0.5
10 3129 4.0 0.5
10 3210 3.5 3.8071527
10 3271 3.0 0.5
10 3361 4.0 3.632459
10 4226 4.0 4.3928046
10 4848 2.5 3.5072784
10 5618 4.5 4.1500945
10 6333 4.0 3.112994
10 6755 4.0 0.5
10 6953 4.0 1.7079566
10 7371 4.5 0.5
10 8364 3.5 0.5
10 8983 4.0 0.5
10 32587 4.5 4.1431046
11 1080 5.0 3.9797747
11 1537 2.5 0.5
12 2058 3.0 3.180586
12 3671 4.0 3.3234377
12 5349 3.0 3.3428822
12 2422 1.0 0.5
12 5893 4.0 0.5
13 527 4.5 5.0
13 2858 3.5 4.4065037
13 838 4.5 2.588489
13 1028 3.0 3.3657362
13 1285 4.5 4.059626
13 3481 4.0 3.3403375
13 3897 4.0 4.206705
13 4886 4.0 4.8896866
13 616 4.5 4.1777234
13 4979 3.0 3.396147
13 673 4.5 3.4393766
13 837 3.5 2.5515368
13 1588 3.5 3.4024787
13 1967 2.5 3.7802427
13 2059 3.5 0.5
13 2085 4.0 3.9076016
13 2139 3.5 3.1025069
13 3114 4.0 4.3057275
13 4519 3.5 2.7495103
13 6377 4.5 4.4556932
13 6624 4.0 0.5
13 6794 3.5 0.5
13 6798 4.0 0.5
13 7345 3.5 0.58876634
13 7444 4.0 0.5
13 8221 4.0 0.5
13 8643 3.0 0.5
13 8811 4.0 0.5
13 26662 4.0 2.9808123
13 30793 2.5 3.0523667
13 31193 4.0 0.5
13 31429 3.0 0.5
13 32289 2.5 0.5
13 32770 4.0 0.5
13 38061 3.5 3.6770434
13 43560 3.5 0.5
13 45106 3.5 0.5
13 45517 4.0 3.0541365
13 46976 3.5 3.0572724
13 50149 3.0 0.5
13 50442 4.0 0.5
13 50802 3.5 0.5
13 51255 4.5 2.6944358
13 54503 4.0 4.6166525
13 56176 4.0 0.512932
13 56367 4.0 2.0239403
13 58347 4.0 0.5
13 59333 2.0 0.5
13 60141 3.5 0.5
13 62718 3.5 0.5
13 62999 3.5 0.5
13 67788 3.5 0.5
13 72011 4.0 3.2283719
14 110 5.0 3.9275568
14 318 5.0 4.3754787
14 17 5.0 3.9865074
14 597 3.0 2.7453341
14 62 4.0 3.6446323
14 11 4.0 3.5108683
14 357 4.0 3.6428657
14 374 3.0 2.1937196
14 539 4.0 3.5804667
14 151 5.0 4.0135183
14 26 4.0 3.6488008
14 31 3.0 2.1424136
14 256 3.0 0.5
14 531 5.0 0.5
15 260 4.0 3.5954528
15 592 5.0 3.4471862
15 913 3.0 3.6029477
15 1198 4.0 4.101361
15 1201 1.0 4.099708
15 1214 2.0 4.893938
15 1580 3.0 2.9302027
15 1997 3.0 3.5833642
15 2716 3.0 3.1006057
15 2985 5.0 2.803705
15 3362 4.0 3.1413305
15 1375 3.0 2.482595
15 733 5.0 3.3043194
15 1225 4.0 4.4292736
15 923 5.0 5.0
15 1248 5.0 3.4647005
15 247 2.0 3.6950872
15 253 3.0 1.6797746
15 910 5.0 2.420867
15 946 3.0 0.5
15 969 4.0 4.1687617
15 1086 4.0 0.5
15 1178 4.0 5.0
15 1250 4.0 3.702335
15 1256 5.0 3.6789653
15 1260 5.0 3.3318708
15 1267 5.0 3.9470077
15 1940 5.0 0.5
15 2010 5.0 3.1715934
15 2105 5.0 3.356618
15 2203 4.0 0.5
15 2366 5.0 3.4265509
15 2525 4.0 2.509012
15 2646 4.0 0.5
15 2648 5.0 2.5721693
15 3075 2.0 0.5
15 3340 2.0 0.5
16 780 5.0 3.1256835
17 135 2.0 1.2873483
17 3252 4.5 2.0974092
18 296 5.0 5.0
18 593 5.0 5.0
18 1197 3.5 5.0
18 1219 5.0 5.0
18 7153 5.0 5.0
18 4973 5.0 5.0
18 2329 5.0 4.963897
18 4226 5.0 4.684994
18 7361 5.0 4.9155374
18 1193 5.0 4.9199023
18 761 2.0 0.5
18 2676 5.0 3.0104587
19 6 4.0 4.739736
19 356 4.5 4.46718
19 3949 4.0 3.5402558
19 173 2.0 3.5252426
19 2329 4.5 4.3015847
19 5445 3.5 4.506053
19 5902 4.0 3.140588
19 6870 4.0 3.661784
19 3081 3.5 4.415681
19 7445 4.0 2.5245864
19 44191 2.0 4.4222875
20 608 5.0 3.3856127
20 1266 5.0 4.0733333
20 356 5.0 5.0
20 1961 3.5 4.493571
20 2706 3.0 3.2451406
20 3105 5.0 0.5
21 858 5.0 4.7656217
21 1210 4.0 4.324495
21 1356 3.0 3.2282257
21 736 3.0 2.4062784
21 5 4.0 3.565995
21 494 4.0 3.926968
21 376 3.0 3.0791912
21 661 5.0 3.407343
22 260 0.5 3.7944565
22 592 0.5 2.8643126
22 1210 0.5 4.514191
22 1094 5.0 3.217746
22 6953 5.0 1.3915402
22 19 4.5 2.218111
22 5151 5.0 2.256913
22 273 3.0 1.8652847
22 2662 4.0 3.3463209
23 480 5.0 4.017227
23 1610 5.0 3.7309988
23 736 3.0 2.926194
23 160 3.0 2.985733
23 329 3.0 5.0
23 3256 4.0 2.9113302
23 1831 3.0 2.0449266
23 2710 5.0 2.307248
23 1479 4.0 2.5190368
23 1717 3.0 2.883743
23 1971 4.0 2.1864622
23 1974 4.0 2.6098762
23 1987 3.0 2.4937546
23 2241 3.0 0.5
23 2746 4.0 2.8054838
23 2903 3.0 2.1836827
23 3208 3.0 1.5551099
23 3354 3.0 2.470264
24 50 5.0 4.6518545
24 590 4.0 4.484417
24 780 1.0 3.2165813
24 736 2.0 2.7500293
24 45 4.0 3.9507625
24 377 3.0 3.479331
24 52 4.0 3.1820734
24 1673 4.0 2.9258482
24 585 4.0 2.393789
24 1513 4.0 2.8047583
25 3016 4.0 2.1656926
25 3111 4.0 0.5
26 329 3.0 4.221723
26 539 5.0 2.959365
27 1089 5.0 4.279226
27 2003 4.5 3.3941746
27 356 4.5 2.8630447
27 3481 5.0 3.9478195
27 2959 5.0 4.872215
27 1 4.0 4.143127
27 2300 4.0 3.2674544
27 6874 5.0 5.0
27 745 4.0 4.954197
27 2382 1.5 0.5
27 3438 4.5 3.1625912
27 57368 3.0 0.5
28 1278 4.0 3.3477163
28 1372 2.0 3.1705613
28 1374 2.0 3.5905488
28 1289 5.0 3.4555058
28 2501 4.0 3.5277772
28 2335 4.0 2.204406
29 1197 3.0 4.037581
29 3543 4.0 0.5
29 1957 5.0 5.0
29 1096 4.0 0.5
29 2023 4.0 3.3089046
29 848 4.0 2.853239
29 1273 5.0 5.0
29 2731 4.0 3.9657366
29 2919 4.0 0.5
29 3712 4.0 0.5428579
29 3841 4.0 0.5
30 432 4.0 2.9261496
30 592 4.0 3.677111
30 593 4.0 3.1713965
30 780 5.0 3.079644
30 2 3.0 4.0352855
30 349 3.0 3.3696158
30 364 4.0 3.2224586
30 597 3.0 2.4662266
30 150 5.0 4.9926343
30 165 3.0 3.0766015
30 293 3.0 3.5693526
30 442 3.0 3.7736874
30 454 3.0 3.2235405
30 520 2.0 4.4039497
30 161 3.0 3.5727007
30 19 4.0 3.4015486
30 420 3.0 1.1004938
30 276 3.0 0.5
31 6 5.0 3.9941988
31 457 3.0 2.8850486
31 474 3.0 3.0806499
31 480 2.0 2.8578513
31 592 0.5 2.2756653
31 648 3.0 2.743363
31 750 5.0 3.7693546
31 996 3.0 1.855512
31 1092 4.5 2.1864016
31 1136 5.0 5.0
31 1227 5.0 4.3075094
31 1234 4.0 4.120519
31 1252 5.0 1.9942439
31 1270 4.0 4.561454
31 1333 4.5 4.51341
31 1358 4.0 3.1488914
31 1372 2.0 3.3800974
31 1387 4.0 3.6888244
31 1394 5.0 3.4312088
31 1407 0.5 2.2898765
31 1500 3.0 4.003458
31 1689 0.5 1.8340743
31 1732 3.5 3.9072678
31 1748 2.0 3.6829011
31 1799 1.0 2.2666836
31 1965 5.0 3.5635543
31 2001 4.0 3.8003728
31 2076 3.0 3.7404592
31 2391 3.0 3.572519
31 2401 2.0 3.1707387
31 2467 3.0 3.501608
31 2716 3.0 3.0447896
31 2922 3.0 0.5
31 2944 5.0 3.7452252
31 3272 3.0 2.411209
31 3527 2.0 3.2615676
31 3681 5.0 4.383131
31 3839 4.0 0.5
31 3917 4.0 3.1425495
31 5060 4.5 3.9903922
31 364 2.0 4.2897763
31 1101 1.0 2.9469993
31 1377 0.5 1.7746584
31 1721 1.0 2.2531288
31 1777 1.0 3.2237313
31 377 4.0 3.1834855
31 899 3.0 4.072976
31 1247 4.0 3.4407911
31 316 3.0 2.1023073
31 441 3.0 2.6711912
31 1246 0.5 3.1690977
31 4643 1.0 1.7088795
31 6250 3.0 0.5927569
31 2959 4.0 3.0727012
31 3744 0.5 2.5503397
31 8961 4.0 2.1391249
31 150 4.0 3.5006518
31 353 2.0 2.8251069
31 410 4.0 4.5859394
31 464 3.0 2.8931162
31 494 2.0 3.8879623
31 516 0.5 3.6865153
31 1225 5.0 3.725227
31 1393 0.5 2.7521698
31 1682 3.0 3.0919275
31 1960 3.0 5.0
31 2150 3.0 4.6809072
31 2628 2.0 3.7643244
31 1095 5.0 2.8325481
31 778 4.0 3.9016392
31 1060 3.0 2.2736511
31 1079 4.0 4.664284
31 1080 5.0 4.504074
31 1203 2.0 4.682888
31 1204 3.0 4.9795437
31 1228 5.0 4.105169
31 1231 4.5 3.0396283
31 1248 5.0 3.5714602
31 3267 3.0 2.6784906
31 3317 2.0 4.3291864
31 3360 4.0 4.3400474
31 3396 4.0 3.538408
31 4855 5.0 2.3612385
31 5013 3.0 2.8605037
31 5418 4.0 4.1753826
31 5669 2.0 3.0112684
31 6807 4.5 2.4652417
31 6870 4.0 3.206718
31 8665 5.0 2.8432617
31 435 0.5 2.7419758
31 986 1.0 3.0287132
31 2138 5.0 3.280947
31 8641 4.5 3.5047584
31 253 3.0 0.6675784
31 930 4.0 3.4468646
31 1340 3.0 4.901795
31 2633 2.0 4.612014
31 832 2.0 3.6744485
31 5878 5.0 3.0512998
31 48516 4.0 3.2434971
31 784 4.5 1.3022585
31 4754 2.0 5.0
31 2490 3.0 2.9402025
31 2072 3.0 2.0183666
31 177 3.0 0.5
31 232 3.0 3.9827504
31 426 3.0 3.4970317
31 663 4.0 0.5
31 1025 3.0 2.4705684
31 1128 2.0 4.0380063
31 1162 4.0 4.3981237
31 1222 5.0 4.2734303
31 1245 5.0 0.5119823
31 1301 3.5 3.7713845
31 1303 5.0 0.5
31 1649 4.0 0.5
31 1672 0.5 0.5
31 1711 4.5 1.4749483
31 1801 0.5 2.4231534
31 1827 4.0 0.5
31 1920 0.5 1.247788
31 1949 3.0 2.5032542
31 2022 4.5 4.5819917
31 2064 4.0 3.7662709
31 2066 4.0 0.5
31 2090 2.0 2.0244439
31 2109 2.0 0.5
31 2308 3.5 0.5
31 2385 4.0 0.5
31 2399 0.5 0.5
31 2431 0.5 3.0766428
31 2511 4.5 0.5
31 2600 4.0 0.5
31 2732 0.5 0.5
31 2810 0.5 3.2711701
31 2819 3.0 0.5
31 2900 4.5 3.3157988
31 2905 4.0 3.8863912
31 2953 0.5 1.5892851
31 2965 0.5 0.5
31 3039 1.0 0.5
31 3181 4.5 3.368729
31 3248 0.5 0.5
31 3352 4.5 0.5
31 3384 2.0 2.9724565
31 3397 3.0 0.5
31 3430 1.5 0.5
31 3546 5.0 3.774971
31 3654 4.0 0.5
31 3728 4.5 0.5499236
31 3730 5.0 4.830567
31 3745 1.0 2.0787482
31 3752 0.5 2.4894762
31 3753 0.5 2.9993973
31 3783 4.0 0.5
31 3811 5.0 0.5
31 3826 4.5 2.8447897
31 3840 2.0 3.808049
31 3968 3.0 1.826052
31 3970 5.0 3.5704036
31 4025 0.5 3.4914343
31 4033 2.0 0.5
31 4055 0.5 0.5
31 4064 5.0 0.5
31 4065 3.5 0.5
31 4066 0.5 0.5
31 4232 2.0 0.81027967
31 4239 0.5 4.1097584
31 4262 5.0 0.5
31 4298 5.0 3.2076397
31 4313 1.0 0.5
31 4370 3.0 3.69226
31 4380 3.5 0.5
31 4419 4.5 0.5
31 4437 3.0 0.5
31 4499 1.0 0.5
31 4645 4.5 0.5
31 4650 1.5 0.5
31 4654 3.0 0.5
31 4723 0.5 0.5
31 4734 0.5 3.4365702
31 4776 3.0 4.0931854
31 4791 1.0 0.5
31 4826 5.0 0.8879015
31 4842 3.0 0.5
31 4901 2.0 0.5
31 4941 4.0 0.5
31 4956 3.0 0.5
31 5010 2.0 1.5650245
31 5294 4.0 0.5
31 5323 2.0 3.344944
31 5329 2.0 0.5
31 5340 0.5 0.5
31 5426 4.5 0.5
31 5435 2.0 0.5
31 5663 4.0 0.5
31 5666 2.0 0.5
31 5793 0.5 0.5
31 5872 2.0 1.612336
31 5891 0.5 0.5
31 5908 4.5 0.5
31 5938 1.0 0.5
31 5951 5.0 0.5
31 6058 2.0 0.5
31 6188 3.0 0.5
31 6301 5.0 0.5
31 6478 5.0 0.5
31 6567 4.0 0.5
31 6620 3.5 4.701423
31 6630 0.5 0.5
31 6676 4.0 0.5
31 6703 2.5 0.5
31 6707 3.5 3.6560872
31 6731 5.0 3.3748624
31 6748 5.0 0.7355986
31 6757 4.0 0.5
31 6820 2.0 2.1670177
31 6844 0.5 0.5
31 6857 4.5 0.5
31 6862 4.0 0.5
31 6880 2.0 4.2274985
31 6990 3.0 0.5
31 7007 4.5 0.5
31 7029 5.0 3.7700942
31 7032 4.5 0.5
31 7063 5.0 0.5
31 7076 4.5 0.5
31 7104 3.5 1.512413
31 7226 4.5 0.5
31 7319 4.0 0.5
31 7347 3.0 3.7321594
31 7360 5.0 4.042839
31 7368 5.0 0.5
31 7413 3.0 0.5331691
31 7587 4.5 0.5
31 7817 4.0 0.5
31 7932 4.5 0.5
31 7981 4.5 0.5
31 8011 4.0 0.60214394
31 8042 5.0 0.5
31 8169 1.5 3.4278197
31 8340 4.5 0.5
31 8371 4.0 0.6661752
31 8495 4.5 0.5
31 8512 3.0 0.5195914
31 8595 4.0 0.5
31 8623 2.0 0.5
31 8661 1.0 0.5
31 8860 2.0 0.5
31 8917 1.0 1.6181303
31 26283 5.0 0.5
31 26285 3.0 2.7335734
31 26713 4.5 0.5
31 33004 3.0 3.263473
31 34319 5.0 0.5
31 36401 4.0 0.5
31 47830 1.5 0.5
32 1198 5.0 4.245352
32 4085 4.0 3.2675745
32 5299 3.5 3.2661698
32 588 3.0 3.5561874
32 920 2.0 4.7222347
32 4008 2.5 1.820083
32 4993 5.0 4.5258293
32 1302 3.5 2.6018348
32 2150 5.0 3.9666495
32 5445 3.5 3.1309268
32 3114 5.0 3.8824446
32 6593 3.0 2.3737454
32 420 3.5 1.7173547
32 2671 3.5 2.7461243
32 4019 4.0 4.124613
32 1395 2.5 2.1939998
32 3066 3.0 0.5
32 4018 4.0 1.8102504
32 4225 3.5 0.5
33 1376 4.0 2.8494
33 520 3.5 4.0522885
33 1552 2.5 2.7445314
34 110 5.0 3.34407
34 474 3.0 3.2679682
34 480 3.0 2.7948563
34 527 4.0 3.5244071
34 349 4.0 3.659948
34 165 4.0 2.8677702
34 186 3.0 2.7647047
34 317 3.0 2.9138565
35 318 5.0 4.75766
35 1266 4.5 3.1067684
35 1876 3.5 2.4127162
35 588 3.0 3.6344411
35 1028 4.5 3.3814075
35 5952 4.5 4.261628
35 586 3.0 3.566752
35 1722 3.0 3.8374307
35 70 3.5 3.7317429
36 110 5.0 3.1715553
36 1214 2.0 3.8792493
36 1376 1.0 2.9337678
36 2268 4.0 2.304671
36 2407 3.0 2.9349775
36 3578 5.0 2.125709
36 5299 2.0 2.2202055
36 356 4.5 4.203042
36 1485 1.0 1.5354391
36 7147 2.0 3.1057465
36 2565 3.5 1.6412823
36 1 2.5 2.5594141
36 282 4.0 1.6245646
36 370 1.5 2.988792
36 381 5.0 1.618684
36 161 2.5 2.9708562
36 223 2.0 2.6159852
36 1704 4.0 2.9403276
36 5418 4.5 2.9006724
36 5445 4.5 2.7725441
36 5669 3.5 2.038326
36 6870 2.5 2.180425
36 8983 4.5 0.5
36 4246 3.0 2.4946764
36 4896 3.5 2.6280308
36 4963 4.0 2.341508
36 8360 2.5 2.2237866
36 4239 2.5 3.162224
36 33493 2.0 1.2221141
36 33679 4.5 1.5000724
36 1962 2.5 2.8621042
36 4225 2.0 0.5
36 1061 2.5 2.2668412
36 1271 3.0 1.8677697
36 2125 3.0 1.5748445
36 4328 2.0 0.5
36 4465 4.0 0.5
36 4508 3.5 0.5
36 7139 3.5 0.5
36 8784 2.5 2.5718665
37 318 5.0 4.5202904
37 480 4.0 3.590467
37 648 4.0 2.533461
37 1198 4.5 3.8643339
37 2028 3.0 4.6376357
37 3578 3.0 4.019686
37 1653 5.0 3.885632
37 356 5.0 4.3031707
37 1380 3.0 1.5261687
37 2054 2.0 2.7646983
37 4973 3.5 4.546561
37 5952 5.0 5.0
37 8961 3.5 4.086912
37 59315 3.0 3.4519465
37 10 4.5 3.8486352
37 2949 3.0 3.2437418
37 5349 4.0 3.3030334
37 6539 4.0 4.0568814
37 6807 4.5 3.6413343
37 8665 4.0 3.672896
37 1193 4.0 3.368133
37 35836 4.5 3.8716295
37 69122 5.0 3.5511837
37 2657 1.0 3.818737
37 4995 5.0 3.7304091
37 53996 3.0 3.20255
37 40815 4.0 3.318935
37 6934 3.5 2.3215954
37 54286 3.5 2.5115294
37 55820 2.5 3.5349746
37 71535 5.0 4.043533
37 77561 2.5 3.7965198
38 260 4.5 4.8007116
38 1196 4.5 4.2533383
38 2571 5.0 4.941622
38 3108 4.0 4.278184
38 1882 3.5 3.8047955
38 54995 5.0 4.0223985
38 48774 4.5 3.9239254
38 68358 4.5 4.7415686
38 2641 4.0 0.5
38 51709 4.5 0.5
38 70286 4.5 4.166444
39 110 4.0 2.9665318
39 318 4.0 3.5325742
39 1198 4.0 3.6055915
39 1610 3.5 2.7458918
39 1965 4.5 2.8178556
39 2009 3.0 2.659357
39 2858 3.0 2.1007137
39 3703 3.5 2.0260353
39 908 2.5 2.463744
39 2959 4.0 1.5378174
39 4886 5.0 3.174141
39 4011 3.0 2.7111642
39 4855 4.0 1.3702152
39 5445 4.0 1.8055884
39 8949 3.5 1.9550672
39 919 3.0 2.4758105
39 6377 5.0 2.5703495
39 3275 2.0 0.71439874
39 48394 2.5 3.3243442
39 109487 2.5 2.1936305
40 1200 4.0 3.6381347
40 1258 2.5 4.0913877
40 1270 3.5 3.9024715
40 1321 3.5 4.1694875
40 1876 3.0 2.7617047
40 3793 4.0 3.041526
40 7153 5.0 4.7656713
40 48 4.0 2.4786682
40 588 4.5 2.816335
40 1022 3.0 2.9050741
40 1031 3.5 2.4014235
40 1968 3.0 3.5306664
40 45499 3.0 3.4152503
40 58559 4.0 3.4906926
40 72998 4.0 5.0
40 92422 2.5 0.7574483
40 97752 5.0 1.3286271
40 103253 3.5 2.991465
40 106072 3.5 2.5929594
40 107436 1.0 0.5
40 108945 4.0 1.7157664
40 1682 4.0 3.712387
40 2918 4.5 3.8736284
40 2174 4.0 3.694882
40 3052 4.0 3.8807046
40 3751 3.0 4.367742
40 7438 1.0 3.9974806
40 919 4.0 4.4472256
40 2138 3.5 3.4496968
40 6377 4.0 4.792005
40 8641 5.0 3.1775556
40 30793 5.0 2.4823148
40 66934 4.0 3.5148077
40 68269 4.0 2.7589655
40 68554 3.0 1.4208109
40 69122 2.0 3.508506
40 76093 4.0 3.9124496
40 253 4.0 1.8501978
40 6016 4.0 4.82846
40 784 3.0 1.0333614
40 31410 3.5 3.4873662
40 4754 2.5 4.1159115
40 216 2.0 3.801132
40 70 3.5 3.8226945
40 101 3.5 2.6862276
40 1202 4.5 3.1547227
40 1342 4.0 3.2143202
40 2140 5.0 3.7628953
40 3034 3.0 3.8981812
40 4223 3.5 5.0
40 6242 5.0 3.1345098
40 33493 3.5 2.8882952
40 49272 2.0 3.498158
40 34048 3.5 4.0793567
40 6373 3.0 3.9237761
40 53464 3.0 2.7669058
40 1126 3.0 0.5
40 2340 4.0 0.5
40 2893 4.5 0.5
40 3285 3.5 3.6135836
40 6218 2.5 0.5
40 6952 3.0 2.2158782
40 9010 4.0 0.5
40 26903 3.0 0.8056127
40 31184 3.0 0.5
40 33615 3.0 0.5
40 33779 3.0 0.5
40 34314 2.0 0.5
40 37741 5.0 0.5
40 42213 4.0 0.5
40 45672 3.0 0.5
40 47629 3.0 0.5
40 48738 4.0 0.5
40 51077 3.0 0.5
40 55768 2.5 0.5
40 56145 4.0 0.5
40 56921 4.5 0.830145
40 63113 3.0 0.5
40 65261 5.0 3.7159705
40 68073 3.5 2.7976809
40 71106 4.0 0.5
40 71464 4.0 3.9565346
40 72171 4.5 0.5
40 74789 4.0 2.3877904
40 78209 4.5 0.5
40 81591 3.5 4.4901476
40 81910 3.5 0.5
40 83613 2.5 0.5
40 87232 3.5 3.9499545
40 87306 4.0 3.0627773
40 93475 3.0 0.5
40 94813 1.0 0.5
40 95167 4.0 0.5
40 95207 0.5 0.5
40 95510 4.0 0.5
40 99112 3.0 0.5
40 100163 4.0 0.5
40 102445 5.0 3.938903
40 103306 4.0 0.5
40 103688 3.5 0.5
40 110102 4.5 0.5
41 527 5.0 4.364412
41 595 5.0 4.267762
41 1487 5.0 0.5
41 1951 4.0 2.59417
41 107 5.0 3.9332504
41 2083 5.0 0.5
42 265 5.0 2.997703
42 440 3.0 2.498411
42 454 3.0 2.9370618
42 508 5.0 3.460745
43 590 3.0 2.9828641
43 434 3.0 2.2411752
43 14 4.0 3.2745042
43 223 5.0 3.3367236
44 110 3.0 4.3920116
44 592 4.5 3.937361
44 1097 5.0 4.509484
44 1198 4.5 4.6791673
44 1252 4.5 3.3395672
44 1374 3.0 5.0
44 2000 3.5 3.7789073
44 2542 4.0 4.066155
44 2858 4.0 5.0
44 2115 4.5 3.5826433
44 2406 4.0 2.7784505
44 3408 4.0 4.232034
44 356 4.0 2.9774184
44 3481 3.5 3.365198
44 2762 4.5 4.219971
44 58559 4.5 4.2900524
44 72998 4.5 4.1463428
44 99145 3.5 2.6731434
44 105504 4.5 0.5
44 109673 2.5 2.342907
44 7438 4.0 4.146344
44 1784 3.0 3.8795872
44 4896 3.0 3.8829572
44 44555 5.0 3.7733772
44 50872 4.0 4.0182195
44 63859 3.5 2.1801982
44 72226 4.0 4.1430154
44 910 3.5 2.8623195
44 5878 4.0 4.004007
44 55118 5.0 4.0099697
44 77561 3.5 3.7071288
44 91542 4.0 0.5
44 91658 4.5 0.55720156
44 96079 4.0 3.1103537
44 96610 3.5 3.4148586
44 31658 5.0 4.357139
44 103249 3.0 2.97197
44 8529 3.5 0.5
44 44665 4.0 3.1352642
44 80489 3.5 0.5
44 91535 2.5 0.5
44 91630 3.0 0.5
44 104879 4.0 0.5
45 541 5.0 4.6566734
45 924 5.0 4.0185237
45 1036 4.0 5.0
45 1196 5.0 3.9430592
45 1219 5.0 3.917568
45 1234 4.0 3.833582
45 1240 4.0 4.165069
45 1265 3.0 4.0211854
45 1270 3.0 4.266366
45 1321 5.0 2.8432648
45 1356 4.0 2.917379
45 1372 4.0 3.376853
45 1500 5.0 4.1567125
45 1953 4.0 4.1726875
45 1954 5.0 2.167933
45 2194 4.0 3.2893863
45 2268 3.0 2.480624
45 2467 4.0 4.1228876
45 2542 4.0 4.321663
45 3578 5.0 3.339065
45 3703 5.0 4.564668
45 4085 4.0 2.6785793
45 364 5.0 3.7948701
45 1249 4.0 3.9619462
45 2067 4.0 4.6501164
45 2115 4.0 3.1598547
45 2396 5.0 4.184729
45 2712 3.0 4.0455213
45 17 4.0 3.7284718
45 1282 5.0 3.8851476
45 345 5.0 3.2014306
45 1268 4.0 2.7451167
45 2997 5.0 4.3194294
45 3481 5.0 3.5640452
45 475 4.0 3.7687263
45 36 4.0 5.0
45 529 4.0 2.8065739
45 1183 3.0 4.468304
45 1213 4.0 4.43936
45 1263 5.0 4.38839
45 2021 4.0 4.3161483
45 2728 4.0 3.9381607
45 3176 4.0 3.0157716
45 3198 5.0 4.581058
45 194 4.0 4.643931
45 235 4.0 5.0
45 246 4.0 5.0
45 314 3.0 3.7773876
45 551 4.0 4.808108
45 1060 4.0 3.053137
45 1120 4.0 4.4081326
45 1148 5.0 5.0
45 1171 4.0 3.3398345
45 2174 5.0 3.548922
45 2871 5.0 4.1915517
45 3267 5.0 3.0159285
45 3360 4.0 4.257206
45 4027 5.0 3.8596256
45 1784 4.0 4.1277466
45 837 3.0 2.503798
45 919 5.0 4.4837
45 1917 3.0 2.4905443
45 2141 4.0 3.477702
45 31 2.0 2.4993582
45 253 3.0 2.7692974
45 904 5.0 3.4189837
45 1256 4.0 3.7302058
45 3081 4.0 3.3788517
45 1345 4.0 3.8514714
45 1320 3.0 3.8652213
45 2717 3.0 2.7690635
45 800 3.0 3.8476365
45 2686 5.0 2.7150404
45 1373 1.0 1.0940881
45 1273 4.0 5.0
45 101 4.0 3.413059
45 1207 5.0 3.2653728
45 1649 5.0 0.5
45 1729 4.0 3.3575182
45 2064 4.0 3.975934
45 2090 5.0 2.2201493
45 2165 4.0 2.501751
45 2394 4.0 2.6159165
45 2788 5.0 3.9640481
45 3034 5.0 3.675543
45 1962 3.0 3.654047
45 2137 3.0 3.6906521
45 2641 1.0 0.5
45 2313 4.0 4.230943
45 218 3.0 2.7058184
45 94 4.0 0.5
45 307 5.0 3.8195403
45 1030 3.0 3.069588
45 1366 3.0 2.8730905
45 1392 3.0 0.5
45 1594 4.0 0.5
45 2146 2.0 0.5
45 2232 3.0 2.9457405
45 2410 2.0 0.5
45 2481 4.0 0.5
45 2642 2.0 0.5
45 2750 3.0 0.5
45 3185 4.0 0.5
45 3523 3.0 0.5
45 4084 3.0 0.5
45 4117 5.0 0.5
46 2710 4.0 1.7958155
46 724 3.0 3.4330764
46 70 2.0 4.031182
46 3555 5.0 0.6076681
46 3752 3.0 3.472846
46 3826 3.0 2.0155993
46 3510 4.0 3.1974285
46 3185 4.0 0.5
46 3287 4.0 2.1947181
46 2891 3.0 0.5
46 3316 3.0 0.5
46 3512 4.0 0.5
47 153 3.0 2.733258
47 349 4.0 3.4966729
47 47 4.0 4.5350485
47 344 2.0 2.817519
47 434 3.0 3.2578902
48 1196 5.0 4.1051345
48 1214 5.0 3.0331666
48 1573 4.0 3.1521847
48 2542 3.0 3.7189376
48 2916 5.0 3.8878863
48 3471 3.0 4.546293
48 3527 5.0 4.0770273
48 3827 3.0 1.6120408
48 1101 4.0 3.4907665
48 1923 4.0 4.008328
48 2294 3.0 4.065243
48 3623 4.0 4.1289945
48 3996 5.0 3.7187865
48 377 5.0 3.7959769
48 934 3.0 3.7225006
48 1307 3.0 4.6705227
48 62 5.0 4.359862
48 1499 4.0 2.0153573
48 2959 5.0 5.0
48 2762 5.0 4.8755674
48 185 5.0 3.7068484
48 733 4.0 3.745271
48 2628 5.0 2.3751562
48 2797 3.0 3.4858859
48 455 3.0 1.3343232
48 3671 5.0 3.2995634
48 3751 3.0 4.2433157
48 3994 4.0 3.14779
48 585 4.0 2.7255182
48 1588 3.0 3.203331
48 2092 2.0 2.3701632
48 2354 1.0 2.8230295
48 3114 5.0 3.7749228
48 256 3.0 0.5
48 969 2.0 3.4290836
48 1690 5.0 3.275195
48 832 5.0 4.4440246
48 2501 4.0 4.1464286
48 761 4.0 0.5
48 1320 5.0 3.2367878
48 2792 5.0 3.2613752
48 1779 4.0 2.2069833
48 2335 4.0 4.181582
48 546 4.0 1.8115968
48 473 4.0 0.5
48 1665 5.0 0.5
48 2694 4.0 3.419946
48 3034 4.0 3.4832926
48 3752 5.0 3.889058
48 3809 4.0 3.2137907
48 4683 4.0 0.5954882
48 575 3.0 4.0676985
48 3510 4.0 3.106534
48 2421 4.0 1.4296186
48 3755 2.0 3.2038107
48 801 2.0 2.6954207
48 880 4.0 2.76266
48 1474 3.0 0.5
48 1792 5.0 0.5
48 1911 4.0 2.7851448
48 3399 2.0 0.5
48 3964 3.0 0.5
48 4023 3.0 0.5
48 4104 4.0 0.6197329
48 4343 4.0 0.5
48 4619 4.0 0.5
48 4686 3.0 0.5
49 260 5.0 3.9884238
49 2396 4.0 3.8643088
49 2395 4.0 3.5654569
49 1135 3.0 2.0787716
49 2688 3.0 3.240679
49 3016 3.0 0.82873964
49 2976 4.0 3.2341995
49 3863 3.0 3.649446
49 2840 4.0 0.5
49 3453 2.0 0.5
50 1092 4.0 3.1769934
50 2542 3.5 4.3997984
50 4993 5.0 5.0
50 1088 2.0 3.352441
50 2628 4.5 4.063024
50 6539 5.0 4.91457
50 5459 5.0 2.59858
50 6266 4.0 2.6025693
50 6377 4.5 4.0568805
50 3146 3.0 2.8205783
50 2671 2.0 2.9194202
50 2393 4.5 3.191118
50 4370 3.0 3.6799917
50 4270 4.0 3.616489
50 6218 4.0 0.5
50 3287 4.0 2.5638733
50 3156 3.0 3.431488
50 2622 2.0 0.5
50 4242 3.5 0.5
50 7311 4.0 0.5
51 318 4.0 5.0
51 589 3.0 3.3489258
51 1036 5.0 4.9078465
51 1197 5.0 4.0772667
51 1265 2.0 4.0269337
51 1333 4.0 3.6770527
51 1387 3.0 3.4771073
51 1407 3.0 2.901994
51 1610 1.0 3.2425342
51 1994 5.0 3.5623791
51 2571 4.0 5.0
51 2858 5.0 4.4798613
51 377 2.0 1.9550554
51 708 3.0 2.2093933
51 1059 4.0 5.0
51 282 3.0 3.9080045
51 353 4.0 3.8905547
51 215 4.0 3.0740561
51 1079 5.0 3.6582062
51 2599 5.0 3.3452663
51 5225 5.0 4.0479164
51 4963 5.0 3.6199214
51 1345 5.0 3.6894362
51 1717 3.0 2.1398244
51 2739 5.0 3.4462261
51 709 3.0 2.4780848
51 3535 3.0 2.540665
51 4239 3.0 3.0108664
51 2572 3.0 1.5985773
51 2107 1.0 1.0067097
51 2133 4.0 1.4840647
51 2369 3.0 0.90236557
51 3835 2.0 0.5
51 4712 3.0 0.5
52 366 2.0 1.2822413
52 432 1.5 2.0025039
52 924 4.5 4.032826
52 968 3.5 3.6834362
52 1196 3.5 3.5794842
52 1210 4.0 2.7070525
52 1214 4.5 3.8161016
52 1240 4.0 3.253056
52 1304 3.0 3.6347263
52 1982 4.0 3.936985
52 2532 3.0 2.1055992
52 2791 3.0 2.9597576
52 3793 2.0 3.2934513
52 3917 3.5 2.5714564
52 4128 2.0 2.872321
52 1101 3.0 2.1809328
52 4993 4.0 2.9885561
52 6250 1.0 0.62176955
52 112 2.5 1.3249131
52 6502 3.5 2.4487226
52 1334 3.0 1.4225907
52 2010 3.0 3.38976
52 832 3.0 3.5596004
52 2614 1.5 0.99742323
52 2717 1.5 3.3395112
52 2004 3.0 2.1175854
52 3959 3.5 3.0885336
52 6979 3.0 3.2620015
52 177 2.5 0.5
52 735 3.5 3.6656685
52 1175 4.0 3.9267094
52 1676 2.5 4.012895
52 2517 3.5 2.684064
52 3175 3.5 2.7827184
52 3535 0.5 3.3240423
52 4437 5.0 0.5
52 4735 3.5 3.667666
52 5891 3.0 0.5
52 6242 3.0 3.9218776
52 6741 2.5 2.2329268
52 6748 3.5 0.5
52 6774 4.5 4.7969723
52 7022 4.0 2.8527143
52 8265 3.5 0.9344255
52 7254 4.0 2.992489
52 8957 3.0 3.1179986
52 1077 1.5 2.5867488
52 799 2.0 3.207139
52 606 3.5 0.5
52 1168 1.0 0.5
52 1322 1.0 0.5
52 1325 1.5 0.5
52 1331 3.0 0.5
52 1976 2.5 0.5
52 1979 2.0 0.5
52 1988 2.5 0.5
52 1992 1.5 0.5
52 2097 4.0 0.5
52 2158 4.0 3.6111555
52 2367 3.0 0.518278
52 2451 2.0 0.5
52 2613 2.5 0.5
52 2668 2.0 0.5
52 2790 3.0 0.5
52 2853 2.0 0.5
52 3024 3.0 0.5
52 3660 1.0 0.5
52 3662 1.0 0.5
52 3676 3.0 3.4784982
52 3732 2.5 0.5
52 3770 3.5 0.5
52 3931 3.0 0.5
52 3934 3.0 0.5
52 3939 1.5 0.5
52 3942 2.5 0.5
52 3961 1.5 0.50512755
52 4096 3.0 0.5
52 4124 2.0 0.5
52 4143 3.0 0.5
52 4195 3.5 3.7250173
52 4213 3.0 0.5
52 4222 2.0 0.5
52 4425 2.0 0.5
52 4472 3.0 0.5
52 4560 3.0 0.5
52 4580 3.0 0.5
52 4931 2.5 0.5
52 5128 0.5 2.5150373
52 5163 3.5 0.5
52 5192 2.0 0.5
52 5310 1.5 0.5
52 5413 3.5 0.5
52 5476 3.0 0.5
52 5556 1.5 0.5
52 5569 1.0 0.5
52 5595 1.5 0.5
52 5717 3.0 0.5
52 5746 2.5 0.5
52 5771 3.5 0.5
52 5862 1.0 0.5
52 5918 4.5 0.5
52 6305 3.5 0.5
52 6653 4.5 0.5
52 6665 1.5 0.5
52 6746 2.0 0.5
52 7118 3.5 0.5
52 7202 2.5 0.5
52 7342 1.5 0.5
52 7845 2.0 0.5
52 7984 3.5 0.5
52 8035 4.0 0.5
52 8369 0.5 0.5
52 8690 3.5 0.5
52 8783 2.5 0.5
52 8854 3.0 0.5
52 8870 3.5 0.5
53 2716 3.0 2.8542216
53 2858 3.0 4.9018016
53 2719 3.0 1.022493
53 3593 1.0 1.0758857
53 3977 4.0 3.68029
53 2826 4.0 3.0944242
53 1911 2.0 2.2492983
53 3113 1.0 2.811677
54 110 4.0 2.243503
54 593 4.0 3.9036272
54 1258 4.0 3.6132104
54 1291 4.0 3.312412
54 79132 4.5 4.9407105
54 1080 1.5 4.0372763
54 5989 4.5 3.575474
54 8665 4.5 3.8606591
54 69122 5.0 3.3913474
54 44191 4.5 4.484192
54 1233 4.5 4.241185
54 54286 4.5 1.9286327
54 56145 4.5 0.5
54 84152 4.5 3.3938015
54 59369 5.0 2.4760644
54 3638 3.5 2.5333123
54 421 0.5 0.5
54 3263 4.0 0.5
54 50851 4.0 3.098794
54 58295 5.0 0.5
54 66297 4.0 0.5
54 73168 5.0 0.5
55 588 5.0 3.6536798
55 898 4.0 4.7484303
55 899 5.0 5.0
55 1032 4.0 3.9727643
55 1537 5.0 0.5
55 1193 5.0 4.4930673
55 262 5.0 0.5
55 808 3.0 2.438762
55 971 5.0 4.423556
55 1545 5.0 0.5
55 2899 4.0 0.5
56 1208 3.0 4.0961523
56 1219 3.0 4.8000917
56 1276 5.0 4.30092
56 5060 5.0 4.4719553
56 899 5.0 4.535415
56 1945 3.0 2.909678
56 1250 5.0 3.6907556
56 2863 4.0 4.368353
56 1207 5.0 3.4705498
56 1077 4.0 3.370123
56 1633 4.0 0.5
57 7153 4.0 4.216667
57 356 3.0 3.8084667
57 4993 4.0 3.919734
57 2763 2.0 2.6259952
57 6893 4.5 4.2288933
57 6378 4.0 1.7413017
57 6947 4.0 3.5630453
57 54286 4.0 1.6892226
57 8533 4.5 0.5
57 27808 4.5 0.5
58 608 3.0 3.9646094
58 762 4.0 2.0159988
58 3 4.0 2.6203756
58 17 4.0 3.8926773
58 830 5.0 3.51453
58 86 4.0 3.5987997
58 802 3.0 3.6539524
58 1544 4.0 3.5370767
58 1562 4.0 3.7335432
58 800 4.0 3.615967
58 1049 4.0 3.3408804
58 100 4.0 2.646572
58 992 3.0 0.5
58 1426 3.0 0.5
58 1488 5.0 0.5
59 2194 5.0 3.7033658
59 3527 4.0 3.733151
59 1307 3.0 3.2650013
59 1441 3.0 2.6935778
59 3879 3.0 1.8091944
59 111 1.0 4.6500406
59 3863 2.0 3.5435688
59 3617 1.0 3.8302221
59 2771 2.0 2.5537758
59 3953 2.0 0.5
59 4061 3.0 0.5
59 4062 3.0 0.5
60 260 4.5 4.927401
60 296 4.5 5.0
60 318 4.0 4.696377
60 858 4.5 5.0
60 1129 3.5 4.5624623
60 1136 4.0 4.40841
60 1201 4.5 4.3137264
60 2571 4.0 4.588197
60 7153 4.5 4.3973994
60 1059 4.0 3.5566368
60 2395 4.5 4.5463696
60 2455 3.5 3.6122158
60 3328 3.5 5.0
60 4973 4.0 4.598168
60 4993 4.5 4.303647
60 2021 4.0 3.0208502
60 235 4.0 4.409162
60 1663 4.0 3.4252667
60 3000 4.0 4.203366
60 4979 4.0 3.9843779
60 5618 4.0 4.3476877
60 7156 4.0 4.353077
60 7361 4.0 4.914326
60 30810 4.0 4.3743687
60 72011 4.0 3.062107
60 2551 4.0 3.5771885
60 27773 4.0 3.874335
60 48516 5.0 3.6676614
60 31410 4.5 3.8397396
60 101 4.0 3.2487156
60 714 4.5 3.2237823
60 2694 4.0 2.7968128
60 3535 4.5 2.833624
60 5956 5.0 2.6532311
60 7123 4.0 3.88373
60 7460 4.5 3.8883846
60 2330 3.5 0.5
60 25995 4.0 0.5
60 26471 4.0 0.5
60 51277 5.0 0.5
60 62437 4.5 0.5
60 69640 4.5 0.5
61 440 4.0 3.888971
61 345 5.0 3.7890985
61 47 4.0 4.634198
61 587 3.0 3.8215568
61 529 5.0 3.5667138
61 222 3.0 3.602798
61 376 3.0 3.7696054
61 802 4.0 3.319637
61 94 3.0 0.5
61 477 4.0 0.5
61 640 3.0 0.5
62 2194 3.0 2.9061227
62 7153 4.0 2.802459
62 3 0.5 2.084326
62 265 4.0 3.4868488
62 36 4.5 3.8533983
62 25 3.5 3.459253
62 52 1.5 2.8696804
62 653 2.0 2.1643617
62 1704 2.0 3.0869522
62 435 2.0 2.0681865
62 919 5.0 4.138642
62 2355 4.0 2.6471846
63 541 4.0 4.6214895
63 924 5.0 4.129737
63 1196 4.0 4.3438563
63 1199 4.0 4.1058693
63 1234 3.0 4.2733326
63 1242 3.0 4.089134
63 1252 5.0 3.6626768
63 1278 3.0 3.9510496
63 2009 3.0 3.9804795
63 1961 3.0 4.402241
63 1131 4.0 3.922216
63 1293 4.0 3.585291
63 1080 3.0 4.2535024
63 1224 4.0 4.3029795
63 1921 4.0 5.0
63 1264 3.0 3.1876132
63 1882 1.0 3.0286572
63 2013 2.0 1.979193
63 1371 4.0 1.9707515
63 1273 4.0 5.0
63 659 4.0 3.1132164
63 1303 4.0 0.5
63 1211 5.0 4.2099047
63 1959 3.0 1.6522862
63 702 3.0 0.5
63 1082 3.0 0.5
63 1244 5.0 4.8402877
64 55290 4.0 3.8778858
64 69844 4.0 3.077517
64 3594 4.0 0.5
64 8638 5.0 0.5
64 71899 4.0 3.1377714
65 924 4.0 1.6884078
65 51662 3.5 4.4319468
65 1231 4.5 2.6016488
65 1690 3.5 3.5663514
65 2722 2.0 1.9933774
65 3841 2.5 0.5
65 2641 1.0 0.5
65 3070 2.0 1.471565
65 37 4.5 0.5
65 3206 3.0 0.5
65 4159 3.5 0.5
65 43936 3.5 0.5
66 457 5.0 3.362108
66 480 3.0 3.1302595
66 589 5.0 3.2409291
66 592 2.0 3.2699993
66 377 3.0 3.5671365
66 588 4.0 4.311599
66 172 4.0 2.1271653
66 204 3.0 2.779019
66 71 2.0 3.5143037
66 709 5.0 1.927513
66 239 3.0 2.7027411
66 405 2.0 0.5
67 480 3.0 3.698478
67 527 4.0 3.8434775
67 339 3.0 3.285327
67 588 4.0 3.1998017
67 208 4.0 3.3777652
67 344 3.0 3.003416
67 19 2.0 2.9942236
68 527 5.0 4.089919
68 1265 3.0 4.624094
68 1805 4.0 2.961939
68 2291 3.0 4.5678782
68 150 5.0 4.5489454
68 491 3.0 3.171276
68 1213 4.0 4.0677056
68 1608 4.0 4.0627365
68 1885 4.0 2.2813492
68 1780 5.0 0.5
69 750 5.0 4.5897436
69 1206 5.0 4.811514
69 1221 5.0 4.4730973
69 1258 3.0 5.0
69 1266 4.0 5.0
69 1276 5.0 5.0
69 1333 5.0 5.0
69 1732 4.0 5.0
69 2194 3.0 3.6651328
69 2701 3.0 2.0091166
69 2948 5.0 3.4527707
69 2712 1.0 5.0
69 900 5.0 3.997937
69 1247 5.0 4.71844
69 1307 4.0 3.6078804
69 2087 5.0 4.381171
69 908 5.0 5.0
69 4643 2.0 2.7896507
69 509 5.0 5.0
69 1674 5.0 3.9746714
69 446 5.0 3.971249
69 923 5.0 5.0
69 1945 5.0 3.974583
69 2019 5.0 4.5467687
69 2300 5.0 3.3821988
69 2303 5.0 4.6077275
69 3253 5.0 3.8497145
69 3911 3.0 4.658592
69 912 5.0 5.0
69 1250 5.0 4.188836
69 2203 5.0 0.5
69 2920 5.0 1.5468967
69 3075 5.0 0.5
69 4235 3.0 4.260884
69 1251 5.0 4.618856
69 2919 4.0 0.5
69 2732 5.0 0.5
69 3266 5.0 0.6497389
69 3685 5.0 3.0178652
69 3728 5.0 0.5
69 4262 5.0 0.50593823
69 6184 5.0 4.7065935
69 4321 3.0 3.2058122
69 1388 1.0 1.0052341
69 1594 5.0 0.5
69 4712 5.0 0.5
69 680 5.0 3.9201798
69 4424 5.0 4.5738516
69 702 5.0 0.5
69 909 5.0 3.9678273
69 1948 5.0 3.0335405
69 1958 5.0 3.2049236
69 1104 5.0 0.5
69 1194 5.0 0.5
69 2068 5.0 0.5
69 2070 5.0 0.5
69 3134 5.0 0.55903345
69 3655 5.0 0.5
69 4179 5.0 0.5
69 4190 5.0 0.5
69 4292 3.0 0.5
69 4296 1.0 0.5
69 4325 5.0 0.5
70 260 5.0 5.0
70 480 4.0 4.039266
70 593 5.0 4.8891864
70 924 3.5 3.1437144
70 1036 5.0 3.619127
70 1136 5.0 5.0
70 1197 5.0 5.0
70 1198 5.0 4.939084
70 1200 3.5 4.3890853
70 1261 4.5 4.257845
70 1732 2.0 3.2985008
70 1748 4.0 1.9480703
70 1876 3.0 3.3601086
70 2288 4.5 3.5838017
70 2716 5.0 4.410076
70 2916 4.0 5.0
70 3147 5.0 3.4722083
70 3476 5.0 2.5127237
70 1101 4.0 3.8889673
70 1584 4.5 3.9566085
70 2291 4.0 3.6412039
70 2406 5.0 3.340449
70 356 2.0 4.8894024
70 594 4.0 4.2131624
70 1285 3.0 4.2645283
70 1499 3.0 2.2774673
70 4022 3.5 3.8458977
70 4306 5.0 4.860508
70 4973 4.5 4.9608407
70 4993 5.0 4.579115
70 6365 4.0 4.014146
70 6863 4.0 3.9318306
70 2959 5.0 4.7285657
70 10 4.0 3.910268
70 47 4.0 5.0
70 172 4.0 2.3569589
70 1302 3.0 3.151343
70 1370 4.0 3.9283805
70 1393 4.0 3.5809178
70 2021 4.0 4.204354
70 2628 3.0 3.383819
70 3176 2.0 3.5836964
70 3252 4.0 3.5516877
70 168 4.0 3.4833274
70 223 5.0 4.258517
70 1203 3.0 5.0
70 1274 5.0 4.547028
70 3253 4.0 3.7293525
70 5418 4.0 4.2602243
70 6333 5.0 3.0136883
70 8874 5.0 4.2823877
70 32587 5.0 4.58425
70 1967 5.0 3.8322604
70 2078 3.0 3.652247
70 6377 4.0 4.7020063
70 41566 4.0 3.0901499
70 2105 5.0 2.9048429
70 2398 3.0 3.3495448
70 327 3.0 3.312904
70 4995 4.5 4.6725802
70 33794 4.5 3.6120043
70 44191 5.0 4.425418
70 786 3.0 3.6479995
70 849 5.0 3.0888412
70 1320 4.0 4.3657403
70 1513 4.0 2.4516394
70 1779 4.0 2.3846343
70 322 4.0 0.5
70 610 4.0 2.7520926
70 1711 4.0 1.3535161
70 2140 5.0 3.9283
70 2730 3.0 2.7235565
70 3740 5.0 2.954914
70 4019 4.0 4.756403
70 4239 4.0 3.5863113
70 4816 4.0 2.7310817
70 6378 4.5 2.3054736
70 1298 3.5 2.650526
70 3255 3.0 2.8887353
70 30812 3.0 4.0026264
70 6373 4.0 4.371268
70 8644 3.5 3.259651
70 52281 4.5 3.9845634
70 2541 3.5 2.7806263
70 4446 4.5 2.7787728
70 37729 4.0 3.9163024
70 627 4.0 3.8124628
70 1077 3.5 3.0301938
70 2145 4.0 2.408213
70 2232 4.5 2.926063
70 880 3.5 2.9859524
70 2572 4.0 2.5716813
70 4975 4.0 4.032069
70 47952 3.5 0.5
71 750 3.0 3.71371
71 1721 5.0 3.3110528
71 5015 4.0 0.5
71 5013 4.0 2.3008075
71 2792 0.5 2.4835901
71 2567 1.0 0.5
72 50 4.0 3.3226852
72 541 2.0 3.4520934
72 1136 4.0 1.9484725
72 1214 3.0 5.0
72 953 3.0 3.3189642
72 497 4.0 4.1168585
72 900 3.0 2.4904034
72 475 4.0 2.633146
72 154 4.0 3.7527814
72 1204 3.0 4.1239324
72 1641 5.0 2.629996
72 1256 5.0 3.5401669
72 29 3.0 3.612386
72 950 4.0 2.8224552
72 1222 3.0 3.7560189
72 58 4.0 4.251917
73 32 4.5 2.7640462
73 1215 4.0 3.9346356
73 1333 4.5 3.6561108
73 2791 4.5 3.0771005
73 4085 3.5 2.7434416
73 1275 4.0 3.0112877
73 345 3.0 3.019344
73 2124 3.0 3.235644
73 410 2.5 3.3072953
73 1225 4.0 3.0705864
73 1274 4.5 4.0047283
73 5900 2.5 1.920647
73 6624 0.5 0.5
73 3755 3.5 2.8455899
73 86142 3.0 0.5
74 838 4.0 2.559651
74 1084 5.0 4.591513
74 41 5.0 3.9588962
74 728 3.0 4.063175
74 55 4.0 0.5
74 78 2.0 0.5
75 318 5.0 3.7029102
75 527 5.0 4.4858613
75 1089 4.0 3.1533146
75 1097 3.0 2.912773
75 1127 3.0 3.0236294
75 1200 3.0 3.811878
75 1208 4.0 3.1946192
75 1220 3.0 2.8961177
75 1265 3.0 3.0967863
75 1394 3.0 3.8935857
75 349 2.0 2.637912
75 417 2.0 2.8199666
75 588 3.0 3.7930388
75 594 3.0 2.8187146
75 1285 3.0 3.1555908
75 316 2.0 2.4005725
75 345 5.0 2.6459148
75 441 3.0 2.1842556
75 908 3.0 3.6922495
75 1288 4.0 4.07857
75 1 5.0 2.9053826
75 292 2.0 2.2020583
75 319 3.0 3.8785431
75 351 3.0 0.63640004
75 357 3.0 3.3688853
75 468 3.0 3.2924955
75 1183 5.0 3.4156325
75 1186 4.0 3.224234
75 161 3.0 2.3605182
75 508 3.0 2.3961232
75 1203 3.0 3.978591
75 1224 4.0 3.1334305
75 1248 3.0 2.7962675
75 256 3.0 0.5
75 452 4.0 2.514383
75 531 3.0 0.5
75 253 3.0 3.5144901
75 927 4.0 2.003624
75 973 3.0 3.6041808
75 1086 3.0 0.5
75 1212 4.0 3.5026906
75 1264 3.0 2.947044
75 800 5.0 2.7738569
75 1093 3.0 1.9311221
75 280 3.0 1.6946094
75 337 5.0 3.571773
75 232 4.0 3.650159
75 218 2.0 2.2596807
75 1185 4.0 3.3776135
75 1211 4.0 3.5438724
75 971 4.0 3.171073
75 334 5.0 3.1566665
75 668 4.0 3.2180684
75 1104 4.0 0.5
75 574 2.0 0.5
75 725 3.0 0.5
75 766 4.0 0.5
75 787 4.0 0.5
75 949 4.0 0.5
75 1151 3.0 0.5
75 1187 4.0 0.5
76 91529 4.0 3.5161245
76 1225 3.0 4.134776
76 68358 3.5 4.0438213
76 110102 4.5 0.5
77 480 4.0 3.8402047
77 541 3.0 4.258597
77 1196 4.0 4.4071035
77 1645 3.5 3.2163174
77 2167 2.5 3.8891742
77 2701 2.5 3.4389296
77 3147 4.0 3.4217243
77 105 3.0 3.9166021
77 3408 4.0 3.602177
77 3996 4.5 4.466858
77 1307 4.5 4.0695662
77 5952 4.0 4.717369
77 2762 4.0 4.3731265
77 1722 3.0 3.9217787
77 2150 4.5 3.4663975
77 508 5.0 3.143593
77 1193 4.5 4.083432
77 207 3.0 3.478816
77 5991 5.0 3.4641552
77 5816 3.5 3.4938643
77 2442 4.0 3.230031
77 2621 4.0 0.5
77 6039 3.5 0.5
78 296 4.0 3.9980533
78 593 2.5 3.7939363
78 2571 4.0 3.4717991
78 7153 4.5 3.611486
78 4306 3.0 1.8188485
78 6283 3.5 3.998279
78 4886 3.5 4.4657493
78 74458 4.0 4.62831
78 4226 5.0 3.1048222
78 27706 4.5 3.2109113
78 5225 4.5 3.7736115
78 44195 3.0 4.3528905
78 46976 4.0 3.5711515
78 51255 2.0 3.090682
78 66097 3.5 3.6134863
78 69122 3.5 3.7983963
78 2633 2.5 4.187086
78 4878 4.5 4.3266616
78 30749 4.5 4.3829093
78 48516 3.0 3.5471163
78 3429 3.5 4.438585
78 30707 1.5 5.0
78 7254 4.5 2.094716
78 48774 4.0 3.4995008
78 60161 4.0 3.789718
78 48394 4.0 4.5164566
78 26903 4.0 0.55658895
78 31658 3.0 4.0347085
78 82459 4.0 3.0268445
78 94959 5.0 2.6881537
78 44665 4.0 3.598744
78 67255 3.0 2.8858578
78 3174 4.5 1.9223787
78 5608 2.5 3.0306008
78 1753 4.5 2.1716816
78 7099 4.5 3.3711452
78 5477 4.0 0.5
78 6291 4.0 0.5
78 6350 4.0 0.5
78 7976 4.0 0.5
78 45081 4.0 0.5
78 52885 4.5 0.5
78 59387 3.5 0.5
78 71108 3.0 0.5
78 72209 3.0 0.5
78 72741 3.5 0.5
78 72982 2.0 0.5
78 73587 4.0 0.5
78 74553 5.0 0.5
78 74677 4.0 0.5
78 85179 2.5 0.5
79 110 4.0 1.6660037
79 1215 4.0 4.4732985
79 1220 4.0 2.7126026
79 1291 3.0 3.2033575
79 2011 3.0 1.3628374
79 2028 4.0 3.333319
79 2268 3.0 3.223866
79 1275 3.0 4.242649
79 1653 3.0 3.28323
79 497 5.0 4.085
79 1243 5.0 2.7986689
79 1247 4.0 4.1983085
79 1307 4.0 3.6778007
79 778 4.0 3.261174
79 1704 5.0 3.3520358
79 2355 3.0 3.0659728
79 2105 3.0 2.4837725
79 2657 1.0 3.1741292
79 2006 3.0 1.6796502
79 2372 4.0 1.9215417
79 1366 4.0 2.0823581
