1 50 5.0 3.6656032
1 198 3.0 3.410195
1 296 4.0 4.0936923
1 366 2.0 2.6374557
1 541 4.0 3.0144577
1 750 3.0 3.9938927
1 858 5.0 3.9148998
1 913 3.0 3.473466
1 1034 3.0 2.2569876
1 1073 3.0 3.685459
1 1089 5.0 3.226707
1 1196 4.0 3.8765337
1 1198 5.0 4.269792
1 1208 3.0 3.022935
1 1210 3.0 4.4829106
1 1234 5.0 3.1708324
1 1240 5.0 4.1675997
1 1291 3.0 3.2403994
1 1358 3.0 3.3232872
1 1376 3.0 3.1289752
1 1573 5.0 3.660789
1 1580 5.0 3.4841695
1 1617 3.0 3.3187613
1 1627 3.0 1.0054665
1 1732 2.0 3.247995
1 1805 3.0 2.6245134
1 1876 3.0 2.3461518
1 1982 4.0 3.4937463
1 2001 3.0 3.5500124
1 2003 4.0 3.6390011
1 2248 2.0 3.4507675
1 2401 4.0 2.2726789
1 2553 3.0 3.4954336
1 2701 1.0 2.3657062
1 2713 2.0 1.7029904
1 2716 5.0 3.6001608
1 2812 3.0 0.5
1 2901 5.0 4.2974343
1 2951 5.0 3.577334
1 3032 3.0 0.5
1 3104 4.0 1.2893329
1 3363 3.0 2.892069
1 3386 3.0 3.2962348
1 3424 2.0 1.9619756
1 3551 5.0 1.1094221
1 3699 5.0 2.2813196
1 3701 3.0 0.5
1 3735 3.0 0.5
1 3917 4.0 3.3147964
1 4085 4.0 2.8921897
1 4126 3.0 0.53435767
1 4132 3.0 0.5
2 1356 1.0 2.814828
2 1387 4.0 3.2407107
2 2028 4.0 2.9641714
2 349 4.0 2.9246821
2 364 5.0 4.4926887
2 500 4.0 3.7059543
2 552 3.0 2.4885585
2 762 2.0 1.8756921
2 953 5.0 1.56857
2 1375 1.0 2.4016953
2 2067 5.0 3.9892406
2 2406 4.0 3.7598228
2 2496 4.0 0.5
2 2640 5.0 2.1770387
2 2712 3.0 2.2266533
2 3100 5.0 3.2602863
2 7153 4.5 4.074153
3 1721 3.0 2.841448
3 5 4.0 3.2849023
3 46 3.0 0.5
3 356 5.0 2.6736765
3 916 5.0 3.4669018
3 918 5.0 0.5
3 1022 5.0 2.4846447
3 1035 5.0 4.4418287
3 1247 5.0 4.425303
3 1285 3.0 4.2041154
3 1296 5.0 3.4062762
3 1297 4.0 3.5224528
3 1381 2.0 0.5
3 1569 4.0 3.896092
3 1947 5.0 3.4763918
3 2014 4.0 2.0491164
3 2080 4.0 2.5018456
4 318 5.0 4.7892013
4 1210 5.0 3.5897286
4 1372 3.5 3.3050003
4 1527 4.5 4.7046976
4 2268 2.5 4.0562205
4 2640 3.0 2.4801679
4 316 3.5 3.1511338
4 345 3.5 4.538765
4 413 2.0 2.324368
4 785 2.5 3.4045808
4 1678 4.0 2.4807093
4 2302 4.0 3.1230597
4 2709 4.5 3.351629
4 3481 3.0 4.4596395
4 3949 0.5 3.8852744
4 4022 2.5 3.1760173
4 4487 3.5 0.5
4 4621 3.0 2.646892
4 4643 2.5 4.0515404
4 5952 5.0 5.0
4 6250 1.0 0.85625076
4 6711 3.5 3.1484332
4 6863 4.5 3.587223
4 7147 2.5 3.1791468
4 7324 3.0 0.5
5 1416 2.5 0.5
5 2719 3.5 2.6277826
5 2775 4.5 0.5
5 4448 2.0 2.4808018
6 2762 3.5 3.8743157
6 68319 3.5 1.7121863
6 75805 3.5 0.5
6 78893 4.0 1.7119726
6 80615 4.0 2.0623767
6 81417 0.5 0.8161866
6 85056 4.5 0.5
6 90746 3.5 0.5
6 90866 2.0 0.5
6 90890 3.0 0.5
6 95105 3.5 0.5
6 95543 3.5 0.5
6 98243 5.0 0.5
6 98400 3.5 0.5
6 102407 3.5 0.5
6 103141 4.0 2.4123025
6 103372 3.5 0.5
6 103384 3.0 0.5
6 104312 3.5 0.5
6 104841 3.0 0.5
6 105844 3.5 0.5
6 106696 4.5 3.28298
6 110773 0.5 0.5
6 111360 2.5 0.5
6 111375 3.5 0.5455543
6 111759 3.5 2.4258895
6 112006 4.0 0.6497071
6 112138 3.0 0.5
6 112175 3.5 0.5
6 113103 2.0 0.5
6 115617 4.5 0.5
6 118997 0.5 0.5
6 120825 1.5 0.5
7 589 4.0 4.7644644
7 590 3.0 4.0867105
7 39 4.0 2.8098276
7 339 5.0 3.9946017
7 594 4.0 4.292541
7 1 5.0 4.784642
7 10 4.0 4.0677943
7 74 5.0 0.5
7 119 3.0 0.5
7 160 4.0 2.0404441
7 165 3.0 3.6918702
7 186 4.0 3.4971569
7 191 4.0 0.5
7 227 3.0 0.5
7 277 4.0 3.3788586
7 282 5.0 4.4711504
7 292 4.0 2.9881566
7 293 4.0 3.579529
7 351 1.0 2.4053552
7 368 4.0 3.4119093
7 410 5.0 3.9901116
7 415 3.0 0.5
7 460 3.0 0.5
7 466 4.0 2.6401381
7 491 3.0 2.9897587
7 516 4.0 2.0618668
7 520 4.0 3.9888592
7 587 3.0 3.5982027
7 616 5.0 4.369755
8 1270 4.0 2.6854744
8 1617 5.0 3.4116154
8 1645 3.0 3.1707816
8 1876 3.0 3.087675
8 2858 4.0 3.2472024
8 2948 4.0 3.396028
8 736 4.0 2.9742844
8 1377 2.0 3.394264
8 10 4.0 3.7384255
8 529 3.0 4.207959
8 733 4.0 2.9939156
8 1090 4.0 2.6613462
8 1132 4.0 3.965352
8 1272 4.0 3.8694315
8 1518 5.0 4.049605
8 2763 4.0 2.5284126
8 2918 4.0 4.361282
8 3733 4.0 0.5
9 590 5.0 3.6329784
9 648 3.0 2.8285944
9 1036 3.0 3.5472636
9 552 4.0 2.6444418
9 339 4.0 2.8040044
9 356 3.0 4.5069346
9 348 4.0 2.1220732
9 185 3.0 3.995633
9 196 3.0 3.2849286
9 237 4.0 4.0015736
9 357 5.0 4.1781735
9 368 4.0 3.1070597
9 380 3.0 4.395669
9 485 3.0 3.4786632
9 272 4.0 4.9166937
9 1090 3.0 3.042609
9 132 3.0 0.5
9 140 3.0 0.5
9 141 4.0 2.8600752
9 144 4.0 2.6666515
9 222 3.0 4.080146
9 235 2.0 2.9625
9 300 5.0 3.4338956
9 314 4.0 3.5605085
9 446 3.0 4.2379518
9 852 4.0 2.8524735
9 1135 3.0 2.2755184
10 50 5.0 3.8022707
10 593 3.5 3.7384682
10 858 4.5 3.7361581
10 913 3.5 3.0396204
10 1196 3.5 3.4443774
10 1240 3.5 3.4735496
10 1265 3.5 3.4349132
10 1266 4.5 4.6969466
10 1276 4.0 3.816314
10 1278 4.5 3.1916087
10 1387 3.5 3.916858
10 2580 3.5 4.0991297
10 2912 4.0 3.3751779
10 2947 3.5 3.2204018
10 3363 4.0 2.8726218
10 3681 4.0 4.492507
10 2406 2.5 3.6373
10 3996 4.0 4.7632437
10 45 4.5 2.7814279
10 955 3.5 3.1612475
10 1282 4.5 2.0244367
10 1747 3.5 2.5704706
10 163 4.0 3.9695406
10 1288 4.5 3.7788692
10 4993 4.0 4.05322
10 5952 4.5 3.9707716
10 6711 4.0 3.4009385
10 2959 5.0 5.0
10 47 3.5 4.004139
10 249 2.5 3.367816
10 246 3.5 3.5997503
10 1095 4.0 3.3435872
10 1125 3.0 2.6016653
10 223 5.0 3.787838
10 902 4.0 3.462817
10 923 4.0 4.7128305
10 1148 3.5 3.475496
10 1223 3.5 3.2898676
10 1350 3.5 2.3945546
10 1449 3.5 2.3035119
10 1663 3.5 2.7057316
10 2289 4.5 3.8118455
10 2321 4.5 3.3294988
10 2474 3.5 2.7423801
10 3052 4.5 3.4044838
10 3108 3.5 3.5332665
10 3448 2.5 2.3390384
10 3671 4.0 3.9145803
10 4011 4.5 3.687446
10 4102 4.0 2.0256007
10 4280 1.0 0.5
10 4294 4.0 3.4235008
10 5669 4.0 2.3626409
10 5812 4.0 0.5
10 5902 3.5 3.008418
10 5989 3.5 3.3766334
10 6003 3.5 2.9790394
10 6306 4.5 0.5
10 6807 3.5 4.2211785
10 6870 4.0 3.391682
10 7073 4.5 2.8564394
10 7256 4.5 0.5
10 8368 4.0 3.7705722
10 8622 4.0 3.6432323
10 27706 3.5 3.5452042
11 553 3.0 2.711293
11 1610 3.0 3.480775
11 2987 3.0 3.3273892
11 1923 5.0 3.1170604
11 4306 5.0 3.704632
11 104 3.0 3.513808
12 1230 3.0 4.3409266
12 5364 2.0 4.353705
12 5380 4.0 0.5
12 5422 2.0 0.5
12 5450 2.0 0.5
12 5506 2.0 2.0052364
12 5890 3.0 2.92239
13 22 3.5 3.351422
13 318 4.0 4.738639
13 2 4.0 4.052696
13 261 4.0 3.7871022
13 2080 3.5 3.11829
13 4993 4.5 4.065523
13 7293 3.5 2.9965203
13 8961 3.5 2.1616852
13 158 3.0 3.0101717
13 586 4.0 3.5721278
13 2949 3.0 3.1500144
13 1517 4.0 2.61493
13 3396 3.5 2.8274438
13 6539 4.5 3.9914553
13 8464 3.5 3.1244824
13 27706 3.0 4.008562
13 145 3.0 4.395645
13 181 3.0 0.5
13 986 3.5 2.3466501
13 1033 4.0 1.3184011
13 1064 4.0 0.5
13 1566 4.0 4.08456
13 1806 3.5 0.5
13 2138 5.0 3.136084
13 2141 3.5 3.1771185
13 2355 4.0 3.978072
13 2424 3.5 2.9924147
13 2761 3.0 2.9676857
13 3124 3.5 0.5
13 3483 3.5 2.8525033
13 3988 4.0 2.2668352
13 3991 4.0 0.5
13 4639 3.0 3.3568335
13 4896 2.0 4.436738
13 6485 3.0 0.5
13 6793 3.5 0.5
13 7045 3.5 0.5
13 7173 3.0 1.0601355
13 31502 1.0 0.5
13 39183 4.0 3.8953555
13 44022 3.5 0.5
13 44195 4.0 2.9590735
13 50601 3.5 0.5
13 50872 4.5 3.8176348
13 53121 3.5 0.5
13 57532 1.0 0.9550503
13 59141 4.0 0.5
13 62376 3.5 3.3342454
13 66097 3.0 3.8200388
13 74508 4.5 0.5
13 77264 4.0 0.5
14 500 3.0 3.844531
14 236 4.0 3.5573976
14 261 5.0 3.8483458
14 266 4.0 3.674347
14 316 3.0 3.2804148
14 249 3.0 3.8294935
14 282 5.0 4.1115694
14 168 3.0 3.6450937
14 246 5.0 4.5202026
14 28 5.0 5.0
14 41 4.0 4.351933
14 515 5.0 4.5142026
15 858 2.0 3.4280002
15 1197 5.0 3.122622
15 1200 5.0 3.976951
15 1210 4.0 4.573434
15 1252 1.0 4.112578
15 1278 4.0 3.455
15 1287 5.0 3.270762
15 1304 2.0 4.549255
15 1374 5.0 3.8889637
15 2000 3.0 3.9325554
15 2011 4.0 3.1442575
15 2194 4.0 3.0666459
15 2527 3.0 3.020536
15 928 5.0 2.8434322
15 2455 4.0 3.6473286
15 36 4.0 2.5535924
15 931 3.0 2.3201785
15 1193 4.0 4.296782
15 919 5.0 3.959849
15 904 5.0 4.1967664
15 905 4.0 2.8449779
15 906 4.0 0.5
15 942 4.0 4.304491
15 960 4.0 0.5
15 1068 3.0 0.5
15 1212 5.0 3.8819418
15 1284 2.0 4.2773256
15 1348 5.0 2.4192052
15 1690 5.0 3.8625572
15 1942 5.0 0.5
15 2206 3.0 0.5
15 2238 1.0 3.105325
15 2362 5.0 0.5
15 2398 3.0 2.7298248
15 2528 4.0 3.6623282
15 2653 3.0 0.5
15 2939 3.0 0.5
15 2967 4.0 0.5
15 3334 3.0 0.5
16 7 4.0 2.9557078
16 62 3.0 4.2786193
16 733 4.0 4.8506293
16 1444 1.0 0.5
17 2359 1.0 1.9235876
17 107 3.5 2.7999542
17 327 0.5 3.6389706
17 2094 3.5 1.6677318
17 2722 1.0 1.5721617
17 4718 2.0 1.6576738
18 1198 5.0 4.6804147
18 1208 3.0 4.936737
18 2858 5.0 5.0
18 382 4.5 1.2330086
18 4235 4.5 2.6981559
18 5995 5.0 3.4217021
18 39292 4.5 0.5
19 1625 5.0 4.2315617
19 1230 4.0 3.7479947
19 163 3.5 3.7151723
19 5952 4.5 4.1124516
19 47 4.5 5.0
19 370 3.5 2.8209162
19 1552 3.5 2.050613
19 151 4.0 3.6254084
19 5418 4.0 4.1518593
19 8949 4.5 2.2100558
19 6016 4.5 4.1401443
19 40583 4.0 0.5
19 44199 3.5 3.4510944
19 45728 5.0 3.756681
20 527 4.5 5.0
20 1219 5.0 3.8183937
20 1258 5.0 4.1487336
20 2012 3.0 2.6973221
20 2571 5.0 4.204996
20 920 5.0 2.7783272
20 4886 5.0 3.0665557
20 6377 5.0 4.621753
20 904 5.0 3.6273372
20 2710 2.5 3.4836917
20 6787 5.0 4.3626137
21 95 3.0 4.2120423
21 141 5.0 3.8961122
21 784 2.0 2.0559027
21 786 3.0 3.681197
21 1006 4.0 0.5
22 589 1.0 2.8930287
22 762 3.0 0.5
22 830 4.5 1.7409308
22 4643 2.5 2.530838
22 44 0.5 2.0733113
22 150 3.0 4.3524985
22 2699 2.5 0.8302001
22 1367 1.5 1.4709179
22 5810 5.0 2.2581992
22 1345 5.0 2.2195292
22 41571 4.5 0.5
22 49932 0.5 0.5
22 53318 5.0 0.5
22 57274 2.5 2.5778458
23 527 5.0 4.8069234
23 648 5.0 3.8419921
23 1372 3.0 3.2788146
23 1876 3.0 2.7907026
23 2003 4.0 3.5713985
23 1249 4.0 3.660521
23 163 2.0 3.757896
23 1499 3.0 3.0699239
23 1644 4.0 2.1176515
23 196 4.0 2.0561624
23 208 4.0 3.3472402
23 466 3.0 2.0946229
23 2628 4.0 3.5411458
23 849 3.0 3.4619353
23 1339 2.0 3.8517127
23 1480 4.0 2.6315827
23 1544 3.0 3.4948597
23 1862 3.0 2.828196
23 1882 3.0 1.5489135
23 1975 3.0 0.5
23 2717 3.0 2.6153316
23 2986 3.0 2.687411
23 3107 3.0 1.0410839
23 4002 4.0 3.2503362
24 318 5.0 5.0
24 1678 5.0 3.2328126
24 10 4.0 4.7092285
24 1183 5.0 4.7720613
24 1682 5.0 3.652132
24 246 5.0 5.0
24 305 1.0 3.4331875
24 1051 4.0 0.5
25 1270 4.0 4.1359167
25 2701 1.0 2.947887
25 2713 3.0 1.363876
25 3408 5.0 3.7537475
25 1193 5.0 2.9744992
25 2856 5.0 2.8104942
25 2147 4.0 0.5
25 2688 5.0 2.909577
25 2702 3.0 2.0470464
25 2734 4.0 0.5
25 2888 3.0 0.5
26 50 5.0 4.043756
26 457 4.0 4.5748663
26 527 4.0 4.5246787
26 592 3.0 3.6463056
26 339 3.0 2.5504544
26 185 4.0 3.9181533
26 300 4.0 2.6962342
27 48385 4.5 3.308517
27 1223 3.5 4.052025
27 3052 4.0 3.4233356
27 45728 4.0 4.2511764
27 519 2.0 1.448933
27 3868 3.0 3.536362
27 4351 3.5 3.802308
27 6893 5.0 5.0
27 63082 5.0 2.9589238
27 64957 4.0 4.467986
28 1375 2.0 2.2126896
28 329 1.0 3.2817066
28 1957 4.0 4.127874
28 2502 5.0 3.7663217
28 1373 1.0 0.85153234
28 2393 2.0 2.5398586
28 2723 3.0 1.8090559
29 1208 5.0 4.9929748
29 1270 3.0 3.114764
29 2728 5.0 3.6728964
29 910 4.0 2.622708
29 969 5.0 4.5648093
29 1251 4.0 4.5884633
29 1541 5.0 3.7911541
29 2072 3.0 2.085103
29 2312 4.0 0.5
29 3251 3.0 2.9580169
30 350 2.0 3.830535
30 366 3.0 0.9967658
30 457 4.0 4.125469
30 480 5.0 3.5161672
30 590 5.0 3.426881
30 648 3.0 3.4755301
30 153 4.0 3.6901684
30 356 5.0 4.3836803
30 377 4.0 4.2415915
30 595 5.0 3.394521
30 208 4.0 2.8621204
30 231 4.0 3.600666
30 355 3.0 2.705864
30 370 2.0 3.1346831
30 415 3.0 0.5
30 524 5.0 3.3588157
30 435 4.0 1.1889238
30 585 3.0 3.1482518
30 71 4.0 1.7263783
30 280 3.0 1.7780005
30 333 4.0 1.2880247
31 589 3.0 3.3798695
31 590 3.0 3.4646935
31 780 2.0 5.0
31 913 5.0 4.1569533
31 1210 3.0 2.4072382
31 1214 3.0 5.0
31 1215 4.0 3.3181355
31 1219 4.0 4.4215693
31 1240 3.0 2.7101212
31 1258 5.0 5.0
31 1278 4.0 3.2799814
31 1283 0.5 3.7825634
31 1580 3.0 3.6027136
31 1610 3.0 3.5069509
31 1625 3.5 3.5962484
31 1982 5.0 3.2543573
31 2268 2.0 3.5227358
31 2478 0.5 1.8766128
31 2542 3.0 3.2507906
31 2571 3.5 3.5930393
31 2701 0.5 2.5292654
31 2804 4.0 3.276295
31 2951 4.0 3.8900912
31 2985 5.0 2.4239721
31 2987 3.0 2.1143994
31 3703 5.0 3.5906177
31 3706 4.5 1.6577076
31 3735 3.5 0.5
31 3793 3.0 1.2196637
31 3836 4.5 1.888932
31 349 2.0 3.1364224
31 736 2.0 3.0171082
31 953 3.0 2.3668468
31 1653 3.0 3.3094513
31 2053 0.5 2.7823946
31 2067 4.0 2.7813816
31 2115 2.0 3.546017
31 2712 5.0 1.2848217
31 3623 1.0 3.6247761
31 588 2.0 2.945504
31 1024 0.5 3.1860995
31 1035 0.5 1.557727
31 1296 0.5 4.020012
31 1307 0.5 3.3726833
31 1747 4.0 2.6363835
31 2997 3.0 3.6135693
31 3160 4.0 3.5064154
31 3481 3.5 3.6090176
31 4008 5.0 1.4643407
31 4306 1.0 3.3648727
31 4973 4.0 3.5511003
31 3513 5.0 1.6913251
31 4902 4.0 4.8956556
31 8781 5.0 0.5
31 4310 4.0 1.1120166
31 11 0.5 3.593129
31 21 3.0 3.167802
31 47 4.0 4.4951167
31 79 0.5 4.5404034
31 112 0.5 3.249463
31 370 1.0 3.2390246
31 1090 4.0 3.2644715
31 1263 5.0 4.908605
31 2058 2.0 2.7307532
31 132 5.0 0.5
31 246 4.0 3.4817317
31 446 0.5 4.339682
31 1224 4.0 3.9282737
31 1269 3.0 3.8617249
31 1274 4.0 4.5355673
31 1945 0.5 4.276628
31 2174 2.0 2.9591208
31 2300 4.5 3.0429807
31 2700 4.0 4.3490953
31 3000 3.0 3.0819733
31 3108 4.0 3.575808
31 4036 2.0 1.1833066
31 5618 3.5 3.7772195
31 5679 2.5 3.29939
31 5945 3.0 2.2413404
31 6104 4.0 2.7736886
31 32587 3.5 3.6596441
31 2142 0.5 3.3197937
31 4308 3.0 3.130464
31 904 1.5 3.7081919
31 1178 5.0 4.064047
31 1284 5.0 4.4906526
31 1348 4.0 2.286933
31 1941 2.0 2.9355252
31 2186 4.0 2.898841
31 2428 2.5 1.6846727
31 2519 2.0 2.4238052
31 2644 2.0 3.0380921
31 3088 4.0 2.6754222
31 1047 4.0 2.707016
31 107 0.5 3.8945954
31 3081 3.0 3.510504
31 5378 3.5 3.2009387
31 33794 2.0 3.650652
31 6787 4.0 4.7372193
31 1345 3.0 3.6357293
31 2023 3.0 3.2098978
31 2662 0.5 3.2905703
31 1882 0.5 0.9296617
31 288 0.5 3.4682958
31 2770 2.5 3.454756
31 6979 2.5 3.4097342
31 1235 0.5 3.4647732
31 326 2.0 0.5
31 424 5.0 0.5
31 610 3.0 2.9961953
31 954 2.0 0.5
31 970 5.0 0.5
31 1011 0.5 1.8465
31 1012 3.0 0.5
31 1015 0.5 3.1667984
31 1017 2.0 0.5
31 1018 1.0 0.5
31 1114 3.5 0.5
31 1207 0.5 3.9926522
31 1218 4.0 0.5
31 1233 5.0 4.3902674
31 1254 5.0 2.7630723
31 1327 0.5 2.0196784
31 1342 3.0 2.802401
31 1483 5.0 0.5236413
31 1676 5.0 2.4561415
31 1713 3.0 2.8071885
31 1729 5.0 2.4285934
31 1856 5.0 0.5
31 1884 4.0 3.0829418
31 2048 2.0 2.5213487
31 2061 3.0 0.5
31 2089 1.0 2.202118
31 2095 0.5 0.5
31 2126 1.0 0.5
31 2143 0.5 2.7514303
31 2273 0.5 3.606938
31 2301 3.0 2.9877887
31 2328 4.0 0.5
31 2348 5.0 3.4609525
31 2402 0.5 0.5
31 2413 4.0 3.6094534
31 2420 3.0 1.2806917
31 2458 1.0 0.5
31 2459 5.0 3.122579
31 2596 2.0 0.5
31 2694 0.5 3.5910003
31 2720 0.5 2.7330601
31 2726 5.0 0.5
31 2798 0.5 1.4079767
31 2803 2.0 0.5
31 2924 3.0 0.5
31 2983 5.0 0.5
31 2991 2.0 0.5
31 3007 5.0 3.816643
31 3019 4.5 2.5385246
31 3087 2.0 3.5847003
31 3200 1.0 0.5
31 3247 0.5 2.048894
31 3266 0.5 3.0895443
31 3275 1.0 1.119933
31 3300 3.0 2.9614744
31 3427 4.0 0.5
31 3441 4.0 0.5
31 3499 4.0 1.180014
31 3519 1.0 0.5
31 3521 5.0 0.5
31 3593 0.5 0.5364031
31 3598 4.5 0.50840765
31 3658 3.5 0.5
31 3837 3.5 2.5995567
31 3884 0.5 0.5
31 3925 5.0 0.5
31 4007 4.0 2.532256
31 4019 2.0 3.4894614
31 4103 5.0 3.4962487
31 4144 5.0 0.5
31 4155 0.5 0.5
31 4251 5.0 0.5
31 4255 5.0 0.5
31 4336 1.5 0.5
31 4339 2.0 0.5
31 4378 4.0 4.141284
31 4441 5.0 0.5
31 4479 4.5 0.5
31 4498 2.0 0.5
31 4518 4.5 1.5162477
31 4624 0.5 3.3920946
31 4641 4.5 1.0463235
31 4649 4.0 0.5
31 4713 4.0 0.5
31 4728 3.0 2.348327
31 4852 2.0 1.768025
31 4857 3.0 0.5
31 4881 3.5 0.5
31 4889 5.0 0.5
31 4911 2.0 0.5
31 4932 1.0 0.5
31 4958 0.5 0.61459696
31 5017 4.0 0.5
31 5120 4.0 0.5
31 5152 2.0 0.5
31 5219 3.0 2.6539183
31 5254 4.0 2.0885515
31 5291 4.5 3.3785882
31 5451 1.0 0.5
31 5463 3.0 0.5
31 5472 3.0 0.5
31 5478 3.0 2.2123082
31 5479 4.5 0.5
31 5507 0.5 0.5
31 5531 2.0 0.5
31 5572 3.0 0.5
31 5590 5.0 0.5
31 5609 0.5 2.5605514
31 5799 3.5 0.5
31 5853 4.0 3.5372677
31 5956 4.0 4.2347836
31 5959 4.5 0.5
31 6184 4.5 3.4580276
31 6196 2.0 0.5
31 6197 4.5 0.5
31 6220 3.0 0.5
31 6222 4.5 0.5
31 6290 5.0 1.8379236
31 6323 1.0 2.7978039
31 6401 3.0 0.5
31 6440 5.0 0.5
31 6552 2.0 0.5
31 6615 3.0 2.3920295
31 6664 1.0 0.6660278
31 6709 4.0 0.5
31 6754 0.5 3.354796
31 6873 5.0 0.5
31 6920 5.0 0.5574114
31 6957 4.0 2.9591985
31 7013 4.5 0.5
31 7123 4.5 3.221006
31 7215 3.5 0.5
31 7236 5.0 1.4212698
31 7367 3.5 0.5
31 7373 3.0 2.4027321
31 7439 2.5 0.5
31 7482 3.5 0.5
31 7492 5.0 1.433903
31 8491 5.0 3.9863071
31 8527 5.0 0.5
31 8798 5.0 0.5
31 8914 5.0 2.2971752
31 26349 4.5 0.5
31 31364 4.0 0.5
31 32892 4.5 0.5
31 33171 5.0 0.5
31 33679 4.0 3.3137302
31 33834 5.0 0.5
31 37386 2.5 0.5
31 41863 4.5 0.5
31 47646 4.5 0.5
31 47894 4.5 0.5
31 50794 4.0 0.5667128
31 51540 4.5 2.4504616
32 260 5.0 5.0
32 1214 0.5 4.280766
32 1610 3.5 2.4590144
32 2011 5.0 3.5681355
32 153 4.0 3.688101
32 1584 3.5 3.47213
32 2384 3.5 3.8400917
32 236 3.5 3.6890714
32 596 2.5 2.342931
32 2683 3.0 4.3872232
32 3481 3.5 4.133754
32 3897 4.0 3.9211526
32 5952 5.0 3.6885238
32 539 3.5 3.3058727
32 2352 3.5 3.2941368
32 3448 4.0 2.1925786
32 4979 2.5 3.2158906
32 5989 4.5 3.124598
32 2355 4.0 3.4388947
32 3034 4.0 3.6700873
32 3175 5.0 3.815862
32 4857 3.5 0.5
32 6947 5.0 4.013342
32 3255 3.0 2.5277667
32 4447 4.0 2.399199
32 6936 2.5 0.5
32 7161 3.5 0.5
32 7254 0.5 4.0040708
33 2699 3.5 3.2108848
33 6539 4.0 3.6919103
33 145 3.5 3.6914477
33 253 3.0 2.1338892
34 432 3.0 2.2531557
34 593 4.0 4.5532165
34 370 3.0 2.4796383
34 434 3.0 3.363113
34 168 3.0 3.1629019
35 22 3.0 2.6394942
35 736 2.5 2.3888466
35 7153 4.0 4.3948164
35 597 2.5 3.4922163
35 316 3.5 3.465221
35 2006 2.5 2.0210207
36 32 3.0 2.5601313
36 432 1.0 2.086405
36 590 4.0 3.6609006
36 1036 4.0 2.3284574
36 1127 4.0 2.375977
36 1259 3.5 3.0942683
36 1358 3.0 2.9838626
36 1610 2.5 3.4887462
36 1617 3.0 3.5305638
36 2858 3.5 2.7733371
36 3471 1.5 2.319214
36 2406 3.0 2.845311
36 1835 5.0 2.9314842
36 2054 0.5 2.2144074
36 4993 4.5 3.4144115
36 5014 4.0 3.010495
36 6942 4.0 2.9505866
36 2762 5.0 2.7822635
36 357 3.5 3.4302082
36 1408 4.0 3.085888
36 1682 2.5 2.9388552
36 2353 2.5 3.390036
36 2763 2.5 2.4228065
36 805 3.5 2.2192998
36 1343 2.5 3.635124
36 2474 3.5 2.2189622
36 2700 0.5 2.4392128
36 5349 3.0 2.7520368
36 5679 3.0 1.7906953
36 6333 2.0 3.2846055
36 1784 1.5 2.1154513
36 3114 2.5 2.8393815
36 4995 4.5 3.6365054
36 1320 2.0 3.2315304
36 2739 3.0 2.848077
36 6979 3.0 3.1448286
36 337 1.5 3.3546774
36 2953 0.5 1.7580204
36 4019 3.5 2.8973272
36 4720 3.0 0.90084636
36 8798 3.0 0.5
36 7254 2.5 3.3446271
36 3179 4.0 0.62703186
36 7579 2.0 0.5
36 8010 2.5 0.5
36 8958 4.5 0.5
36 8970 3.5 2.8559134
36 8981 3.0 0.5
37 260 4.0 3.7751274
37 593 4.5 3.9136539
37 1219 3.0 2.8180714
37 1721 2.5 3.5996346
37 3949 3.0 4.01311
37 48385 4.0 3.1598303
37 51662 4.0 4.201789
37 60069 5.0 3.9918792
37 2042 4.0 2.897177
37 4963 4.5 4.0245514
37 68954 5.0 4.104545
37 44191 5.0 4.0235405
37 2301 4.0 2.6632676
37 49272 4.5 2.1083272
37 7143 4.0 3.9452112
37 575 4.0 2.101618
37 4994 3.0 0.5
37 59615 2.5 1.6056027
38 32 4.5 4.063869
38 60069 4.5 4.437689
38 60684 4.5 3.032126
38 72998 4.5 4.7036495
38 79132 5.0 4.9128323
38 616 4.0 3.417279
38 5618 4.5 4.7826333
38 3107 3.0 1.0947909
38 8914 4.0 3.4591823
38 34405 4.0 2.372321
38 5903 4.5 3.7266314
38 52281 5.0 3.1480477
38 52328 4.5 4.529685
38 62956 4.5 0.5
39 589 2.5 3.4316146
39 1201 4.0 2.851206
39 1291 2.5 3.0633001
39 2791 1.0 4.2094283
39 2916 3.5 4.1805763
39 1923 2.0 3.420994
39 4993 0.5 2.4732056
39 2762 1.0 4.016541
39 58559 2.5 1.7256322
39 73321 3.5 0.61392045
39 1 5.0 3.7291455
39 1213 1.0 3.5912309
39 7361 3.5 3.8802047
39 68954 4.0 4.240524
39 76093 3.0 3.7684271
39 7022 4.0 2.8312633
39 48774 3.5 2.1088943
39 71535 3.5 2.5990794
39 71530 3.5 0.5
39 86880 3.0 0.5
39 91658 1.0 2.8501534
39 96079 3.5 2.384427
40 1136 3.5 3.2922544
40 1210 4.0 4.136242
40 1261 2.0 3.3607183
40 1580 3.5 3.8495922
40 2571 3.0 4.148673
40 2716 3.5 4.8348427
40 2987 4.5 3.4260616
40 3424 0.5 3.3209121
40 5218 3.0 3.6892679
40 1380 2.0 2.2353
40 783 3.0 3.2415874
40 2395 5.0 3.4041152
40 2959 3.0 4.619133
40 73321 3.5 1.7697769
40 90866 4.0 0.5
40 102125 4.5 3.2102673
40 104841 3.5 0.5
40 106487 4.0 3.47162
40 112175 4.0 0.5
40 158 3.0 2.64925
40 471 4.0 3.4284947
40 1080 3.5 2.2900727
40 1148 3.5 3.6078084
40 5679 5.0 3.3748822
40 5902 3.5 2.8416777
40 5989 3.5 4.1027255
40 6333 4.0 4.210734
40 8636 3.5 3.7106545
40 673 3.5 2.7318978
40 1917 3.0 3.4638426
40 4963 3.0 3.8202589
40 44195 4.0 3.454939
40 72226 5.0 4.0224385
40 671 2.5 4.21072
40 4878 4.0 4.3058453
40 5995 4.5 2.7664182
40 57274 5.0 3.3178556
40 1882 3.5 1.8733492
40 1676 3.5 3.2132256
40 4816 3.5 3.5471365
40 4865 4.0 1.2459452
40 5507 2.0 0.5
40 6040 3.0 0.5
40 6709 3.5 0.5
40 6754 3.0 3.1892486
40 8528 3.0 1.8534793
40 8910 4.5 2.8283145
40 34405 5.0 2.476386
40 53996 3.5 3.0260506
40 8784 4.0 2.2581878
40 34162 3.0 3.9474201
40 5903 2.5 3.6837428
40 27611 5.0 3.552882
40 68237 4.0 4.064035
40 70286 4.0 3.9580398
40 48394 5.0 3.6136107
40 86332 4.5 0.5
40 109487 4.0 1.9628849
40 2161 5.0 2.5953581
40 2313 4.0 3.1230137
40 4366 3.5 2.619072
40 4638 4.0 2.5248783
40 6156 3.0 0.5
40 7742 3.5 0.5
40 8019 4.5 3.2055693
40 8331 4.0 0.5
40 8376 1.0 0.5
40 8782 3.0 0.5
40 27660 3.5 2.22164
40 27839 3.0 1.1940833
40 31658 4.0 4.225659
40 37830 5.0 0.5
40 46530 3.5 0.5
40 60074 4.0 0.5
40 61132 3.0 0.5
40 65868 4.0 0.5
40 70336 3.0 0.5
40 72393 2.5 0.5
40 74685 3.0 3.5669725
40 74916 4.5 0.5
40 76251 4.5 0.5
40 77427 3.5 0.5
40 77780 4.5 0.5
40 77800 4.0 0.5
40 78759 3.0 0.5
40 79251 2.5 0.5
40 79702 5.0 0.5
40 82095 3.0 0.5
40 84152 4.0 3.8253648
40 87921 2.0 0.5
40 88744 4.0 2.9513154
40 93805 2.0 0.5
40 94864 1.5 0.5
40 97701 3.5 0.5
40 103249 4.5 2.5805318
40 103659 4.0 0.5
40 108932 4.0 0.5
41 900 4.0 3.333703
41 914 4.0 4.087076
41 918 3.0 0.6217316
41 1028 5.0 4.3188734
41 2081 5.0 4.4151015
41 2087 4.0 3.820481
41 783 3.0 3.6219313
41 1688 4.0 2.8419707
41 1713 4.0 2.782254
41 1397 5.0 0.7500653
42 261 4.0 3.3265603
42 317 3.0 2.967283
42 539 4.0 4.851168
42 586 2.0 2.2785056
42 551 1.0 3.548676
43 588 2.0 3.5983543
43 21 3.0 3.9382303
43 150 3.0 4.4895086
43 380 3.0 4.0688477
43 175 2.0 0.5
44 457 3.5 3.543765
44 480 4.0 3.7940416
44 589 4.0 4.0903416
44 608 4.5 4.235363
44 1221 4.0 3.4713364
44 1610 3.5 3.9928436
44 1732 4.5 3.2279215
44 2916 4.0 4.680053
44 3471 4.5 3.9938653
44 3699 3.5 2.9074278
44 552 3.5 2.4677153
44 3996 4.5 5.0
44 5218 4.5 3.5735223
44 5299 4.0 3.6753404
44 2959 5.0 4.8691316
44 4886 5.0 4.470467
44 81564 4.0 1.4605473
44 88125 4.0 1.6432047
44 104841 4.0 0.5
44 1090 4.0 4.16157
44 1263 4.0 5.0
44 223 4.0 4.6927357
44 1079 3.5 4.390599
44 32587 4.0 4.986192
44 5225 4.5 5.0
44 145 3.5 3.8239634
44 912 4.5 4.7946706
44 76093 4.0 4.3220005
44 63082 4.5 3.3849955
44 34405 3.5 2.960553
44 68157 4.0 5.0
44 68237 3.5 3.7159226
44 70286 4.0 4.08762
44 48394 5.0 3.7122693
44 71530 3.0 0.5
44 85414 5.0 2.4863033
44 76251 5.0 0.5
44 81591 5.0 3.140522
44 82459 3.5 3.572889
44 91500 3.0 3.6456172
44 84392 4.0 3.208315
44 92259 4.5 4.3448024
45 110 3.0 2.9695852
45 260 4.0 4.668568
45 296 5.0 4.522862
45 1129 4.0 4.0775347
45 1136 5.0 3.3310027
45 1197 5.0 3.4159255
45 1215 5.0 3.9781866
45 1252 5.0 4.76626
45 1580 3.0 3.3764317
45 2001 4.0 3.785908
45 2003 2.0 3.870185
45 2012 1.0 2.3250735
45 2391 3.0 2.978022
45 2478 3.0 1.941486
45 2916 5.0 4.183169
45 2968 4.0 4.527654
45 34 5.0 3.7556489
45 552 3.0 2.5108
45 1584 4.0 4.1807547
45 1653 4.0 3.2862144
45 1721 2.0 3.2001102
45 2384 5.0 4.0190015
45 265 4.0 4.5893736
45 899 4.0 3.7138178
45 1022 4.0 2.0912595
45 1035 5.0 4.7523036
45 1243 5.0 4.1003633
45 1307 4.0 3.359178
45 2054 1.0 3.6015816
45 2096 4.0 2.923234
45 62 3.0 4.022459
45 2709 4.0 3.5049329
45 4014 4.0 3.6152422
45 16 2.0 3.719291
45 21 3.0 3.5199463
45 173 2.0 2.0288188
45 1186 4.0 3.0026674
45 1722 4.0 3.0369177
45 1960 5.0 3.737756
45 2763 4.0 3.843929
45 2797 4.0 3.94722
45 2949 4.0 3.924243
45 3418 4.0 3.3120656
45 1125 4.0 2.8947396
45 1079 5.0 3.7411046
45 1223 5.0 3.9908094
45 1885 2.0 3.655234
45 2019 4.0 3.563873
45 2371 3.0 3.5573595
45 2699 4.0 3.6554933
45 3361 4.0 3.5898187
45 4011 5.0 3.721426
45 1193 5.0 4.563858
45 912 4.0 4.1451735
45 1033 3.0 1.381565
45 1688 3.0 2.358459
45 1967 4.0 4.102378
45 2085 5.0 2.5045784
45 2139 4.0 2.5506625
45 1690 4.0 3.2780015
45 1924 4.0 2.9692972
45 2551 4.0 3.2043746
45 2867 3.0 2.7090158
45 1354 4.0 2.3384264
45 849 3.0 4.2215695
45 1041 4.0 4.233541
45 519 2.0 1.1741787
45 2671 4.0 2.5718875
45 678 5.0 3.9249196
45 2857 4.0 3.2924387
45 162 4.0 3.9128878
45 1676 3.0 3.5286522
45 1884 4.0 3.3790252
45 2033 3.0 2.0170522
45 2048 4.0 2.4741158
45 2116 3.0 2.4895494
45 2372 3.0 3.492928
45 2413 3.0 4.040994
45 3019 4.0 2.5108993
45 3429 5.0 3.6614664
45 3593 1.0 0.9187915
45 3727 5.0 4.410515
45 1298 5.0 3.412803
45 2324 1.0 4.1082015
45 1271 3.0 2.3670852
45 2336 4.0 4.395072
45 4016 3.0 2.5377285
45 1037 1.0 3.6202555
45 1077 4.0 3.618397
45 1730 5.0 0.5
45 2005 2.0 4.322873
45 2034 4.0 0.5
45 2122 3.0 0.5
45 2148 3.0 1.0110177
45 2263 4.0 0.5
45 2411 2.0 0.5
45 2693 4.0 0.5
45 2735 3.0 0.5
45 2808 1.0 0.5
45 2872 4.0 2.4519196
45 2966 5.0 0.5
45 3569 5.0 0.5
45 3680 4.0 0.5
45 3910 4.0 0.5
46 1356 5.0 3.4915779
46 3578 4.0 4.1103835
46 3744 4.0 1.6043127
46 2762 5.0 5.0
46 196 4.0 2.3841276
46 3317 4.0 4.03525
46 253 5.0 3.1319263
46 3081 4.0 4.1182218
46 273 4.0 3.2428339
46 1339 4.0 5.0
46 3301 4.0 0.5
46 3535 5.0 2.5187123
46 3452 4.0 3.284856
46 3747 4.0 0.5
47 480 4.0 3.5307531
47 590 3.0 3.341083
47 592 4.0 2.339638
47 593 3.0 4.228292
47 316 3.0 3.1891959
47 150 4.0 4.3489647
47 165 3.0 2.671693
47 185 3.0 3.5670333
48 592 5.0 3.9532566
48 780 5.0 4.898455
48 1073 4.0 3.8761458
48 1097 3.0 4.1652775
48 1200 5.0 4.2493033
48 1356 4.0 2.889686
48 1376 3.0 3.2265158
48 1580 5.0 4.189364
48 1689 4.0 2.4688106
48 1954 4.0 4.700498
48 2012 5.0 2.7039762
48 2478 5.0 1.9992846
48 2571 5.0 5.0
48 2716 5.0 3.4261718
48 2987 4.0 4.1513033
48 3793 5.0 3.3707757
48 4121 4.0 2.7053509
48 364 4.0 4.133619
48 500 4.0 3.5144298
48 736 4.0 2.0870667
48 2384 2.0 3.8964894
48 2617 5.0 2.7112992
48 595 3.0 4.5958843
48 1029 3.0 4.2603106
48 2017 3.0 3.525869
48 2096 3.0 3.8116033
48 316 4.0 2.7103565
48 596 3.0 3.2500398
48 2124 3.0 3.530791
48 158 4.0 3.6806922
48 160 4.0 1.7672193
48 173 5.0 2.7756464
48 196 5.0 4.006334
48 208 5.0 3.294873
48 520 5.0 3.596858
48 586 4.0 3.2471137
48 435 3.0 1.691656
48 986 3.0 3.2840092
48 1005 2.0 2.7278666
48 1064 3.0 0.5
48 1367 2.0 3.53707
48 1917 3.0 4.135633
48 2018 2.0 4.373513
48 2042 3.0 3.2514565
48 2078 3.0 3.9225767
48 2085 3.0 3.445465
48 2123 3.0 3.6687043
48 2141 4.0 3.4916875
48 2142 3.0 3.9296696
48 671 5.0 4.8280387
48 1831 5.0 1.0641401
48 2722 4.0 2.569029
48 4718 5.0 2.774518
48 1562 4.0 3.7801418
48 3354 4.0 2.40132
48 2004 4.0 2.2306921
48 2393 4.0 3.438598
48 216 5.0 3.944427
48 709 3.0 5.0
48 1017 4.0 0.5
48 2015 3.0 0.5
48 2089 3.0 2.5421314
48 2720 3.0 2.7967327
48 3247 3.0 2.2248647
48 3697 4.0 2.0020056
48 4016 5.0 2.3206546
48 12 5.0 0.5
48 169 2.0 0.5
48 239 4.0 2.8032334
48 252 4.0 0.5
48 558 3.0 0.5
48 833 4.0 0.5
48 870 1.0 0.5
48 1009 3.0 2.9306054
48 1453 3.0 0.5
48 1646 3.0 0.5
48 2060 5.0 0.5
48 2162 3.0 0.5
48 2378 3.0 0.5
48 2572 3.0 3.4369543
48 3156 4.0 2.718411
48 3159 3.0 0.5
48 3999 5.0 0.5
48 4678 4.0 0.5
48 4701 3.0 0.5
49 480 3.0 2.3798196
49 968 4.0 3.3765087
49 2959 5.0 3.737431
49 2174 3.0 2.8877068
49 3219 3.0 2.123408
49 3752 4.0 2.7653425
49 3174 3.0 2.349055
49 3326 2.0 0.5
50 2571 5.0 5.0
50 3996 4.5 3.9935513
50 4014 4.0 4.766508
50 4886 5.0 4.9472446
50 1722 4.0 3.6567981
50 2359 4.0 3.175693
50 5445 4.5 4.431608
50 2424 3.5 3.6722002
50 3988 4.0 2.1427248
50 2657 5.0 2.9674184
50 3987 2.5 3.2340384
50 3005 4.5 3.9233477
50 5872 4.5 1.2639223
50 6294 5.0 0.5
50 4018 3.5 3.6309106
50 4016 5.0 2.5116293
50 4638 4.5 3.0989234
50 4890 3.0 1.5882651
50 5072 4.5 3.5211194
50 3159 3.5 0.5
50 3155 3.5 4.185554
50 3534 3.5 0.5
51 50 5.0 3.7738092
51 527 5.0 3.6992717
51 648 3.0 3.2553616
51 1206 5.0 3.602755
51 1259 5.0 4.0771403
51 1527 5.0 4.2628517
51 1909 4.0 2.631033
51 2542 5.0 3.815761
51 2580 4.0 4.4409027
51 3273 3.0 2.366315
51 1653 2.0 3.7070699
51 2291 3.0 3.9600394
51 2712 3.0 3.052486
51 3996 5.0 4.8265576
51 1032 5.0 3.2343898
51 1247 3.0 3.7368069
51 1381 1.0 0.5
51 1246 4.0 3.9702072
51 1499 1.0 2.2711601
51 2302 4.0 2.8438308
51 4022 4.0 3.252795
51 2719 1.0 2.6489105
51 1393 3.0 2.9100602
51 1343 4.0 3.7345285
51 1921 5.0 4.8318286
51 4011 4.0 2.9901419
51 5349 4.0 3.3268862
51 919 3.0 4.633241
51 2355 5.0 3.5414042
51 4246 3.0 3.1584733
51 1344 4.0 0.9167794
51 3203 4.0 2.9961169
51 2723 3.0 2.008362
51 3745 3.0 0.7348239
51 3526 4.0 2.1082113
51 2338 1.0 2.3219855
51 60 3.0 2.4303792
51 4975 4.0 3.1397722
51 213 5.0 2.1066744
51 662 3.0 0.5
51 1330 1.0 0.66834515
51 2025 4.0 0.5
51 3908 1.0 1.8065051
51 3993 4.0 0.5
51 4541 3.0 0.5
52 1130 3.5 2.2917686
52 1258 4.0 4.1299753
52 1333 4.5 3.901958
52 1347 4.0 4.017728
52 1396 4.0 3.7427158
52 2003 3.0 3.8877459
52 2167 2.5 3.740222
52 2713 3.0 1.5404615
52 2716 3.0 4.537449
52 3273 2.0 2.9310124
52 4105 5.0 3.8521934
52 5349 5.0 3.2001507
52 1917 0.5 3.072218
52 2454 3.0 3.351721
52 2525 3.5 2.6181462
52 2633 3.5 3.0560732
52 2657 3.0 3.5265894
52 327 1.0 2.4888635
52 4878 2.5 3.8572564
52 1339 2.0 4.0672326
52 1970 2.0 2.7360306
52 1975 2.5 0.5
52 2902 3.5 2.3034825
52 3016 1.5 3.644395
52 188 1.5 0.5
52 426 3.5 2.133802
52 1301 3.5 4.0673823
52 1342 4.0 4.0924835
52 2140 3.5 4.0377483
52 2328 3.5 0.5
52 2513 2.5 1.7180291
52 2606 3.0 3.3860617
52 3693 3.5 0.5
52 4533 3.5 2.5001223
52 4553 4.0 3.0649018
52 4833 5.0 0.5
52 4865 3.0 1.5790069
52 5323 3.0 1.2967304
52 6040 3.5 0.5
52 6132 3.5 2.8972447
52 6379 2.5 1.4085647
52 6731 3.5 3.5300214
52 6880 4.5 1.0317006
52 1388 0.5 1.1279123
52 2122 3.0 0.5
52 2148 2.0 0.60728824
52 2232 4.0 3.537684
52 2120 2.0 2.228282
52 1991 3.0 1.101339
52 4541 4.0 0.5
52 842 2.0 0.5
52 891 2.0 0.5
52 1328 0.5 0.5
52 1336 1.0 0.5
52 1972 3.0 0.5
52 1985 3.0 0.5
52 1989 2.0 0.5
52 2117 3.5 2.9523175
52 2163 3.5 0.5
52 2327 3.0 0.5
52 2389 4.0 0.5
52 2634 3.5 0.5
52 2787 1.0 0.5
52 2855 2.0 0.5
52 2878 2.5 0.5
52 3216 2.5 0.5
52 3459 3.5 0.5
52 3630 3.5 0.5
52 3665 0.5 0.5
52 3692 2.5 0.5
52 3694 2.0 0.5
52 3696 3.0 0.6828268
52 3919 2.5 0.5
52 3962 0.5 0.5
52 3981 3.0 0.5
52 4135 1.0 0.5
52 4138 2.5 0.5
52 4388 1.5 0.5
52 4412 2.0 0.5
52 4480 3.5 0.5
52 4514 1.5 0.5
52 4685 2.0 0.5
52 4689 4.0 0.5
52 4744 3.0 0.5
52 4812 3.5 0.5
52 5094 3.0 0.5
52 5189 3.0 0.5
52 5306 1.5 0.5
52 5410 3.5 0.5
52 5489 1.0 0.5
52 5587 1.5 0.5
52 5606 3.0 0.5
52 5697 3.0 0.5
52 5726 4.0 0.5
52 5981 3.0 0.5
52 5998 1.5 0.5
52 6063 1.5 0.5
52 6140 5.0 0.5
52 6304 2.5 0.5
52 6736 2.0 0.5
52 6987 4.0 0.5
52 7001 1.5 0.5
52 7024 2.0 0.5
52 7115 5.0 0.5
52 8062 2.0 0.5
52 8482 2.0 0.5
52 8578 3.5 0.5
52 8815 3.0 0.5
52 8861 2.5 0.5
52 8889 3.5 0.5
52 8932 2.0 0.5
52 31026 1.0 0.5
53 2713 2.0 1.798754
53 2541 2.0 2.073724
53 3863 4.0 3.0667558
54 1215 5.0 3.38813
54 2571 4.0 4.4783735
54 163 4.0 3.9248013
54 150 2.5 4.8820868
54 2353 4.0 4.1134367
54 3198 5.0 3.8332279
54 4011 4.5 4.2609835
54 8874 5.0 3.1944182
54 6502 5.0 2.9433198
54 56367 0.5 4.4865055
54 531 0.5 4.939398
54 327 0.5 2.0683415
54 5010 4.5 4.638094
54 5903 4.5 3.2522213
54 78499 2.0 3.7685888
54 64614 5.0 3.4546342
54 81788 4.5 2.6389542
54 5672 0.5 0.5
54 6371 0.5 0.5
54 47099 4.5 0.5
54 53000 5.0 3.7706072
54 55765 5.0 0.5
54 62203 5.0 0.5
54 62733 4.5 0.5
55 260 3.0 5.0
55 1206 5.0 3.729859
55 2028 3.0 3.7470822
55 2396 5.0 5.0
55 265 5.0 3.9662287
55 914 5.0 4.6932826
55 918 5.0 0.5
55 1131 5.0 3.7441926
55 3252 4.0 4.5918384
55 154 5.0 4.498035
55 1367 5.0 4.784928
55 1207 4.0 5.0
55 1281 5.0 1.2259603
55 1730 5.0 0.5
55 3462 5.0 0.5
55 3496 5.0 0.5
56 858 5.0 3.0368433
56 1221 4.0 2.4596052
56 1252 4.0 3.8787174
56 1262 5.0 3.9326913
56 1249 5.0 3.8390346
56 1247 4.0 3.4282432
56 16 3.0 2.552435
56 1299 5.0 3.6764312
56 919 5.0 4.3264475
56 3114 5.0 4.618778
56 1256 4.0 4.828372
56 2132 2.0 3.6696455
56 2324 4.0 3.9593048
56 2400 4.0 0.5
57 1378 3.5 1.9800712
57 2478 2.0 2.3712184
57 1101 3.5 2.4873257
57 6879 3.0 0.5
58 999 3.0 2.8316123
58 736 3.0 3.4242454
58 376 3.0 2.2671967
58 661 3.0 4.328296
58 765 3.0 3.06873
58 808 3.0 2.2477612
59 4022 3.0 3.4225156
59 47 5.0 4.077236
59 733 5.0 3.6211321
59 647 4.0 3.3135326
59 4027 4.0 3.6759875
59 3948 3.0 2.8289669
59 1480 1.0 2.2360477
59 4019 5.0 3.4967594
59 4025 4.0 0.5
59 3556 3.0 2.7723422
59 64 3.0 0.5
60 541 4.5 4.609373
60 1252 4.0 4.263993
60 2917 3.5 3.0364394
60 2968 3.5 3.971506
60 3949 2.0 4.7149267
60 16 4.0 3.52588
60 1213 4.0 4.523446
60 778 5.0 5.0
60 1120 4.0 3.7324088
60 3421 4.5 3.1507218
60 3504 4.5 4.2542467
60 5782 4.0 3.6615317
60 111 4.5 3.8585873
60 4235 3.5 3.6183355
60 288 4.5 4.2002654
60 2859 3.5 4.177245
60 333 3.0 2.1376507
60 2905 4.0 3.9947476
60 2976 4.0 4.2834764
60 3030 4.5 4.097081
60 4007 4.5 2.8598065
60 6774 5.0 4.790061
60 8798 4.5 0.5
60 37733 4.5 3.6437876
60 55820 4.5 2.6330283
60 2193 3.5 3.661013
60 3040 3.5 0.5
61 50 5.0 4.1783586
61 45 4.0 3.4122875
61 150 5.0 4.5969205
61 249 4.0 3.622767
61 509 5.0 4.0268326
61 508 5.0 3.1201622
61 41 5.0 4.2380056
61 515 5.0 4.8404374
61 788 1.0 3.4294713
61 537 4.0 1.8000915
61 707 4.0 2.200098
62 5 3.0 2.1615427
62 2762 4.0 2.6999621
62 16 4.0 2.7122455
62 357 3.0 3.2634294
62 4848 3.0 1.8109335
62 19 1.0 0.5
62 1544 2.0 2.0548275
63 750 5.0 4.426004
63 858 5.0 4.086865
63 1206 5.0 3.572524
63 1208 5.0 4.767619
63 1262 5.0 4.0101643
63 1953 4.0 4.2981772
63 2000 4.0 4.3758335
63 2001 4.0 3.8235395
63 1247 4.0 4.616107
63 1186 3.0 4.120042
63 1225 4.0 5.0
63 1674 3.0 4.142067
63 1231 3.0 4.661926
63 1193 4.0 4.193382
63 1292 4.0 2.7242002
63 1298 4.0 3.641342
63 1150 3.0 4.7725964
63 1948 3.0 3.847562
63 1958 3.0 3.9946945
64 46976 4.5 2.9200234
64 69757 3.0 2.7205057
64 37386 3.5 0.5
64 3791 2.0 0.5
64 69712 4.5 0.5
65 999 4.0 2.446277
65 1200 4.0 3.7687807
65 1321 4.5 2.6399636
65 1805 3.0 2.753978
65 3363 2.0 2.8322368
65 344 4.0 2.2643502
65 1186 4.0 3.195592
65 1459 3.0 2.8750186
65 2761 1.0 3.3742514
65 2094 2.0 2.5984385
65 5049 4.5 3.2157629
65 2311 3.0 0.5
65 2605 1.0 2.190445
65 5136 4.0 0.5
65 6383 1.0 0.5
65 34004 3.5 0.5
65 55391 3.0 0.5
65 80502 3.5 0.5
66 198 5.0 3.8068705
66 474 4.0 3.3101432
66 364 2.0 3.2268953
66 95 3.0 3.37494
66 158 2.0 2.740211
66 165 5.0 2.7993512
66 173 3.0 2.5126348
66 185 3.0 4.4610677
66 464 3.0 2.9749928
66 485 3.0 3.5407746
66 548 3.0 2.27697
67 153 3.0 2.813554
67 500 2.0 3.582776
68 589 4.0 3.5709624
68 1210 5.0 3.8357067
68 2028 5.0 4.773809
68 364 4.0 4.2055645
68 1584 2.0 4.3539863
68 1835 1.0 4.0456614
68 2302 2.0 3.121693
68 2278 5.0 4.325829
68 300 4.0 3.977058
68 1784 5.0 3.2284353
68 2142 2.0 4.1241226
68 2393 4.0 3.7276182
68 1801 3.0 2.703812
68 1271 3.0 3.1114042
69 593 5.0 5.0
69 858 5.0 4.721223
69 1201 5.0 3.6579044
69 1953 5.0 4.657575
69 2268 3.0 4.167301
69 2542 4.0 2.7740223
69 2973 4.0 1.8934845
69 899 5.0 5.0
69 1230 5.0 5.0
69 1639 5.0 3.4841805
69 4306 3.0 5.0
69 2278 3.0 4.17652
69 2628 2.0 4.514181
69 3072 5.0 3.6483324
69 1641 5.0 4.8713956
69 2700 4.0 3.8411696
69 2871 5.0 4.9292355
69 4034 3.0 4.1641603
69 1193 5.0 5.0
69 910 5.0 3.033139
69 1178 5.0 5.0
69 1217 5.0 5.0
69 2863 5.0 3.8443992
69 1041 5.0 4.5196314
69 29 5.0 4.3791094
69 599 5.0 4.550158
69 1209 5.0 4.91503
69 1233 5.0 5.0
69 1711 2.0 4.0480046
69 3030 5.0 4.0490065
69 4339 3.0 0.5
69 1061 5.0 3.240622
69 3819 5.0 4.1365767
69 2495 5.0 0.5
69 2830 5.0 0.5
69 3171 5.0 0.5
69 3307 5.0 0.5
69 3473 5.0 0.5
69 3507 5.0 0.5
69 3788 5.0 0.5
69 3950 1.0 0.5
69 4283 5.0 0.5
69 4422 5.0 0.5
69 6460 5.0 0.5
70 32 4.5 4.0369473
70 541 5.0 4.207264
70 1089 4.0 4.3553066
70 1201 4.5 3.6704707
70 1265 4.0 4.030482
70 1270 4.0 4.5932
70 1387 3.0 4.5389323
70 1573 4.5 3.056778
70 1610 3.0 3.5157382
70 2571 5.0 4.448909
70 2692 5.0 4.1828637
70 2985 4.0 4.463077
70 2987 3.0 3.6605732
70 3703 5.0 4.7755837
70 2 3.5 3.8701677
70 34 3.0 3.677899
70 364 3.5 4.7814198
70 500 3.0 4.4995465
70 953 3.5 3.3526664
70 2396 4.0 5.0
70 3996 4.5 5.0
70 7153 5.0 4.616638
70 39 4.0 4.106451
70 377 4.0 2.3933349
70 588 4.0 3.6271112
70 1307 5.0 3.484487
70 1246 4.0 4.752625
70 4643 3.0 3.164544
70 4546 4.5 1.948404
70 6283 4.5 3.525864
70 48385 5.0 3.244149
70 1411 4.0 4.499085
70 2150 4.0 4.655016
70 141 3.5 3.4898064
70 1641 4.0 4.881804
70 2699 3.0 3.8774579
70 3448 4.0 2.76023
70 3911 4.0 3.904146
70 4011 4.0 3.875338
70 4226 5.0 4.76574
70 5349 3.5 4.0281496
70 5617 5.0 4.132631
70 5679 4.5 3.4535413
70 6807 4.0 4.7853403
70 7090 5.0 4.7774673
70 5459 3.0 4.7058277
70 5481 3.0 4.00836
70 912 3.0 5.0
70 919 3.0 5.0
70 1367 3.5 3.3445294
70 4896 4.0 3.1819618
70 39183 4.5 4.46175
70 1690 3.5 3.4143426
70 1873 4.0 3.654388
70 4878 4.5 3.8032916
70 1339 4.0 4.918429
70 2717 3.0 3.589986
70 2490 4.0 4.528392
70 2723 3.0 2.6683123
70 1587 5.0 3.1994178
70 2413 4.0 4.646072
70 2420 4.0 1.9153955
70 3697 3.5 1.9416207
70 3717 3.5 3.787782
70 4025 4.0 0.6405037
70 4734 4.0 0.85183305
70 5500 3.0 2.2610655
70 30707 4.0 4.5935535
70 33493 3.0 3.5031626
70 34405 5.0 2.8225489
70 4447 4.0 2.30041
70 3977 4.0 4.086524
70 48394 4.5 3.2178977
70 2161 3.0 3.786553
70 2134 5.0 1.7136484
70 2405 5.0 3.4100606
70 3785 4.0 3.053097
70 1911 3.0 2.841514
70 1952 3.5 4.4686985
70 7743 5.0 0.5
71 1416 4.0 0.5
71 1693 4.0 3.488809
71 3555 1.0 3.4502552
71 1476 3.0 0.5
72 527 5.0 4.1290355
72 1283 4.0 4.0437975
72 1304 4.0 3.7347832
72 1288 4.0 3.9227712
72 1183 4.0 4.4035177
72 923 5.0 3.7705665
72 1079 3.0 3.8119724
72 940 4.0 2.8023627
73 413 3.0 1.8392464
73 2278 4.0 3.6555486
73 3072 4.0 2.6147094
73 1203 5.0 3.4520657
73 585 2.0 3.1533206
73 4238 4.0 2.277798
73 5810 2.5 2.6657915
73 56176 0.5 2.1529732
73 1320 2.0 2.9160035
73 2792 3.5 2.18043
73 2694 3.0 2.3212264
73 4370 3.5 3.1322558
73 27660 4.0 1.3622015
73 8810 2.0 1.6779038
73 6383 1.0 0.5
73 6287 2.0 0.5
73 33085 2.0 0.5
74 1580 4.0 3.636094
74 830 3.0 3.2076986
74 1183 5.0 3.9650898
74 508 3.0 4.028996
74 1399 4.0 3.0139534
75 296 5.0 3.4747667
75 367 3.0 1.5454539
75 480 3.0 2.7673843
75 492 3.0 2.0388565
75 608 3.0 4.1686087
75 1196 3.0 3.4059932
75 1258 3.0 2.7283142
75 1270 3.0 2.8059604
75 1333 3.0 3.7349753
75 1387 3.0 3.786458
75 17 3.0 4.224684
75 224 3.0 2.174461
75 440 3.0 2.9317577
75 830 3.0 3.0450258
75 1296 3.0 3.1802886
75 62 2.0 2.8122437
75 783 3.0 2.463798
75 150 3.0 3.8561816
75 454 2.0 2.0318162
75 509 5.0 3.6301355
75 587 2.0 1.796374
75 36 5.0 3.8266027
75 1299 4.0 3.9889681
75 151 3.0 3.201525
75 778 4.0 3.1998408
75 906 5.0 0.5
75 1047 2.0 2.0774193
75 382 2.0 0.8197526
75 848 3.0 2.0443258
75 1235 4.0 3.4381754
75 82 5.0 3.796125
75 720 5.0 3.1682699
75 801 3.0 1.7771214
75 425 4.0 2.3855693
75 1244 3.0 4.161466
75 458 2.0 1.3834891
75 117 3.0 1.4833164
75 131 3.0 0.5
75 422 2.0 0.5
75 448 4.0 0.5
75 824 5.0 0.5
75 869 2.0 0.5
76 58559 4.0 3.9672878
76 89745 4.0 3.0929127
76 112852 5.0 3.1162221
76 115617 3.5 0.5
76 78499 5.0 3.6801522
76 97304 3.5 2.7407603
77 457 4.0 4.017271
77 589 3.5 4.088324
77 858 5.0 4.3906097
77 1221 4.5 3.4524274
77 1527 3.5 4.114326
77 1580 2.5 3.9067562
77 2571 4.5 4.43659
77 1721 4.0 3.8901641
77 2396 4.5 4.2422795
77 2712 4.0 2.3018959
77 898 4.5 3.1417072
77 920 5.0 2.954156
77 1247 5.0 4.0754585
77 4226 4.5 4.8378644
77 6333 2.5 3.920806
77 1784 4.0 3.0777206
77 5878 5.0 3.9349868
77 5995 4.0 3.0692728
77 3593 2.0 0.6804379
77 5010 3.0 4.0931525
77 2336 4.5 4.319904
77 6156 2.5 0.55408835
77 3155 3.5 4.132192
77 645 4.0 0.5
77 2908 4.0 0.5
77 6238 3.5 0.5
78 1732 4.0 3.3348613
78 4014 4.0 4.17926
78 5952 4.5 4.3980756
78 6711 2.0 3.554731
78 60069 4.0 4.512087
78 79139 3.5 1.7622536
78 7256 5.0 0.5
78 7361 3.0 4.4068575
78 46578 2.0 3.277144
78 56367 3.0 4.335398
78 59784 3.5 2.2115612
78 69644 2.0 3.3630552
78 72226 3.5 3.716848
78 4235 3.5 2.1904378
78 6016 5.0 4.1326604
78 44199 4.5 2.8733802
78 53318 5.0 0.5
78 54995 3.5 4.3500214
78 52281 4.5 2.3565269
78 68237 3.0 3.723472
78 8607 5.0 2.8923125
78 31685 2.5 2.4756293
78 63072 3.0 2.2271075
78 74789 1.5 3.5098119
78 76251 3.5 0.5
78 55442 5.0 3.953893
78 97304 4.5 3.0127223
78 72737 4.5 2.6766274
78 3404 4.0 0.5
78 6344 4.5 0.5
78 8117 4.0 0.5
78 32657 3.5 0.5
78 36517 5.0 0.5
78 47491 4.0 0.5
78 67429 4.5 0.5
78 68347 4.0 0.5
78 71462 2.5 0.5
79 592 3.0 3.3780777
79 924 5.0 3.2225153
79 1089 4.0 2.2991285
79 1198 4.0 4.097922
79 1208 5.0 4.634084
79 1242 4.0 2.4247944
79 1378 2.0 3.1405334
79 2194 3.0 3.2084482
79 2716 2.0 3.5534456
79 1721 1.0 2.5965319
79 2115 3.0 3.6950269
79 2396 4.0 4.071925
79 1961 4.0 4.1835165
79 11 4.0 3.6773796
79 1172 5.0 4.0904317
79 1183 4.0 4.4959917
79 1552 2.0 2.7341437
79 412 5.0 3.2451365
79 1120 2.0 3.4618022
79 1274 2.0 3.6906006
79 1917 1.0 2.9538121
79 2859 3.0 3.5305293
79 232 4.0 3.6461124
79 1694 4.0 3.3717887
79 1729 3.0 1.8132601
79 2413 3.0 3.4337983
79 1883 3.0 0.5
79 2269 3.0 0.5
