1 22 3.0 3.0674994
1 260 5.0 1.653051
1 367 4.0 2.3230617
1 451 1.0 0.5
1 492 3.0 2.7735145
1 527 4.0 4.1669297
1 553 3.0 2.733696
1 608 5.0 4.0943875
1 996 2.0 1.7240895
1 999 4.0 2.1566863
1 1127 3.0 3.5357552
1 1136 4.0 4.1094956
1 1200 3.0 3.411716
1 1221 5.0 3.3090746
1 1227 3.0 2.945102
1 1261 4.0 3.8792968
1 1270 3.0 2.6414423
1 1276 3.0 3.7694347
1 1283 4.0 3.4744382
1 1287 3.0 4.1622314
1 1321 5.0 3.232088
1 1378 3.0 3.8592653
1 1645 2.0 3.3512456
1 1754 2.0 2.1324153
1 1799 3.0 0.57005394
1 1892 3.0 0.5
1 1909 3.0 3.0368984
1 2012 3.0 1.7298831
1 2076 3.0 4.0838985
1 2194 3.0 3.5234096
1 2391 4.0 2.7583044
1 2532 3.0 2.2189775
1 2542 2.0 3.6263168
1 2580 3.0 3.7834926
1 2858 4.0 4.9776387
1 2916 5.0 2.8278458
1 2917 3.0 2.7984805
1 2985 3.0 4.8873873
1 3168 3.0 0.5
1 3471 4.0 4.1359935
1 3508 3.0 3.5280752
1 3576 3.0 0.93317336
1 3681 5.0 3.5386012
1 3836 3.0 2.654147
1 4041 4.0 0.5
1 4043 3.0 1.7411866
1 4121 3.0 2.0159247
2 1374 1.5 2.3313613
2 1645 4.0 3.1428661
2 2804 3.0 4.2642665
2 736 3.0 2.732122
2 1101 3.0 3.6324446
2 1377 4.0 1.9595352
2 1653 5.0 4.253314
2 1777 4.0 2.8449168
2 2115 4.0 3.473833
2 2384 4.0 2.5648336
2 2617 4.0 3.356049
2 3623 4.5 4.22085
2 5299 4.0 3.1469975
3 367 2.0 2.7823656
3 1196 3.0 3.7331543
3 1210 4.0 4.2207837
3 17 4.0 4.4058228
3 48 1.0 3.62899
3 224 3.0 2.7377396
3 339 5.0 2.4023354
3 377 5.0 2.924246
3 440 4.0 4.333599
3 594 5.0 3.8423727
3 597 4.0 2.4634051
3 605 3.0 0.5
3 914 5.0 4.2510405
3 938 5.0 0.5
3 955 5.0 2.8553774
3 1024 4.0 0.5054448
3 1029 5.0 3.428653
3 1043 3.0 0.5
3 1230 5.0 3.2769558
3 1380 5.0 3.5939412
3 1441 4.0 1.8807985
3 1457 4.0 0.5
3 2017 5.0 2.6866086
3 2084 2.0 0.5
3 2087 3.0 4.224515
3 2102 3.0 0.5
4 750 4.0 3.5897682
4 1036 4.0 4.3161416
4 2804 4.5 3.4514189
4 2985 3.5 1.974862
4 5060 3.5 3.1282332
4 7153 5.0 3.846923
4 2080 4.0 2.4896188
4 62 4.5 3.7602928
4 163 4.0 2.1642087
4 348 3.5 4.105861
4 441 3.0 3.105507
4 2124 3.5 2.4129214
4 2455 2.5 3.4154499
4 2683 3.5 4.157644
4 3328 5.0 2.5717025
4 3503 1.0 2.8291578
4 4008 1.5 1.493163
5 915 3.5 2.573588
5 3744 1.5 2.1782506
5 27831 4.0 0.5
5 31878 3.0 0.5
5 48385 2.5 2.733341
5 59725 2.5 1.1522316
6 73321 3.5 3.3420475
6 78772 3.5 0.5
6 79132 4.5 4.1805825
6 85397 2.5 0.5
6 87430 3.5 0.5
6 92264 3.5 0.5
6 93242 3.5 0.5
6 93272 4.0 0.5
6 94015 1.5 0.5
6 95720 2.0 0.5
6 97913 3.5 3.0613642
6 97938 3.5 0.5
6 98203 3.5 0.5
6 99145 4.0 3.069458
6 100390 3.0 0.5
6 103042 3.0 4.0927415
6 105653 3.0 0.5
6 106540 3.0 0.5
6 111659 4.0 0.5
6 112303 2.5 0.5
6 113071 2.0 0.5
6 113604 2.0 0.5
6 114180 3.5 0.8108257
6 115569 1.5 0.5
6 115664 2.5 0.5
6 117851 2.5 0.5
6 119948 2.5 0.5
7 350 4.0 3.2936718
7 367 3.0 2.2355766
7 2 4.0 3.1847591
7 349 3.0 3.8099866
7 364 5.0 4.02594
7 588 5.0 4.8329396
7 595 4.0 4.1356583
7 11 5.0 3.7446601
7 16 3.0 2.128226
7 47 5.0 4.779989
7 122 4.0 3.3825045
7 126 3.0 0.5
7 185 4.0 4.0208282
7 231 4.0 3.330022
7 315 4.0 3.4985793
7 328 4.0 0.7333182
7 343 3.0 0.5
7 357 5.0 4.3125544
7 370 4.0 2.1616762
7 383 3.0 3.3404932
7 416 4.0 0.5
7 445 4.0 0.5
7 468 5.0 2.7083366
7 471 4.0 3.2405028
7 494 4.0 3.2947552
7 509 4.0 5.0
7 542 4.0 0.5
7 544 3.0 0.5
8 110 5.0 4.620411
8 457 5.0 5.0
8 527 5.0 3.976612
8 608 4.0 3.2702098
8 780 4.0 1.6252545
8 1580 4.0 2.723639
8 2467 5.0 2.8533788
8 1721 4.0 4.533142
8 2959 2.0 4.2577424
8 1302 4.0 2.7989833
8 1682 4.0 4.6552706
8 1687 5.0 0.5
8 2021 4.0 2.976967
8 2150 4.0 4.3512087
8 2427 3.0 0.5
8 2797 4.0 2.6468194
8 3252 3.0 4.8854547
8 3256 4.0 3.6556625
9 457 4.0 2.5359278
9 527 5.0 4.2242174
9 593 4.0 3.5447202
9 349 4.0 4.412894
9 3 3.0 2.3831406
9 224 4.0 2.5345685
9 10 4.0 3.243287
9 249 4.0 3.4201899
9 282 3.0 4.351457
9 292 3.0 3.5727093
9 471 3.0 2.3062592
9 475 5.0 4.3402166
9 25 4.0 2.8462589
9 151 5.0 3.9784172
9 194 4.0 4.017013
9 299 4.0 2.475033
9 305 3.0 0.7605538
9 378 3.0 0.5
9 508 5.0 4.4877768
9 524 4.0 3.7926688
9 805 3.0 3.7016795
10 608 3.0 4.0345855
10 1208 4.5 2.491782
10 1252 4.0 4.372156
10 1257 3.5 4.1523104
10 1259 4.0 4.0995407
10 1394 4.5 3.047947
10 1997 3.5 4.2190123
10 2248 3.5 1.5611267
10 2716 3.5 4.2468605
10 2968 4.5 3.063906
10 3793 2.5 3.2074537
10 3100 3.5 3.8816268
10 4014 3.5 3.4985824
10 2762 4.0 4.0672026
10 4886 4.0 3.8722582
10 293 4.0 3.4846137
10 357 3.5 3.8003068
10 471 3.5 3.5233533
10 272 4.0 3.127092
10 2949 3.5 3.5889735
10 508 2.0 3.268244
10 535 4.5 2.9634955
10 1103 4.0 3.899303
10 1120 3.0 4.0407357
10 1179 3.5 2.799538
10 1188 4.5 3.8099728
10 1203 4.0 3.8812366
10 1224 3.5 4.155698
10 1228 4.0 3.9262502
10 1231 4.0 4.3124456
10 1269 3.5 3.3877323
10 1274 4.5 4.016149
10 1704 4.0 3.9836483
10 2300 2.5 3.843612
10 2303 4.0 3.4316716
10 2795 3.5 0.5
10 3000 3.5 3.9797096
10 3098 4.0 2.185058
10 3253 3.5 3.612798
10 3317 4.0 2.7685819
10 3396 4.5 3.415063
10 3421 4.0 3.9600153
10 3468 4.5 0.5
10 3751 4.0 3.5281758
10 3994 3.0 3.1000228
10 4979 4.5 4.3612185
10 5013 4.0 2.3389063
10 5617 4.0 3.92961
10 5782 4.0 2.9423418
10 6104 3.5 2.57239
10 6974 4.5 0.5
10 7156 4.5 3.2986822
10 7438 3.5 4.6558642
10 7569 2.5 2.2287576
10 7889 4.0 0.5
10 8464 4.0 2.7361765
10 8636 4.0 3.4575083
10 8949 2.0 4.501058
10 30810 4.0 3.998831
11 1220 4.0 3.8265972
11 1101 3.0 2.8993971
11 3 2.5 1.563905
11 4993 5.0 4.588279
11 16 4.0 2.3139207
11 235 4.0 4.7893686
12 480 3.0 3.309679
12 593 5.0 3.7563245
12 1242 2.0 3.3214653
12 903 5.0 3.5850413
12 1193 4.0 4.5065794
12 5225 4.0 3.4931028
13 1073 3.5 3.5630524
13 2384 3.0 2.7267854
13 594 3.5 4.358172
13 595 5.0 4.374985
13 1022 4.5 3.070478
13 2014 2.5 3.1557634
13 2096 4.0 3.9266374
13 596 4.0 2.507384
13 2302 4.5 3.1489007
13 5952 5.0 5.0
13 6942 4.0 2.9877095
13 1 4.5 5.0
13 344 3.5 3.7657492
13 1203 5.0 3.600231
13 1274 4.0 4.1254582
13 5945 2.5 1.2584885
13 8874 4.5 2.8394275
13 435 2.0 3.7780786
13 965 4.0 3.307406
13 1367 4.0 2.502817
13 2018 5.0 1.7790098
13 2092 3.0 1.6265514
13 2152 3.0 0.5
13 2354 3.5 1.0115091
13 3945 3.5 0.5
13 4039 3.0 0.5
13 4246 3.5 2.7418516
13 4963 4.0 4.103608
13 5048 3.5 0.5
13 5092 3.0 0.5
13 5810 4.0 3.4323127
13 5900 2.5 2.197792
13 6266 3.0 3.13172
13 6502 5.0 3.313403
13 7164 3.5 0.5
13 7451 4.0 0.5
13 45726 3.5 0.5
13 55052 4.5 0.5
13 61024 1.0 0.5
13 63540 2.5 0.5
13 68135 3.5 0.5
13 68954 5.0 4.361134
13 70282 3.0 0.5
14 590 4.0 3.558307
14 593 4.0 3.8775053
14 349 3.0 4.082105
14 339 3.0 3.472564
14 497 4.0 3.489963
14 595 5.0 4.8770304
14 150 4.0 4.015843
14 186 3.0 3.2867453
14 292 3.0 3.655268
14 587 3.0 3.4298742
14 272 5.0 3.8678916
14 529 4.0 3.3955936
14 300 4.0 3.9703395
14 534 4.0 2.4977465
15 474 3.0 3.2060847
15 480 4.0 2.7096903
15 589 4.0 4.6769805
15 648 3.0 4.62025
15 1036 5.0 4.3592405
15 1073 4.0 4.408985
15 1097 3.0 3.4128945
15 1130 3.0 2.8003192
15 1196 4.0 3.6474295
15 1240 3.0 4.408459
15 1283 5.0 2.4321892
15 2916 4.0 5.0
15 2968 5.0 2.8294225
15 953 5.0 3.454283
15 1945 3.0 2.1079504
15 2160 4.0 3.685909
15 2174 4.0 4.0528727
15 903 5.0 4.102573
15 257 3.0 0.5
15 671 5.0 4.259146
15 1334 3.0 1.9572394
15 1340 5.0 1.8991692
15 1873 5.0 2.7016544
15 1924 4.0 3.065499
15 2075 2.0 3.116659
15 2202 2.0 1.3958132
15 2454 5.0 2.5632088
15 2519 5.0 1.7214406
15 2531 2.0 0.5
15 2612 4.0 0.5
15 2644 4.0 2.513062
15 2649 5.0 0.5
15 2863 5.0 3.1111069
15 3038 5.0 2.98857
15 3089 1.0 0.6300686
15 3095 3.0 0.5
15 3365 3.0 2.6716185
16 6 2.0 4.1815186
16 648 4.0 4.1971197
16 782 1.0 1.2817765
16 1 5.0 4.1946726
16 832 4.0 4.0352116
16 1047 3.0 3.0598724
16 1354 3.0 2.9032185
17 2944 3.0 3.257808
17 1186 0.5 3.0786636
17 1027 0.5 0.5
17 3967 4.0 1.1692125
18 50 5.0 5.0
18 608 5.0 5.0
18 2692 5.0 4.4144907
18 908 5.0 4.710226
18 4993 5.0 5.0
18 5952 5.0 5.0
18 3498 4.0 3.8929002
18 3000 4.0 4.7640495
18 1019 4.0 2.7283196
18 2183 5.0 0.5
18 3083 4.5 2.117692
18 3146 3.0 2.3723245
18 5878 4.5 4.91039
18 6016 5.0 5.0
18 8014 5.0 2.7744575
18 27773 5.0 3.521556
18 48516 5.0 4.960709
19 50 4.5 4.709868
19 110 4.0 3.872413
19 527 5.0 4.455952
19 1092 4.0 3.0455728
19 3578 4.0 3.7701864
19 3996 4.0 4.0254464
19 4306 4.0 3.9443543
19 6333 4.0 4.090138
19 3948 3.5 3.0342622
20 296 4.0 4.4462566
20 1220 3.0 4.084351
20 653 4.0 3.5545344
20 420 2.0 3.4054556
21 608 4.0 4.5459013
21 1073 4.0 3.9198952
21 783 3.0 3.3302946
21 36 5.0 5.0
21 733 5.0 4.2095566
21 25 4.0 4.1235523
21 745 5.0 4.7759347
22 780 4.0 3.3126595
22 261 3.5 2.495126
22 344 4.5 1.1604649
22 39231 3.0 0.5
22 68650 1.0 0.5
23 110 5.0 3.1076484
23 1573 4.0 3.4552436
23 1617 3.0 4.958326
23 1994 5.0 3.7904153
23 2791 4.0 3.1732304
23 2719 3.0 3.1302488
23 173 2.0 3.3614862
23 292 3.0 3.18958
23 434 4.0 2.7229543
23 442 3.0 3.2840161
23 1586 3.0 2.293622
23 1970 4.0 1.5989337
23 2497 1.0 0.5
23 2902 3.0 2.937968
23 3082 4.0 3.742896
23 3257 3.0 0.5
24 110 5.0 4.570788
24 1573 4.0 3.1034122
24 762 1.0 2.3476279
24 380 5.0 3.795826
24 475 4.0 4.402953
24 778 3.0 4.225477
24 1704 5.0 5.0
24 1425 4.0 0.5
25 2716 4.0 3.7989476
25 2392 4.0 0.68588614
25 2724 4.0 0.5
25 3203 5.0 3.2274306
26 589 5.0 3.1395767
26 597 3.0 4.418159
26 21 4.0 3.2859054
26 208 3.0 3.83869
26 292 3.0 3.8088856
26 357 3.0 3.8930516
26 434 3.0 3.2444208
26 586 3.0 2.4943802
26 587 3.0 3.7554111
27 1580 4.5 3.959575
27 2028 4.0 3.7505424
27 1035 3.0 2.0294495
27 5014 4.0 3.820404
27 58559 5.0 4.349364
27 27706 4.0 4.1419873
27 2792 3.5 3.2911413
27 4754 5.0 2.2475624
27 5419 1.0 0.5
27 56174 3.0 3.1522303
28 1356 2.0 1.1672232
28 1376 2.0 2.3205793
28 265 3.0 2.0270746
28 1682 3.0 2.4330564
28 2289 5.0 3.2378886
28 2770 3.0 2.799659
28 1779 2.0 2.73348
29 1200 3.0 3.8150342
29 1997 5.0 5.0
29 3362 4.0 3.6715782
29 2424 5.0 2.6222184
29 678 5.0 4.1698046
29 2439 4.0 3.3406174
29 3196 4.0 2.8507924
29 3236 4.0 0.5
30 110 5.0 4.018851
30 367 5.0 2.016899
30 500 3.0 3.8719203
30 316 2.0 3.8049183
30 44 4.0 3.6590233
30 112 4.0 3.4513383
30 282 5.0 3.5910447
30 292 2.0 3.9134893
30 344 5.0 3.038175
30 466 2.0 3.466202
30 516 3.0 3.2308
30 529 4.0 3.9830291
30 300 3.0 3.7502544
30 508 3.0 3.6226344
30 147 3.0 0.5
30 490 3.0 0.5
30 537 4.0 2.9497302
31 260 3.0 4.4163055
31 303 4.0 2.461376
31 366 1.0 1.5576143
31 431 3.0 1.7130078
31 541 5.0 3.425501
31 593 4.0 3.6489234
31 608 5.0 2.9371908
31 858 5.0 4.2748613
31 1034 5.0 2.551821
31 1197 4.0 4.835351
31 1199 4.0 3.1908038
31 1200 4.0 2.7928503
31 1220 5.0 4.0410395
31 1257 4.0 4.0260973
31 1259 3.0 4.0443687
31 1261 4.0 3.6299498
31 1287 3.0 4.566779
31 1291 4.0 2.8108835
31 1321 4.0 3.5761876
31 1374 3.0 5.0
31 1527 3.0 3.3830328
31 1645 1.0 2.1821835
31 1909 3.0 3.035589
31 2167 3.0 2.6225286
31 2194 3.0 3.8289242
31 2858 0.5 4.7635922
31 2901 4.0 5.0
31 2912 4.5 3.2485697
31 2968 5.0 3.8400195
31 3147 1.5 3.9471476
31 3471 3.5 4.466825
31 3576 2.0 1.2509007
31 3682 3.5 2.4828267
31 3702 3.5 3.9598274
31 4037 5.0 2.5299678
31 4105 3.5 5.0
31 500 0.5 1.0132505
31 356 0.5 0.5
31 920 0.5 2.8684301
31 1059 2.0 4.1165667
31 180 0.5 3.2413805
31 782 4.0 1.3315312
31 2124 3.0 2.1709085
31 2395 5.0 3.634333
31 2455 5.0 3.9107914
31 3328 5.0 3.5554044
31 3398 3.0 3.9292927
31 3897 3.0 3.5270734
31 4014 0.5 3.8646429
31 6365 3.5 3.9815907
31 6283 3.0 3.5502508
31 10 2.0 3.3622954
31 44 0.5 1.6200149
31 170 1.0 2.416396
31 172 3.5 3.0802758
31 293 1.5 3.461965
31 319 4.0 3.9675033
31 344 0.5 2.8439279
31 374 0.5 1.5668652
31 466 3.0 1.5203524
31 586 0.5 2.253602
31 1674 3.0 3.4072554
31 2427 3.0 0.5
31 2918 3.0 3.7957346
31 3256 0.5 2.2356148
31 300 4.0 3.601043
31 455 0.5 1.5540239
31 653 0.5 2.0718465
31 1084 4.5 2.7179568
31 223 2.0 3.9560952
31 551 3.0 4.9297633
31 1343 2.0 1.4492104
31 1663 2.0 3.7677577
31 1921 4.0 4.3332105
31 2599 4.5 3.8530812
31 3361 5.0 3.4644291
31 3751 3.0 3.3107424
31 4027 3.5 4.254335
31 4034 4.0 3.855526
31 5673 4.5 4.1759233
31 6333 3.0 2.9863858
31 6874 5.0 3.2388523
31 8622 4.5 3.601748
31 8636 3.0 4.3171363
31 30810 4.0 3.4739923
31 912 4.5 1.9105287
31 965 3.0 2.8060625
31 2123 2.0 1.4876405
31 2761 4.0 2.8825676
31 4963 3.0 4.3428164
31 6794 0.5 1.2724262
31 26 2.0 3.4230673
31 306 2.0 2.4103057
31 911 0.5 3.52895
31 1250 3.5 3.805355
31 1267 3.0 4.7157807
31 1924 1.0 3.0693576
31 3089 4.5 0.5
31 327 0.5 0.5
31 1831 0.5 2.0999582
31 4718 2.5 1.9907647
31 6016 5.0 4.640373
31 5630 0.5 3.0291042
31 2706 2.5 3.8230696
31 3105 0.5 3.933288
31 1974 1.0 3.7758565
31 2616 3.0 0.97607815
31 3208 2.0 2.0560448
31 3016 4.5 1.9453491
31 1010 0.5 2.295624
31 4351 5.0 2.5475717
31 1251 4.0 4.0598807
31 18 3.0 0.5
31 88 0.5 0.5
31 101 4.5 3.7418036
31 159 4.5 0.5
31 188 0.5 1.5021416
31 322 0.5 3.1044786
31 365 1.5 0.5
31 407 5.0 3.5091403
31 429 4.5 0.5
31 735 5.0 3.643399
31 1013 0.5 1.5648401
31 1189 5.0 0.5
31 1202 5.0 3.410091
31 1237 3.5 3.126743
31 1281 2.0 2.506983
31 1587 5.0 3.6895976
31 1615 4.0 0.5
31 1681 0.5 0.5
31 1788 4.0 0.59276325
31 1840 4.5 0.5
31 1889 5.0 0.5
31 1916 5.0 0.5
31 1946 3.0 0.5
31 2015 0.5 1.7961767
31 2027 0.5 0.5
31 2031 0.5 0.5
31 2077 2.0 0.5
31 2116 4.0 2.9538975
31 2140 3.0 3.3106527
31 2165 3.0 3.126419
31 2275 3.0 3.4760616
31 2440 4.0 0.5
31 2583 4.0 0.5766968
31 2729 3.5 0.5
31 2730 4.0 1.897321
31 2788 4.0 3.9567227
31 2898 1.5 2.4920998
31 2970 5.0 0.5
31 3006 4.0 0.5
31 3013 2.5 2.589689
31 3028 0.5 0.5
31 3030 5.0 3.57146
31 3034 4.0 4.1086493
31 3071 2.0 0.5
31 3093 4.5 0.5
31 3143 4.0 0.5
31 3175 3.0 4.8721294
31 3238 4.5 0.5
31 3262 5.0 0.5
31 3265 4.5 0.5
31 3355 1.0 0.5
31 3364 5.0 0.5
31 3429 5.0 3.7849407
31 3536 0.5 0.5
31 3622 4.0 0.5
31 3693 0.5 3.5947604
31 3697 2.5 2.8981786
31 3717 1.0 1.9835925
31 3798 0.5 1.419218
31 3801 5.0 0.5
31 3802 2.0 0.5
31 3838 3.5 3.1058292
31 3858 5.0 0.5
31 3872 4.5 0.5
31 3873 5.0 0.5
31 3916 0.5 3.6919851
31 3947 5.0 0.5
31 3955 0.5 2.18204
31 4015 4.0 1.4397188
31 4020 3.0 0.6036823
31 4047 2.0 0.5
31 4093 1.0 0.5
31 4167 0.5 2.6348963
31 4223 0.5 3.5073876
31 4228 1.0 1.3797306
31 4299 4.0 0.5
31 4329 5.0 0.5
31 4387 2.0 2.8986602
31 4533 4.0 3.326845
31 4542 2.0 0.5
31 4553 5.0 4.2237434
31 4574 3.0 0.5
31 4634 5.0 0.5
31 4683 0.5 1.9895637
31 4725 1.0 0.5
31 4846 3.0 0.56812245
31 4862 0.5 0.5
31 5049 4.5 2.8070338
31 5105 0.5 0.5
31 5142 4.0 0.88255733
31 5146 4.0 0.5
31 5199 1.5 0.5
31 5235 3.0 0.5
31 5268 5.0 0.5
31 5325 4.0 0.5
31 5420 0.5 0.5
31 5449 3.0 0.5
31 5522 4.5 0.5
31 5650 5.0 0.5
31 5678 3.0 0.5
31 5712 2.0 0.5
31 5780 4.5 0.5
31 5785 4.0 0.5
31 5867 4.0 0.5
31 5881 2.0 0.5
31 5909 5.0 0.5
31 5941 4.0 0.5
31 5961 5.0 0.5201861
31 6021 3.0 0.5
31 6047 3.5 0.5
31 6062 3.0 0.5
31 6170 5.0 0.5
31 6213 2.0 0.5
31 6219 5.0 0.5
31 6229 5.0 0.5
31 6294 0.5 3.0033224
31 6379 2.0 2.4025364
31 6387 1.5 0.5
31 6395 5.0 0.5
31 6429 4.5 0.5
31 6484 3.5 0.5
31 6506 4.0 0.5
31 6534 1.0 0.6889943
31 6585 4.0 0.5
31 6586 2.5 0.5
31 6595 3.0 0.5
31 6618 3.5 0.5
31 6721 3.5 0.5
31 6741 3.0 2.686866
31 6742 0.5 2.0807126
31 6777 1.0 0.5
31 6818 4.5 0.5
31 6869 3.5 0.5
31 7022 3.5 5.0
31 7247 0.5 0.5
31 7286 4.5 0.5
31 7335 5.0 0.5
31 7346 1.0 0.5
31 7348 5.0 0.5
31 7387 5.0 4.3859844
31 7419 5.0 0.5
31 7442 2.0 0.5
31 7460 5.0 3.9296927
31 7586 5.0 0.5
31 7897 4.5 0.5
31 7951 3.5 2.893652
31 8141 4.0 0.5
31 8198 4.0 0.5
31 8253 5.0 0.5
31 8370 4.5 0.5
31 8493 0.5 0.5
31 8793 5.0 0.5
31 8846 3.5 0.5
31 8865 3.5 2.819845
31 8879 3.5 0.5
31 8910 4.5 2.6092465
31 26603 3.0 0.5
31 26840 5.0 0.51369154
31 27728 5.0 0.5
31 30707 5.0 2.5744607
31 32371 3.0 0.6544607
31 40959 4.0 0.5
31 46430 3.0 0.58868223
31 48142 4.5 0.5
31 52462 5.0 0.5
31 53127 5.0 0.5
31 53996 4.0 1.9378074
32 432 4.0 1.9194063
32 2571 4.0 4.477851
32 2 3.5 3.3646646
32 500 4.5 2.1400442
32 1375 4.5 2.019534
32 1721 3.5 2.2095075
32 7 3.0 3.390296
32 48 1.0 2.7367868
32 1246 4.0 3.9890568
32 1961 4.5 3.097963
32 4306 5.0 2.6985679
32 6565 4.5 3.6710362
32 6863 4.0 3.04988
32 5418 4.5 4.233694
32 5459 3.5 4.5078645
32 919 3.5 4.5510435
32 4246 3.5 3.1291158
32 1562 4.0 3.578278
32 4002 4.5 3.1877553
32 3809 4.5 3.615623
32 1962 4.0 2.3878272
32 2469 4.5 0.5
32 2915 2.5 0.5
32 4321 3.5 2.953877
32 4535 4.0 0.5
32 6617 4.0 0.5
32 6708 4.0 0.5
33 1372 4.0 2.763274
33 48 3.5 2.9130578
33 596 2.5 2.4409742
33 158 4.0 2.624869
33 3418 4.0 2.4060113
33 3114 4.0 3.5713499
33 3977 4.5 2.9159853
33 35957 2.5 0.5
33 38038 0.5 0.5
33 40815 4.0 3.1189952
34 457 3.0 3.0816877
34 597 3.0 3.2104516
34 368 3.0 3.1855962
34 380 3.0 3.4504838
34 442 3.0 2.8771927
34 587 3.0 3.5888095
35 2028 4.5 3.5954695
35 1377 4.0 1.6426885
35 48 3.0 2.3181632
35 8961 3.5 3.3440979
35 5445 3.5 4.27161
35 145 4.0 3.3195271
35 3948 3.5 3.1003475
36 457 4.0 2.208871
36 592 3.0 1.4339129
36 1200 2.0 1.9817829
36 1387 2.0 2.8264074
36 1909 4.0 3.5634608
36 2028 4.5 3.0101428
36 2194 2.5 3.0779192
36 3793 2.5 2.474682
36 364 3.0 3.0417662
36 5218 4.0 3.1550894
36 7153 4.5 2.7960076
36 4022 2.0 2.6056786
36 8961 3.0 3.0420184
36 47 5.0 2.8872027
36 150 4.5 3.4060345
36 36 4.5 2.9055579
36 1302 2.5 2.467655
36 508 4.0 4.207769
36 1124 2.5 4.2574677
36 3421 0.5 2.7982132
36 4034 2.0 3.1250257
36 8636 3.5 2.2483535
36 8665 4.5 2.7931647
36 6377 3.0 2.7819684
36 1027 2.0 0.5
36 5995 1.0 2.86912
36 628 2.5 2.5115273
36 6893 4.5 3.1628802
36 1779 1.0 2.4272954
36 3499 4.0 0.7743181
36 4223 3.0 3.9867182
36 5010 5.0 2.4140108
36 4880 4.0 0.5
36 5064 2.5 2.4790277
36 6385 4.0 0.5
36 7162 3.5 0.5
36 30812 2.5 0.8141845
36 34048 5.0 1.7356979
37 110 5.0 3.192935
37 457 3.5 2.6309032
37 1136 5.0 3.7942464
37 1210 4.0 3.718114
37 2571 5.0 4.520263
37 2716 3.5 4.455722
37 2948 3.0 3.4417684
37 736 2.5 2.2119484
37 5299 3.5 3.1993647
37 4022 3.5 2.9536734
37 45499 3.5 3.0796442
37 58559 2.0 3.6755524
37 72998 4.0 3.3634953
37 74458 3.5 3.8902128
37 1 5.0 4.041791
37 2918 4.5 3.8626523
37 2502 5.0 2.7544599
37 4011 3.5 3.6320024
37 7361 5.0 4.5728254
37 8636 3.0 3.6972873
37 104 3.5 3.030404
37 6377 4.5 4.54464
37 54503 5.0 3.3905206
37 2335 4.0 1.9398888
37 2857 2.0 3.3006444
37 33493 2.5 2.7286224
37 1927 2.5 0.5
37 5816 3.5 3.2164903
37 8644 3.5 3.0695524
37 48774 3.5 4.216231
37 68358 5.0 3.3400514
38 318 5.0 4.594906
38 1261 4.0 3.0286791
38 58559 5.0 4.5044017
38 170 2.5 3.537669
38 4226 4.5 5.0
38 4878 4.0 3.9019396
38 849 3.0 3.5864956
38 3510 3.0 3.5673697
38 27611 4.0 4.137003
38 49278 4.0 0.5
38 68237 4.5 4.07467
39 32 4.0 3.7142267
39 1199 3.5 1.1586485
39 1732 4.0 2.1349564
39 2028 1.5 1.7000891
39 1275 3.5 1.5739427
39 2294 0.5 1.359329
39 4973 4.5 3.2749667
39 6365 0.5 2.8500838
39 88125 0.5 2.0012717
39 89745 0.5 1.6514602
39 90405 1.0 2.0089993
39 106696 0.5 2.222808
39 1225 4.0 2.8989563
39 2502 3.5 1.2892176
39 3114 4.0 3.1370375
39 45517 4.0 2.339113
39 50872 4.0 2.6300993
39 49272 3.0 2.7505426
39 5971 4.0 2.5340056
39 47997 3.5 0.5
39 88140 1.0 0.95281464
39 96610 4.0 1.6273913
39 103228 0.5 0.5
40 110 4.0 2.5777054
40 1097 3.5 2.3779588
40 1197 3.5 4.865032
40 1356 4.0 3.4137487
40 1527 4.0 3.9620428
40 1994 3.0 3.0060165
40 1101 3.0 3.8049765
40 1721 3.0 2.772339
40 2291 4.5 3.9205358
40 5299 3.0 3.684824
40 1282 3.0 2.933389
40 1639 4.0 3.2797387
40 163 4.0 2.4591982
40 3897 4.0 3.051511
40 4306 2.0 5.0
40 4993 5.0 5.0
40 5952 5.0 5.0
40 6942 3.5 3.318872
40 7293 2.0 3.1886444
40 48385 3.0 3.910429
40 82461 3.5 1.9213516
40 106782 4.0 3.533556
40 109673 2.5 2.5412993
40 112852 4.0 4.3873334
40 3176 4.0 2.4203823
40 3256 2.0 3.3542643
40 223 4.0 5.0
40 551 4.0 3.099555
40 1274 3.0 3.8204029
40 2329 2.0 3.1203728
40 5349 4.0 3.607724
40 6539 4.0 4.082454
40 6874 1.0 3.0343256
40 32587 4.0 4.1771593
40 4896 3.0 4.5153804
40 39183 5.0 3.9523513
40 46578 3.0 2.3770342
40 57532 0.5 0.730745
40 61024 4.0 0.5
40 68954 3.5 4.099698
40 2528 4.0 1.8631465
40 2657 2.5 2.5705798
40 5378 3.5 2.6553288
40 44191 5.0 4.961692
40 1544 2.5 3.3080246
40 1590 3.0 3.001284
40 1015 3.0 0.58411187
40 1025 3.0 3.1824913
40 1222 3.5 3.306178
40 2033 2.0 1.9329958
40 2720 2.5 2.1125443
40 4980 3.0 3.330229
40 5449 2.0 0.5
40 7247 3.5 0.5
40 7143 4.0 3.3122585
40 5816 3.0 3.2426443
40 6934 2.0 3.2819595
40 68358 5.0 3.6022835
40 52328 5.0 3.8685846
40 1702 2.0 3.3986974
40 2541 3.0 2.8347535
40 3615 3.0 3.3754778
40 4446 4.0 4.1122494
40 5072 5.0 3.4597263
40 7458 3.5 0.5
40 7649 4.0 0.5
40 34532 3.0 0.5
40 35347 2.0 0.5
40 37729 4.5 3.7681496
40 45447 3.0 0.5
40 48043 2.0 0.5
40 48082 2.5 0.5
40 51562 3.5 0.5
40 51939 3.0 0.5
40 52722 3.0 0.5
40 53519 4.0 0.5
40 54259 2.0 0.5
40 56757 5.0 0.5
40 57502 3.5 0.5
40 59995 4.5 0.5
40 63072 2.5 2.6569972
40 63433 5.0 0.5
40 64983 3.0 0.5
40 68952 4.5 2.2732928
40 72117 4.0 0.5
40 80846 2.0 0.5
40 82459 3.5 2.8866465
40 84732 3.0 0.5
40 86882 5.0 0.5
40 91500 4.0 2.4447148
40 92058 0.5 0.5
40 93840 4.0 0.5
40 94780 3.0 0.5
40 94959 3.5 3.6631703
40 95088 4.5 0.5
40 95309 4.5 0.57155204
40 98809 4.0 2.8883805
40 101362 3.0 0.5
40 106195 4.0 0.5
41 364 5.0 4.1851325
41 1022 4.0 3.2311864
41 1282 5.0 2.611256
41 2102 5.0 0.5
41 1088 4.0 2.093937
41 1081 3.0 3.2668698
41 919 5.0 4.206252
42 296 4.0 2.7501209
42 590 3.0 3.953847
42 34 3.0 3.550014
42 356 4.0 3.667121
42 185 3.0 2.9578075
42 329 3.0 4.1713667
42 357 4.0 3.787584
42 587 3.0 3.829844
42 300 4.0 3.7916195
43 296 5.0 3.6173358
43 457 4.0 1.8841757
43 592 3.0 2.469414
43 153 3.0 3.647925
43 497 4.0 4.2025113
43 595 3.0 3.4458542
43 292 3.0 2.5094192
43 329 3.0 2.1569698
43 535 5.0 3.337269
44 296 4.0 4.7073007
44 318 4.5 4.536349
44 780 4.0 2.7650945
44 1196 4.0 4.1533012
44 1197 4.0 4.1015205
44 1206 4.0 3.9970853
44 1210 4.5 3.8049774
44 1265 4.0 3.3916652
44 1356 3.5 2.8918722
44 1527 3.5 3.9857473
44 1997 3.0 4.5453296
44 2001 3.5 3.6774564
44 2288 4.5 4.018537
44 2407 3.5 3.3646364
44 3578 4.0 4.772377
44 1653 3.0 4.1200747
44 2100 3.5 2.9681792
44 2302 3.5 2.8054922
44 60069 5.0 4.2096057
44 59315 3.5 4.150461
44 60684 5.0 3.0293403
44 74458 5.0 4.3379807
44 79132 5.0 4.670155
44 158 3.0 2.571819
44 2763 4.0 3.4638016
44 2797 3.5 3.5704238
44 168 3.0 3.1366682
44 805 4.0 3.1502256
44 778 4.5 4.7359414
44 1204 4.0 4.9051056
44 5618 4.5 4.369178
44 6333 4.0 3.1681852
44 6539 4.0 3.9867964
44 6874 4.0 3.8703873
44 4963 3.5 4.4127045
44 66097 4.5 3.2571108
44 4878 5.0 4.1261735
44 3081 4.5 4.028401
44 44191 4.5 4.010895
44 48774 3.5 4.346358
44 71535 3.5 3.8808327
44 52281 3.0 4.5848055
44 103228 3.0 0.5
44 3033 5.0 3.5532646
44 61240 4.5 4.133361
44 80463 4.0 2.2217722
44 81845 4.5 3.2971654
44 87232 5.0 2.3516567
44 87306 3.5 2.741695
44 55442 4.5 4.1863174
44 59369 3.5 4.057193
44 69844 3.5 3.2398384
44 81788 3.0 3.6380723
45 32 4.0 3.720614
45 198 3.0 3.3453083
45 318 5.0 3.8530476
45 480 3.0 3.2583613
45 608 5.0 2.7319055
45 780 3.0 2.6735559
45 1199 5.0 4.430136
45 1200 5.0 4.391416
45 1208 5.0 3.8651528
45 1214 5.0 2.8065765
45 1258 5.0 4.618064
45 1262 5.0 4.7383404
45 1358 4.0 3.9961529
45 1387 4.0 4.0171084
45 1394 4.0 3.3809536
45 1527 3.0 3.373512
45 1805 2.0 3.792781
45 2000 4.0 3.9608154
45 2529 4.0 3.8896751
45 2571 3.0 4.026963
45 2804 5.0 4.316275
45 2947 4.0 3.8541944
45 2985 3.0 4.2756023
45 3044 4.0 3.5392187
45 953 5.0 3.1547585
45 1275 4.0 3.547289
45 1375 2.0 2.527842
45 2406 4.0 3.8390274
45 3996 5.0 4.3710375
45 356 4.0 2.6824226
45 1285 5.0 3.7420847
45 1947 5.0 3.2792368
45 1968 5.0 3.9996457
45 2038 3.0 2.179662
45 2080 4.0 2.7420416
45 2087 5.0 3.37214
45 348 4.0 3.9755273
45 441 3.0 2.6132019
45 1678 4.0 3.08709
45 2455 4.0 3.3311424
45 2683 4.0 3.9177485
45 2762 4.0 3.827352
45 10 4.0 3.0654
45 196 2.0 2.9377599
45 357 4.0 3.8989425
45 509 5.0 5.0
45 539 3.0 2.2681541
45 586 4.0 2.9241772
45 1225 4.0 3.8295565
45 3072 4.0 2.8594716
45 151 3.0 3.8668413
45 1228 4.0 4.809657
45 2993 4.0 2.9683244
45 3108 5.0 3.6242719
45 3751 4.0 4.1674013
45 661 4.0 3.2502205
45 1367 4.0 2.8103204
45 1566 3.0 2.830454
45 969 4.0 3.6878633
45 1480 3.0 2.2667012
45 1591 3.0 2.6938734
45 2986 3.0 3.1382525
45 1513 3.0 3.0105734
45 1371 3.0 2.6221225
45 2859 5.0 2.8497324
45 337 5.0 4.110765
45 555 4.0 4.2182484
45 599 4.0 4.021613
45 1912 4.0 2.9982696
45 2022 5.0 4.338723
45 2089 3.0 2.0901816
45 2282 4.0 2.7608461
45 2720 3.0 1.7316622
45 1357 5.0 3.5481389
45 2193 4.0 3.1885538
45 85 4.0 0.5
45 121 3.0 0.5
45 242 4.0 0.5
45 271 4.0 0.5
45 379 2.0 0.5
45 538 4.0 2.4869452
45 1295 4.0 4.1590214
45 1382 3.0 0.5
45 1582 4.0 0.5
45 1611 3.0 0.5
45 2110 4.0 0.5
45 2114 4.0 3.346826
45 2243 3.0 0.5
45 2357 4.0 0.5
45 2390 4.0 0.5
45 2437 4.0 0.5
45 2468 3.0 0.5
45 2471 3.0 2.7194788
45 3287 3.0 3.2352374
45 3320 5.0 0.5
45 3863 5.0 2.9322515
46 527 5.0 3.782147
46 2001 4.0 3.267501
46 2167 4.0 4.182043
46 3408 4.0 3.9257867
46 3623 4.0 3.9716027
46 3481 5.0 4.179167
46 3897 4.0 4.308843
46 3751 4.0 3.5603912
46 3483 4.0 3.1498475
46 3146 2.0 2.4749866
46 3264 2.0 3.3936946
46 2560 4.0 2.5433483
46 2976 3.0 3.305359
46 3499 5.0 0.85142547
46 3753 4.0 0.5
46 3977 5.0 3.7932062
46 2338 3.0 0.7768397
46 2826 5.0 2.9040854
46 2995 2.0 1.6129637
46 3511 3.0 0.5
46 3556 4.0 3.0194883
46 3785 4.0 3.7552686
46 3861 4.0 0.5
46 3946 3.0 0.5
47 457 4.0 3.6738124
47 356 4.0 4.2011805
47 161 4.0 2.7172241
48 260 5.0 4.1596537
48 367 5.0 2.0689332
48 457 5.0 5.0
48 480 5.0 4.0130634
48 1240 4.0 3.6067193
48 1270 5.0 3.7247787
48 1909 4.0 3.3234096
48 2791 5.0 3.2230508
48 3578 5.0 2.7764578
48 1377 4.0 3.070727
48 1777 3.0 3.909967
48 356 4.0 3.9785614
48 594 3.0 4.6173234
48 597 3.0 2.9983704
48 1028 3.0 4.204469
48 1282 3.0 2.3630188
48 2080 2.0 3.479144
48 2081 3.0 3.7193022
48 1246 3.0 4.250913
48 2709 4.0 3.9007876
48 4306 5.0 5.0
48 370 4.0 2.080488
48 434 5.0 3.2783318
48 442 5.0 3.4255297
48 3072 1.0 3.3728273
48 653 5.0 3.7013865
48 2699 3.0 4.141468
48 2700 5.0 2.6338792
48 3253 4.0 3.9078166
48 3396 3.0 3.7791164
48 4226 5.0 3.95821
48 661 3.0 2.3095431
48 1907 3.0 2.4874327
48 2355 4.0 3.375287
48 3988 3.0 4.0174046
48 2428 4.0 2.3649013
48 107 5.0 4.611061
48 2706 5.0 1.7224194
48 2717 4.0 3.172185
48 2723 4.0 2.540378
48 1015 4.0 0.61199296
48 1681 5.0 0.5
48 2027 4.0 0.5
48 2273 5.0 0.5
48 2431 5.0 0.5
48 2953 3.0 0.5
48 3175 5.0 3.4401345
48 3536 3.0 0.5
48 4571 4.0 4.0426054
48 4447 3.0 2.557878
48 3977 3.0 2.675587
48 4366 4.0 3.0309188
48 8 3.0 0.5
48 798 5.0 0.5
48 810 2.0 0.5
48 818 3.0 0.5
48 1016 3.0 0.5
48 1021 3.0 0.5
48 1049 4.0 3.2099307
48 1707 3.0 0.5
48 2253 4.0 0.5
48 2363 3.0 0.5
48 2549 3.0 0.5
48 2555 2.0 0.5
48 3054 3.0 0.5
48 3157 3.0 4.2776537
48 3500 4.0 0.5
48 3821 2.0 0.5
48 4006 5.0 0.5
48 4502 3.0 0.5
49 913 5.0 3.856395
49 1304 5.0 4.0335073
49 2713 2.0 2.2710822
49 785 4.0 2.6117873
49 2719 2.0 2.9780104
49 2599 4.0 3.578096
49 2772 3.0 0.5
50 2407 3.0 2.7293456
50 2529 5.0 3.489849
50 3793 3.5 4.7210975
50 1249 1.5 4.3782616
50 2384 4.5 2.53249
50 1282 3.5 3.1862314
50 345 4.5 3.033674
50 2683 5.0 3.7239952
50 4034 4.0 3.5897222
50 6807 5.0 3.2896364
50 4728 3.0 2.5512607
50 3977 5.0 2.9415843
50 2470 3.0 4.146412
50 3986 3.5 4.5235367
50 2539 2.5 2.371977
50 2618 3.5 0.5
50 5480 4.5 0.5
50 6503 5.0 0.5
50 6564 5.0 0.5
51 480 3.0 3.6121588
51 1200 4.0 2.3179677
51 588 3.0 4.150359
51 594 3.0 3.7506707
51 1014 2.0 2.9350667
51 1022 3.0 3.2059557
51 1282 2.0 4.045857
51 1285 5.0 3.9403768
51 1644 1.0 2.6165936
51 4148 3.0 2.4133847
51 185 2.0 3.2437787
51 1090 5.0 3.4312463
51 2329 5.0 3.778046
51 4034 5.0 4.922171
51 1967 5.0 2.9187768
51 3114 4.0 4.138871
51 4039 3.0 0.5
51 26 4.0 3.9184983
51 2747 2.0 2.0070372
51 3081 2.0 2.7930365
51 2710 4.0 2.5632463
51 2413 5.0 2.833503
51 2513 3.0 1.6817068
51 3499 3.0 1.7907499
51 2995 2.0 1.6548871
51 3785 2.0 2.6642582
51 4090 5.0 2.1778755
51 1991 2.0 1.7376356
51 3409 2.0 0.5
51 3980 2.0 0.5
52 541 4.5 2.856965
52 750 5.0 3.9418712
52 1215 3.0 3.7580914
52 1407 2.0 2.1933181
52 1527 4.5 2.6887987
52 1994 3.5 3.5459473
52 1997 5.0 4.675947
52 2529 4.0 3.0379782
52 2968 3.5 2.9421968
52 3018 4.0 3.5859995
52 3476 3.5 2.8490047
52 2719 3.0 2.738248
52 196 2.5 2.5177188
52 923 4.0 4.6771727
52 2174 1.5 2.4053597
52 5445 4.0 2.8255367
52 5679 2.0 3.499868
52 1690 3.0 3.0735981
52 2105 3.5 3.9452014
52 2531 3.0 0.5
52 2867 2.0 2.765516
52 1389 3.0 2.411205
52 1590 3.0 2.6544564
52 1969 2.5 2.9818487
52 1971 3.0 2.7861385
52 4754 5.0 2.1738656
52 1779 3.0 3.094788
52 1995 2.5 1.3852935
52 332 3.5 3.0516596
52 1327 3.0 0.5
52 1998 3.5 3.1809988
52 1999 4.0 1.5539573
52 2119 2.5 1.4130912
52 2315 2.5 2.200896
52 2377 3.5 2.3540218
52 2900 3.5 3.6426601
52 3802 1.0 0.5
52 3837 3.5 2.5806148
52 4852 2.0 1.6662166
52 5105 3.5 0.5
52 5165 4.0 1.6078005
52 5254 2.5 2.9279003
52 6500 2.5 2.6970325
52 6615 3.0 2.0722747
52 7360 4.0 3.799284
52 7373 3.5 2.7381
52 3033 2.5 3.5270476
52 4270 1.5 3.2633755
52 8019 4.0 2.9639287
52 27839 1.5 1.7388858
52 532 0.5 1.7924296
52 2338 3.0 0.55921173
52 1330 1.0 0.7637815
52 3973 3.0 0.7978277
52 220 3.0 0.5
52 1232 2.5 0.5
52 1255 3.0 0.5
52 1341 2.5 0.5
52 1623 2.0 0.5
52 1762 2.5 0.5
52 1977 2.5 0.5
52 1980 3.0 0.5
52 1983 2.0 0.5
52 1984 3.5 0.5
52 1986 2.5 0.5
52 2026 3.0 0.5
52 2113 2.5 0.5
52 2121 3.5 0.5
52 2346 2.5 0.5
52 2452 1.0 0.5
52 2515 3.0 0.5
52 2516 1.5 0.5
52 2548 2.0 0.5
52 2655 2.0 0.5
52 2754 2.5 0.5
52 2854 2.5 0.5
52 3021 3.0 0.5
52 3205 4.5 0.5
52 3294 2.5 0.5
52 3493 4.0 0.5
52 3661 1.0 0.5
52 3663 1.0 0.5
52 3695 2.0 0.5
52 3709 1.5 0.5
52 3772 3.0 0.5
52 3940 1.5 0.5
52 4030 1.0 0.5
52 4277 3.0 0.5
52 4494 1.5 0.5
52 4561 2.5 0.5
52 4658 4.0 0.5
52 4753 1.0 0.5
52 4827 3.0 0.5
52 5206 3.5 0.5
52 5311 4.0 0.5
52 5433 1.0 0.5212825
52 5546 2.5 0.5
52 5715 3.5 0.5
52 5738 0.5 0.5
52 5749 2.5 0.5
52 5755 3.0 0.5
52 5779 2.5 0.5
52 5784 3.0 0.5
52 5925 3.0 0.5
52 5980 3.5 0.5
52 6044 2.5 0.5
52 6066 2.0 0.5
52 6120 3.0 0.5
52 6243 1.5 0.5
52 6530 3.5 0.5
52 6574 1.0 0.5
52 6910 3.0 0.5
52 6966 3.0 0.5
52 6996 1.0 0.5
52 7117 2.0 0.5
52 7281 3.5 0.5
52 7449 2.5 0.5
52 7481 3.5 0.5
52 7564 4.0 0.5
52 7636 2.5 0.5
52 7827 4.0 0.5
52 7991 4.0 0.5
52 8092 2.0 0.5
52 8206 3.5 0.5
52 8225 0.5 0.5
52 8770 4.0 0.5
52 8885 2.5 0.5
52 8894 3.0 0.5
52 31424 2.5 0.5
53 593 5.0 3.2710426
53 2028 5.0 3.7630718
53 785 3.0 2.2821386
53 2683 4.0 3.3671052
53 2770 4.0 2.5773592
53 3005 4.0 3.2727993
53 3986 3.0 1.9746299
53 3409 2.0 0.5
53 2861 1.0 0.5
54 58559 4.0 4.5324607
54 2728 2.0 3.0752938
54 54997 4.0 2.509462
54 27773 4.0 2.8301582
54 56174 4.5 3.4423332
54 2403 4.0 3.1182008
54 8253 3.5 0.5
54 55118 5.0 4.4690347
54 68237 4.0 3.3529499
54 26614 4.5 2.322004
54 1515 1.0 0.5048518
54 3461 3.5 0.5
54 6902 4.0 0.5
54 26444 2.0 0.5
54 56339 4.0 0.5
54 67508 4.5 3.3943968
54 72980 4.0 0.5
55 527 5.0 4.553048
55 593 5.0 4.894295
55 3168 5.0 0.5
55 3996 5.0 3.8390749
55 2160 5.0 4.4386773
55 903 5.0 3.530597
55 2398 5.0 3.3125648
55 3067 4.0 2.3380187
55 3546 5.0 4.313388
55 3742 5.0 0.786293
55 1913 5.0 4.1366076
55 4427 5.0 0.5
55 4921 4.0 0.5
56 50 4.0 4.4409366
56 750 4.0 4.1311054
56 1136 4.0 4.909819
56 1196 5.0 4.338584
56 1258 2.0 3.361369
56 1270 5.0 4.4696636
56 1358 4.0 4.963961
56 1617 4.0 4.768032
56 2401 3.0 2.6355023
56 1225 3.0 3.8531713
56 1203 5.0 4.47374
56 1641 3.0 4.752517
56 912 4.0 5.0
56 2313 5.0 3.6579976
56 2506 2.0 0.5
57 349 3.5 3.2457147
57 1721 4.0 2.3292885
57 468 2.0 2.6450644
57 1608 4.0 2.6649563
57 2150 4.0 3.1981115
57 5418 4.0 4.040078
57 45722 2.5 2.4108315
57 3259 4.0 1.677017
57 3155 4.5 2.7923052
57 1959 2.0 2.3845644
58 648 4.0 3.5633109
58 780 3.0 3.494095
58 494 4.0 3.8217885
58 1552 4.0 2.9856074
58 141 5.0 4.0988903
58 837 3.0 2.971691
58 1367 4.0 2.4260056
58 1541 5.0 3.2781034
58 801 3.0 1.8957202
58 1409 3.0 2.3265033
58 113 3.0 0.5
58 631 3.0 0.5
58 711 3.0 0.5
59 474 4.0 4.111098
59 750 4.0 3.8653505
59 1372 4.0 3.061357
59 3424 3.0 2.3111563
59 4148 5.0 2.121804
59 3317 5.0 3.0280583
59 207 3.0 3.0774438
59 4161 3.0 3.070913
59 3260 3.0 0.5
59 4060 2.0 0.5
59 4205 4.0 0.5
60 593 5.0 5.0
60 1221 4.5 4.243122
60 2248 5.0 2.0238092
60 908 5.0 4.768059
60 2329 4.5 3.7015529
60 3173 4.5 2.940981
60 62376 4.0 2.1086361
60 1339 4.5 2.568598
60 1209 5.0 4.729574
60 3007 4.5 4.1121736
60 3809 4.0 3.3846796
60 6620 5.0 2.7107573
60 47044 4.5 3.4592392
60 2324 4.0 5.0
60 30812 4.5 1.9624882
60 2161 4.0 1.3540956
60 4407 4.5 0.5
61 110 3.0 4.081866
61 592 4.0 3.6729505
61 608 5.0 2.8558705
61 780 3.0 1.5417498
61 736 1.0 2.4226096
61 708 3.0 3.011244
61 613 5.0 2.8240077
61 471 4.0 2.7939358
61 272 5.0 3.898007
61 52 4.0 3.3228452
61 628 4.0 3.491649
62 527 4.5 3.8075745
62 1196 3.0 2.9355383
62 1617 3.0 4.415782
62 3578 1.0 4.529894
62 3996 5.0 3.2784543
62 1230 3.0 3.9921088
62 4995 3.0 3.762273
62 337 3.5 3.4257753
63 260 4.0 4.3711967
63 1097 4.0 4.2987537
63 1136 5.0 2.839702
63 1214 4.0 2.096333
63 1221 4.0 4.154684
63 1227 5.0 3.2444777
63 1276 4.0 4.1660786
63 1291 4.0 3.2328663
63 1304 3.0 4.5368743
63 1296 4.0 2.5289645
63 1246 3.0 4.110437
63 154 4.0 3.9132524
63 1079 4.0 3.3573542
63 1949 3.0 2.2219658
63 1950 3.0 2.8356178
63 2006 3.0 3.2794323
63 615 3.0 0.5
63 1161 4.0 0.5
63 1173 4.0 0.5
63 1419 4.0 0.5
64 1569 3.5 2.3281817
64 7293 3.5 2.021208
64 1753 3.0 3.6427193
65 1127 2.0 2.2674809
65 412 3.5 4.0102844
65 1663 1.0 2.9694204
65 3210 1.5 3.2679276
65 55282 3.0 1.6634941
65 969 3.0 1.897895
65 2505 3.0 2.3376517
65 2792 2.5 3.544705
65 3107 1.0 2.1932316
65 4370 4.5 2.2560732
65 7419 4.0 0.5
65 4792 3.0 2.1785984
65 53000 4.0 3.1282737
65 2971 3.5 2.0460238
65 1352 3.5 0.5
65 2520 2.0 0.5
65 2521 2.0 0.5
66 594 5.0 3.9222825
66 595 4.0 3.97871
66 10 3.0 4.1644893
66 112 5.0 3.2619402
66 208 3.0 3.490587
66 380 4.0 4.19069
66 458 2.0 1.5299351
66 533 3.0 0.5
67 592 3.0 3.4996068
67 34 3.0 3.6944847
67 349 3.0 3.8824978
67 377 3.0 2.4853885
67 595 3.0 3.1620836
67 434 4.0 2.624285
68 318 5.0 5.0
68 780 4.0 2.623845
68 500 4.0 3.0521352
68 356 5.0 3.4816182
68 1682 4.0 3.787939
68 1641 4.0 3.921888
68 111 5.0 2.7292886
68 1233 5.0 4.3971467
68 73 4.0 4.173757
68 506 5.0 2.6985528
69 296 5.0 4.471378
69 968 5.0 3.1982257
69 1227 5.0 3.5424285
69 1240 5.0 3.5307956
69 1252 5.0 4.348128
69 2692 4.0 4.604453
69 2921 4.0 4.25164
69 2944 5.0 4.4476075
69 3272 4.0 1.788437
69 3681 5.0 4.337041
69 5060 5.0 4.834318
69 34 4.0 4.131519
69 2396 5.0 4.6914177
69 1186 5.0 3.8209822
69 3176 2.0 2.8839958
69 1084 5.0 4.5807643
69 4246 4.0 3.4333134
69 1212 5.0 5.0
69 3089 5.0 0.7565221
69 1207 5.0 4.6776543
69 1222 4.0 4.4730387
69 1729 2.0 4.3394513
69 2905 5.0 3.6761203
69 3019 4.0 3.9158108
69 3067 5.0 2.8009446
69 3181 5.0 3.7102578
69 3435 5.0 3.5188098
69 3598 1.0 3.342045
69 4298 5.0 3.5779164
69 4326 2.0 2.1865475
69 4329 4.0 0.5
69 1300 5.0 3.7269995
69 3461 5.0 0.5
69 4407 5.0 0.5
69 1244 5.0 4.9091115
69 125 5.0 2.9044416
69 495 5.0 0.5
69 562 5.0 2.752507
69 668 5.0 3.8907588
69 948 5.0 0.5
69 1904 5.0 0.5
69 3036 4.0 0.5
69 4327 4.0 0.5
69 4705 5.0 0.5
70 110 4.0 4.104048
70 648 3.5 4.3616295
70 750 4.0 4.5235195
70 780 4.0 4.5642867
70 1129 5.0 4.4399295
70 1206 4.0 4.4483395
70 1214 3.0 4.477676
70 1240 5.0 4.305268
70 1258 4.0 4.386001
70 1347 4.0 4.5839086
70 1500 5.0 4.856807
70 2011 2.5 4.2342243
70 2529 4.0 4.0591884
70 3578 3.5 4.60755
70 4128 5.0 3.9773364
70 5060 3.5 3.9717314
70 349 4.0 3.9400187
70 736 3.5 2.9551165
70 1249 5.0 4.228353
70 1375 4.0 1.8101829
70 1653 4.5 5.0
70 1721 4.0 3.7246692
70 1777 4.0 2.2972798
70 1923 4.0 4.2534814
70 2115 5.0 3.9763937
70 2640 4.0 3.6742043
70 3408 4.0 4.36739
70 5218 4.0 3.9751348
70 934 4.0 2.9719698
70 1059 5.0 4.194597
70 1243 4.5 5.0
70 1947 2.5 3.5846572
70 62 4.0 4.2159576
70 783 4.0 3.6829455
70 3897 4.5 4.164348
70 4148 3.5 3.1367915
70 7147 4.0 3.8789096
70 4886 4.5 4.27358
70 231 3.0 3.6393886
70 353 3.5 4.4854593
70 471 4.5 4.54182
70 509 4.0 5.0
70 587 4.0 3.7484827
70 616 4.0 4.5481615
70 2353 4.0 3.8763602
70 2918 5.0 4.7864285
70 852 3.5 3.705395
70 1080 4.0 4.982622
70 1343 4.0 2.9452164
70 1704 4.5 5.0
70 1921 5.0 4.724325
70 2321 4.0 4.17941
70 2502 3.5 3.9398322
70 5445 3.0 4.5929794
70 5902 2.0 4.38436
70 6874 5.0 3.851091
70 8622 4.0 4.132783
70 1917 3.0 2.9520452
70 2355 4.0 3.4853032
70 2761 4.5 2.5572467
70 30793 3.5 3.9055626
70 44195 4.5 3.364148
70 2528 5.0 2.5805676
70 788 3.5 2.769557
70 3257 3.0 0.5
70 288 5.0 1.9498878
70 6979 5.0 4.1575537
70 70 5.0 3.280025
70 3698 5.0 2.6312206
70 3704 5.0 2.7584329
70 4370 3.0 3.5768263
70 8910 3.5 4.140965
70 4361 3.0 2.24552
70 7143 4.5 4.6298842
70 2470 5.0 4.1591907
70 5816 4.0 3.6743414
70 6934 3.0 3.2042768
70 2193 4.0 3.6875336
70 3863 3.0 2.9382179
70 2581 4.0 0.5
70 5026 4.5 0.55057806
70 5379 4.0 0.5
70 7099 5.0 3.9528809
70 7842 4.5 0.5
71 4993 5.0 4.146855
71 2501 3.0 3.602627
71 3536 4.0 0.5
71 2125 4.0 1.9998173
72 32 2.0 4.265004
72 110 3.0 4.996347
72 593 5.0 4.3967476
72 1197 3.0 2.7623372
72 1198 3.0 3.3902812
72 1200 4.0 2.7041938
72 1259 4.0 4.17549
72 1266 4.0 3.115263
72 1270 3.0 3.324705
72 838 3.0 2.6772344
72 899 5.0 4.177175
72 928 4.0 3.3991308
72 908 4.0 3.991949
72 1 3.0 3.683011
72 1131 3.0 3.7943878
72 1272 3.0 3.0653093
72 223 3.0 2.8782141
72 1248 4.0 3.2999218
72 911 4.0 3.7453742
72 922 5.0 4.3193197
72 942 5.0 2.5778213
72 800 4.0 3.6248505
72 1788 3.0 0.5
72 1211 4.0 3.8225114
73 1200 4.0 3.3604772
73 2294 3.5 3.0416806
73 1693 4.0 1.0004715
73 2058 3.0 2.5516012
73 5945 4.5 1.3352937
73 19 1.5 2.8727012
73 4639 3.5 2.331739
73 7173 1.5 1.8679382
73 1690 2.0 3.7232103
73 2105 4.5 4.1700115
73 1729 4.0 2.9979572
73 3535 3.5 1.948727
73 92192 1.5 1.6112632
73 577 3.0 1.7760048
73 3155 3.5 3.1975176
73 2117 4.0 2.424613
73 700 3.0 0.5
73 4749 0.5 0.5
73 33629 4.0 0.5
74 590 4.0 3.7990112
74 593 5.0 4.393601
74 17 3.0 4.1498294
74 36 4.0 4.1195707
74 25 5.0 3.3634095
74 111 5.0 1.8032146
74 628 4.0 3.1760995
74 1357 5.0 3.5108907
74 1464 4.0 0.5
75 32 3.0 4.1129293
75 50 4.0 4.775124
75 541 4.0 3.7028644
75 1219 3.0 3.6975095
75 1227 2.0 2.5211143
75 1234 3.0 3.4829388
75 1242 3.0 3.482828
75 1304 3.0 3.7927713
75 1347 3.0 4.2577906
75 1356 3.0 2.8497117
75 261 3.0 4.1347
75 356 1.0 3.6248496
75 497 4.0 4.150193
75 898 4.0 3.996711
75 899 3.0 4.2071004
75 916 3.0 3.781737
75 920 3.0 5.0
75 934 3.0 3.2199996
75 1035 4.0 3.24754
75 1247 3.0 4.4356065
75 1282 4.0 3.254482
75 1307 3.0 4.310033
75 1246 3.0 4.568385
75 613 3.0 3.7470648
75 249 3.0 2.1158097
75 344 3.0 1.5743731
75 475 3.0 3.7833636
75 272 4.0 3.0193474
75 733 2.0 2.6712618
75 1088 3.0 2.6630325
75 1172 3.0 4.1142807
75 1213 4.0 3.68958
75 1225 4.0 3.5831542
75 1411 4.0 3.6615531
75 25 3.0 4.119117
75 35 4.0 2.1063848
75 52 3.0 2.4171655
75 194 4.0 3.9316118
75 300 3.0 3.6377509
75 305 3.0 0.6214268
75 534 3.0 1.8896382
75 551 5.0 3.6732242
75 1079 2.0 3.1248229
75 1080 3.0 4.149107
75 1171 3.0 3.7680817
75 1449 3.0 2.8197777
75 903 4.0 3.3848867
75 1193 3.0 4.239698
75 28 5.0 4.015773
75 904 3.0 4.1823077
75 910 3.0 2.9181578
75 969 4.0 3.5305848
75 1267 4.0 3.9075098
75 273 3.0 3.1326838
75 1339 3.0 2.6425376
75 1480 3.0 3.0505116
75 288 1.0 3.4802482
75 1041 4.0 4.195965
75 159 3.0 0.5
75 950 3.0 3.392607
75 1011 3.0 0.5
75 1189 5.0 0.5
75 1391 3.0 2.8799963
75 1030 3.0 2.024843
75 1466 3.0 3.2986279
75 1150 5.0 1.9580371
75 363 4.0 3.9567947
75 728 3.0 3.144709
75 851 4.0 0.5303939
75 932 3.0 0.5
75 936 3.0 0.5
76 50 3.0 4.481153
76 3793 3.0 3.83681
76 72998 2.5 3.7227144
76 92259 4.0 3.891815
77 110 4.0 3.4671388
77 593 4.0 4.5763655
77 1617 4.5 5.0
77 3578 4.0 5.0
77 17 4.0 4.613249
77 266 4.5 3.5977287
77 356 5.0 2.7646363
77 914 4.5 4.120834
77 1263 4.5 4.3927693
77 3418 4.0 2.9631383
77 306 4.5 3.604303
77 2023 4.5 3.2381308
77 4223 4.0 4.0998507
77 6387 4.5 0.5
77 2324 4.5 4.1462255
77 4446 2.5 3.7612414
78 32 4.0 3.9011283
78 2076 2.0 4.140736
78 5218 3.0 3.371029
78 3949 4.5 4.528074
78 4973 5.0 5.0
78 7147 4.5 4.32031
78 2959 3.5 3.7608707
78 80615 4.0 3.4547727
78 47 3.5 3.152647
78 293 3.5 3.0662427
78 778 3.0 3.8486276
78 32587 5.0 4.150756
78 6377 4.5 3.8980072
78 6502 1.5 4.04986
78 26662 4.0 2.902156
78 671 4.5 1.9470934
78 44191 3.0 4.7908916
78 3175 2.0 3.2868886
78 8917 2.0 0.57718414
78 27904 2.5 3.5765705
78 70286 4.0 3.9749436
78 3285 4.0 2.558218
78 58998 3.5 3.0965066
78 68073 3.0 2.6421936
78 4975 5.0 3.2913663
78 50851 3.5 3.305997
78 3646 3.5 0.5
78 5690 3.0 0.6268735
78 6935 3.0 0.5
78 8576 4.5 0.5
78 32562 4.5 0.5
78 37240 4.5 0.5
78 67087 4.5 0.5
78 70728 2.5 0.80646014
79 50 4.0 2.7575183
79 318 5.0 3.6699188
79 527 5.0 2.780847
79 608 2.0 2.7943676
79 999 2.0 2.5390956
79 1258 5.0 1.8321886
79 1261 4.0 2.3829894
79 2478 3.0 3.006284
79 2571 4.0 3.4494512
79 2791 3.0 1.9769019
79 2291 2.0 2.8372
79 17 4.0 3.0490048
79 1059 4.0 3.3741868
79 1569 4.0 1.7811942
79 908 4.0 3.3485022
79 36 3.0 3.4438908
79 1674 4.0 3.9774354
79 1693 3.0 1.6225448
79 1960 3.0 3.374252
79 2021 3.0 2.5403776
79 508 4.0 3.1857421
79 923 5.0 3.5849302
79 1060 5.0 2.197203
79 2329 5.0 2.6089544
79 903 5.0 2.8122795
79 912 5.0 2.8124764
79 2424 3.0 1.9212279
79 41 4.0 3.7446694
79 1962 4.0 1.716142
79 1244 5.0 3.5652947
79 2373 2.0 0.5
