1 6 2.0 2.521387
1 303 3.0 2.0766766
1 318 3.0 4.9906673
1 431 2.0 1.1943657
1 432 2.0 3.7194543
1 521 3.0 0.5
1 590 2.0 2.8361392
1 592 3.0 3.6900198
1 648 5.0 2.267052
1 731 1.0 0.5
1 1092 3.0 3.3059103
1 1097 5.0 2.8729846
1 1253 3.0 1.9685725
1 1257 5.0 3.0734718
1 1258 5.0 3.5458086
1 1259 3.0 3.6578887
1 1266 3.0 4.2580996
1 1333 4.0 4.2595725
1 1347 5.0 3.2887444
1 1356 3.0 3.8361607
1 1396 4.0 3.1118264
1 1407 3.0 2.3813632
1 1500 4.0 3.7570975
1 1527 3.0 3.5417283
1 1610 3.0 3.8539352
1 1954 5.0 3.5452943
1 1965 3.0 3.7203515
1 2011 4.0 3.2058263
1 2118 4.0 1.4473909
1 2467 3.0 3.512983
1 2527 3.0 2.2061408
1 2529 5.0 3.0323822
1 2664 4.0 2.3634346
1 2692 2.0 4.143056
1 2944 4.0 3.6100407
1 2947 4.0 3.701461
1 2973 2.0 2.2168567
1 3018 3.0 2.8811097
1 3362 3.0 3.2154238
1 3682 3.0 1.8783388
1 3702 3.0 3.768336
1 4082 3.0 0.5
1 4086 3.0 1.681042
1 4128 5.0 3.3447948
1 5060 5.0 2.8816547
2 50 4.0 4.7234197
2 1625 5.0 4.3973713
2 153 4.0 2.3274894
2 1275 5.0 4.429986
2 1721 4.0 3.6092894
2 2053 3.0 1.6342816
2 2294 5.0 3.455605
2 2396 4.0 4.5631013
2 3101 5.0 3.078023
2 3408 3.0 3.6050313
2 3996 3.0 3.7860253
3 34 5.0 4.5945444
3 7 4.0 3.7236385
3 39 4.0 3.1129076
3 261 5.0 4.331317
3 266 5.0 3.803039
3 289 3.0 1.9910918
3 588 5.0 3.7723598
3 708 4.0 3.0009446
3 898 4.0 4.1248403
3 899 5.0 4.3387947
3 915 5.0 3.6687324
3 934 5.0 4.064363
3 1014 5.0 1.8023179
3 1028 5.0 4.9004397
3 1059 1.0 5.0
3 1243 2.0 5.0
3 1282 3.0 5.0
3 1307 5.0 5.0
3 1485 2.0 0.98342496
3 1639 3.0 4.238144
3 1968 5.0 5.0
4 589 3.5 3.3648078
4 780 4.0 2.830713
4 1573 2.0 3.1238973
4 3147 4.5 3.6491368
4 39 3.5 3.3726652
4 45 3.0 3.5860026
4 920 4.5 2.6359901
4 783 3.5 2.9205327
4 1246 5.0 2.9799917
4 1268 4.0 2.8304298
4 1644 2.0 2.1780422
4 1961 3.5 3.4267807
4 2100 3.0 2.5566373
4 4973 5.0 3.031228
5 858 4.5 3.659801
5 916 3.0 3.4438877
5 8781 0.5 3.5952165
5 45720 4.0 0.5
5 51662 3.0 4.260176
6 7153 4.0 4.835327
6 356 3.5 2.498458
6 8961 4.0 4.7846937
6 45499 3.5 2.8950224
6 58559 4.0 3.6248624
6 63992 3.5 0.5
6 72641 3.5 0.5
6 72998 4.0 2.6265464
6 74698 2.5 0.5
6 78264 3.5 0.5
6 79139 3.5 2.6201682
6 80549 3.5 0.5
6 81564 3.5 2.7909503
6 85367 3.5 0.5
6 87876 1.0 0.5
6 88405 3.5 0.5
6 89480 2.5 0.5
6 91529 4.0 3.3602235
6 91978 3.0 0.5
6 92507 3.5 0.5
6 94323 3.5 0.5
6 95449 4.0 0.5
6 96655 3.5 0.5
6 100302 4.0 0.5
6 102720 4.5 0.5
6 103335 4.5 0.5
6 104211 3.5 0.5
6 109673 3.5 1.830249
6 109846 3.0 0.5
6 110771 4.0 0.5
6 111113 2.5 0.5
6 111617 3.5 0.5
6 112556 3.5 0.5
6 113348 1.0 0.5
6 116797 3.5 0.5
6 118696 2.5 0.5
7 110 5.0 2.8074598
7 457 4.0 4.6551657
7 527 5.0 5.0
7 236 4.0 3.56421
7 266 3.0 4.2987328
7 377 4.0 3.2627466
7 440 4.0 3.505593
7 316 4.0 3.7172837
7 23 4.0 0.5
7 27 5.0 0.5
7 112 4.0 3.4663346
7 135 4.0 1.7145343
7 150 4.0 4.8039165
7 158 3.0 3.4413497
7 170 4.0 2.3456852
7 196 4.0 3.884346
7 204 3.0 3.452434
7 208 3.0 4.3393292
7 230 4.0 4.6437836
7 319 5.0 3.468749
7 329 3.0 3.9467835
7 342 3.0 3.5215251
7 344 4.0 4.292014
7 355 3.0 3.6537814
7 362 5.0 0.5
7 433 4.0 0.5
7 434 4.0 4.4242764
7 454 4.0 3.5951982
7 475 5.0 4.67262
7 540 3.0 3.2477298
8 6 5.0 2.9401374
8 589 4.0 3.3307483
8 593 5.0 3.1469831
8 1210 5.0 3.9921288
8 1527 3.0 3.541517
8 1597 4.0 2.1646676
8 2000 4.0 3.2487943
8 2944 5.0 2.9838102
8 2947 4.0 4.01214
8 3702 4.0 3.8486252
8 3703 3.0 4.019691
8 1968 4.0 4.140411
8 2997 2.0 4.3389215
8 380 3.0 4.5712643
8 40 4.0 0.5
8 897 4.0 0.5
8 1263 4.0 4.1867127
8 1370 4.0 2.9609523
8 1408 3.0 3.5234406
8 1411 5.0 3.2476177
8 1459 4.0 2.2660663
8 1552 4.0 3.3065228
8 1608 5.0 4.3294864
8 1960 4.0 3.9018452
8 2278 4.0 4.8554463
8 2352 4.0 2.6928782
8 2628 4.0 3.7163928
8 2952 4.0 0.5
8 3176 5.0 3.740104
8 3246 5.0 2.4830687
8 3498 5.0 3.0727303
9 22 3.0 2.4625201
9 110 5.0 2.7264698
9 350 5.0 2.8645513
9 432 3.0 2.212884
9 1097 4.0 3.4714978
9 1101 4.0 2.7755096
9 377 3.0 3.1609256
9 417 4.0 2.548321
9 62 5.0 3.0536766
9 47 3.0 3.1602445
9 342 2.0 2.6272674
9 355 3.0 2.8529754
9 491 4.0 2.3114488
9 509 5.0 3.7089128
9 539 5.0 4.0997815
9 586 3.0 2.1682813
9 587 5.0 2.8589792
9 36 3.0 3.749638
9 154 3.0 3.406811
9 371 3.0 2.3303795
9 455 3.0 0.9497606
9 534 3.0 3.22389
10 296 4.0 4.128227
10 541 4.0 3.410291
10 553 4.0 2.6974888
10 750 4.5 4.022644
10 1283 4.0 3.83019
10 1358 4.0 4.621879
10 1500 5.0 3.9886546
10 2692 4.0 3.8598957
10 3386 4.0 3.8747718
10 1923 3.0 3.679685
10 2396 3.5 3.9059844
10 2054 2.0 1.7530454
10 2997 3.5 3.2903721
10 3897 4.0 3.39364
10 4306 3.5 4.5475545
10 353 2.0 3.1446621
10 454 3.5 2.6945567
10 1213 4.5 3.6133494
10 931 3.5 1.8429891
10 1080 4.0 3.7947333
10 1204 4.0 3.767597
10 1289 4.0 4.1404543
10 1517 3.5 2.713416
10 1641 4.0 4.2193847
10 1673 4.0 3.970725
10 1885 3.5 2.1524541
10 1945 4.0 2.4507413
10 2108 5.0 0.5
10 2144 3.0 2.378863
10 2160 3.5 3.8754518
10 2329 4.5 3.5644333
10 2371 3.5 2.550058
10 2700 4.5 3.2042484
10 2871 3.5 3.946807
10 3261 3.0 0.5
10 3267 3.5 3.5051212
10 3360 5.0 3.2462347
10 3608 3.5 0.5
10 4027 4.5 3.9642935
10 4034 4.5 3.557494
10 4855 3.0 3.0328503
10 5292 3.5 0.5
10 5418 4.0 3.7741623
10 5464 4.0 0.5
10 5945 1.5 3.5711462
10 6296 2.5 0.5
10 6331 3.5 0.5
10 6539 3.5 4.0372925
10 6773 4.5 0.5
10 7090 5.0 4.1382813
10 7137 4.0 0.5
10 7361 4.5 4.0852184
10 8807 4.5 0.5
10 8874 3.5 3.9451232
10 30898 4.0 0.5
11 1304 4.0 4.1935377
12 5418 4.0 3.7883832
12 5445 3.0 3.7577343
12 5377 4.0 2.0453658
12 5459 4.0 3.3898354
12 5502 3.0 0.5
13 1097 2.0 2.931207
13 34 4.0 3.3153005
13 5218 3.5 3.8061855
13 48 4.0 2.8554292
13 1032 3.5 3.8226068
13 783 3.0 3.24539
13 2124 3.0 3.206092
13 3398 3.5 3.6476946
13 60069 4.5 4.047638
13 319 3.5 3.124687
13 520 4.0 3.360401
13 551 3.0 4.1937213
13 5618 4.5 3.9278667
13 8368 2.0 3.8641245
13 32587 5.0 4.087504
13 19 3.5 1.6702809
13 1784 3.5 3.6725495
13 5377 3.5 2.4784453
13 38 3.0 0.5
13 313 3.5 0.5
13 912 5.0 3.5718446
13 1023 3.5 0.5
13 1592 3.5 0.5
13 1688 3.0 3.2047863
13 1848 2.0 0.5
13 1917 3.5 2.015498
13 2042 3.5 2.456789
13 2142 3.5 3.713201
13 3189 4.5 0.5
13 3250 3.5 0.5
13 4238 3.5 3.5253553
13 4308 5.0 3.276256
13 4386 4.0 0.5
13 6173 4.0 0.5
13 6593 3.5 2.6533122
13 6625 4.0 0.5
13 8360 3.5 2.6990225
13 8946 3.0 0.5
13 41566 3.5 2.972987
13 44225 2.5 0.5
13 44555 5.0 4.2915154
13 46062 3.5 0.5
13 46578 4.0 1.646779
13 49274 3.5 0.5
13 53956 3.5 0.5
13 54997 3.5 3.2344382
13 55282 3.5 3.0341642
13 58078 4.0 0.5
13 59501 4.0 0.5
13 63131 4.0 0.5
13 66934 5.0 3.0195444
13 68554 2.0 2.1276407
13 69122 5.0 3.9901867
13 69253 2.5 0.5
13 69644 3.5 1.7835804
13 71670 3.0 0.5
14 367 3.0 3.7403014
14 457 4.0 4.3366942
14 364 4.0 3.5731444
14 356 4.0 3.2602348
14 345 3.0 4.1841693
14 21 4.0 3.6010046
14 208 3.0 3.2483895
14 237 4.0 3.5697668
14 277 3.0 3.3031213
14 329 4.0 2.50358
14 434 2.0 3.6112237
14 454 3.0 2.7489622
14 586 3.0 2.40733
14 222 5.0 2.7848022
14 207 4.0 2.9503744
14 247 4.0 1.366947
14 306 4.0 3.3558502
14 452 4.0 3.8957343
15 110 5.0 2.9160244
15 968 1.0 3.5307295
15 1092 2.0 4.032632
15 1199 5.0 4.4935937
15 1262 4.0 4.602705
15 1321 3.0 4.3803377
15 2407 3.0 3.3173063
15 2529 4.0 3.1637876
15 2553 4.0 2.6804676
15 2406 3.0 3.4970539
15 595 4.0 5.0
15 1674 3.0 4.24685
15 2728 5.0 3.4910839
15 912 4.0 3.9733567
15 911 4.0 4.593995
15 922 5.0 5.0
15 926 4.0 4.5814857
15 927 3.0 4.524008
15 957 5.0 0.5
15 973 5.0 3.1085584
15 1344 4.0 1.2660751
15 1939 3.0 0.5
15 1941 5.0 1.1621001
15 1964 2.0 0.5
15 2201 3.0 0.5
15 2208 5.0 2.4861627
15 2428 3.0 1.66754
15 2488 4.0 0.5
15 2657 3.0 4.23279
15 2856 4.0 3.1774573
15 3219 3.0 2.8258135
16 17 3.0 4.6664324
17 830 0.5 3.083276
17 1680 2.0 0.5
17 2501 5.0 1.66025
18 318 5.0 5.0
18 1196 5.0 5.0
18 2959 5.0 4.835906
18 2762 4.5 4.5962796
18 2428 4.0 4.056444
18 3269 4.5 2.3718135
18 4878 5.0 4.762423
18 30749 5.0 4.2580748
18 31696 4.5 2.8648765
19 608 3.5 3.4583182
19 3147 4.0 3.852924
19 1653 4.5 3.237453
19 6711 4.0 3.0260036
19 7361 4.5 3.9651537
19 784 1.0 2.611402
19 4995 4.5 4.0575967
19 5378 4.0 3.744862
19 5630 4.0 0.5
19 31410 5.0 3.1561315
19 33794 4.0 3.8762493
19 34437 4.0 0.5
20 350 4.0 2.3360603
20 1374 3.0 2.0737102
20 2791 3.0 2.6460195
20 1213 5.0 3.0867553
20 6874 2.5 3.8999372
20 30749 5.0 4.056618
21 32 4.0 3.7412488
21 62 4.0 3.3885813
21 1 5.0 3.3485348
21 647 4.0 3.6731398
21 832 5.0 3.6372662
21 1047 3.0 2.695368
21 86 4.0 3.4926455
21 628 4.0 3.628926
21 788 5.0 2.5474057
21 802 4.0 3.514984
22 480 3.0 2.7610395
22 1186 4.0 2.9264321
22 3988 1.5 2.8187184
22 35836 5.0 2.7573688
22 724 3.0 2.5437324
22 2505 5.0 2.0394564
23 589 4.0 3.0390432
23 1321 5.0 3.9760165
23 1407 4.0 2.3850691
23 2858 3.0 3.9215167
23 1377 2.0 2.0281377
23 2617 5.0 4.0508904
23 316 4.0 2.5652282
23 2455 4.0 3.3805974
23 4008 1.0 2.8536203
23 95 3.0 3.8794568
23 344 2.0 3.5915635
23 380 5.0 4.0613766
23 485 4.0 2.6101434
23 494 4.0 3.4321752
23 1370 4.0 2.7481763
23 3418 3.0 3.6081247
23 2699 5.0 3.0176365
23 253 2.0 3.4731822
23 1690 4.0 2.0944734
23 2657 3.0 2.6651793
23 786 3.0 3.239364
23 1389 3.0 2.4425492
23 2792 4.0 3.1002238
23 2793 4.0 0.64525044
24 1358 5.0 4.384791
24 185 4.0 2.9854596
24 144 4.0 3.1789699
24 647 5.0 3.2071273
24 515 5.0 4.824163
24 288 3.0 2.8809648
24 991 4.0 3.3812106
24 1041 5.0 3.7300334
24 1399 4.0 3.7603366
25 2997 4.0 4.258464
25 2676 4.0 4.722281
25 1093 1.0 3.4855285
25 2013 4.0 1.8380753
25 2686 4.0 4.6915274
25 2714 4.0 0.5
25 2739 4.0 3.696754
25 2770 3.0 4.228797
25 2881 5.0 0.5
25 2975 4.0 0.5
26 590 3.0 3.426202
26 500 5.0 2.6935577
26 356 5.0 3.239513
26 377 3.0 3.708694
26 47 3.0 3.4994395
26 150 4.0 3.4206052
26 344 3.0 2.2166724
26 454 4.0 3.0440128
26 225 3.0 2.9888475
27 296 5.0 4.5113916
27 2791 4.0 4.327007
27 34 3.0 3.3344736
27 986 3.5 2.500066
27 3264 4.0 2.4186172
27 3959 4.0 3.275517
27 6264 2.5 2.7531824
27 6979 4.0 4.574273
27 42094 5.0 0.5
27 54995 4.5 4.7486324
27 64285 4.0 0.5
28 260 2.0 3.9354534
28 1923 5.0 3.3164477
28 1186 3.0 3.7857716
28 1217 5.0 2.5671394
29 750 5.0 4.8412843
29 412 3.0 4.7593794
29 3108 5.0 4.7497106
29 1292 4.0 3.701232
29 2132 5.0 1.5234712
29 2245 4.0 2.3738852
29 2859 5.0 4.706966
30 303 4.0 2.182571
30 553 5.0 2.564727
30 589 5.0 3.3319569
30 440 5.0 2.961272
30 315 4.0 2.7988427
30 353 4.0 2.3668575
30 357 4.0 3.7880514
30 368 4.0 2.5500262
30 380 4.0 4.239834
30 383 3.0 2.3270168
30 485 3.0 2.7369292
30 539 4.0 3.3884883
30 586 2.0 2.7451081
30 371 3.0 1.8321704
30 551 4.0 3.372465
30 288 1.0 2.9065607
30 24 3.0 0.5
30 216 4.0 3.273021
30 337 5.0 3.1992896
30 546 1.0 2.8732138
30 555 4.0 2.7470007
31 110 3.0 0.5
31 198 5.0 2.7484612
31 318 2.0 4.662841
31 527 3.0 4.553383
31 924 5.0 5.0
31 968 3.0 3.5344286
31 1036 4.0 3.5162358
31 1073 4.0 1.2162381
31 1129 5.0 2.9317806
31 1208 5.0 4.966057
31 1262 4.0 4.5628266
31 1265 4.0 2.461451
31 1347 3.0 3.4895086
31 1356 2.0 3.9593654
31 1627 1.5 1.7816045
31 2009 4.0 2.718359
31 2028 2.0 2.9141572
31 2529 4.0 3.589393
31 2580 4.0 3.222736
31 2916 5.0 3.8877976
31 3018 4.5 2.9963803
31 3104 2.0 2.3777578
31 3362 3.0 3.7439628
31 3386 3.5 3.258265
31 3476 2.0 2.3603945
31 3551 2.0 3.5528152
31 2617 1.0 1.6141325
31 3100 4.0 3.8049939
31 5 0.5 2.8203776
31 440 1.0 3.5872796
31 914 3.0 3.762921
31 1031 3.0 2.8302305
31 1947 0.5 2.8808258
31 2054 2.0 0.5
31 163 3.0 2.756094
31 908 3.0 3.5449696
31 2302 2.0 1.9721229
31 5952 0.5 3.633212
31 16 5.0 1.5941069
31 95 2.0 3.482498
31 165 3.0 0.56147873
31 380 2.0 2.7942944
31 485 3.0 2.8551373
31 520 3.0 2.0801303
31 733 4.5 0.5
31 1408 4.5 2.4144692
31 1608 3.0 3.1179554
31 2278 3.0 2.8610356
31 2728 3.0 4.2049212
31 2952 5.0 0.5
31 3418 0.5 2.5593438
31 14 3.5 3.5658288
31 52 1.0 2.8783536
31 140 0.5 1.4288971
31 161 3.0 3.0442216
31 2019 4.0 3.3233385
31 2108 3.0 0.5
31 2359 3.0 3.2278743
31 2502 4.0 3.3894358
31 2890 4.0 3.1878614
31 3052 0.5 3.549357
31 3253 3.0 3.6691656
31 3504 4.5 3.565334
31 4009 3.5 2.080395
31 4011 3.0 4.074654
31 4294 5.0 3.0521572
31 5617 3.0 3.352878
31 6003 4.5 2.3744314
31 7156 5.0 2.9933088
31 8807 4.5 0.5
31 104 3.0 2.518333
31 903 5.0 4.34809
31 5502 0.5 0.5
31 5506 3.0 1.5295154
31 145 2.0 3.22633
31 2139 4.0 2.3709748
31 2141 3.0 2.8898392
31 4519 3.0 1.9513135
31 6502 2.0 2.4830492
31 1212 5.0 3.7464662
31 1334 0.5 2.6293712
31 1690 2.0 1.4890801
31 2202 2.0 1.1400704
31 2094 2.0 2.2883935
31 3269 0.5 1.687198
31 3484 0.5 3.0077503
31 4235 5.0 2.2993147
31 849 4.0 2.4780064
31 1320 4.0 2.9352973
31 1544 2.0 1.7142129
31 2986 4.0 2.4526844
31 6893 5.0 3.6437578
31 2731 2.0 3.5100548
31 3196 4.0 3.2465162
31 3712 0.5 3.116915
31 216 3.0 2.1852293
31 20 1.5 0.5
31 42 3.5 0.5
31 89 1.0 0.5
31 123 5.0 0.5
31 162 5.0 3.7633796
31 176 0.5 0.5
31 245 4.0 0.5
31 308 2.0 2.672929
31 332 4.0 2.7613435
31 481 0.5 0.5
31 482 3.0 0.5
31 565 4.5 1.051769
31 599 5.0 3.6962738
31 659 0.5 3.3112621
31 933 3.5 1.1386545
31 950 3.0 3.0168223
31 1007 0.5 0.5
31 1076 3.0 3.752266
31 1147 3.0 3.620523
31 1167 0.5 0.5
31 1209 5.0 3.9352214
31 1216 0.5 0.5
31 1391 1.0 2.5065846
31 1603 3.0 2.539419
31 1694 5.0 4.0035634
31 1699 4.5 0.5
31 1809 4.0 0.5
31 1834 4.0 0.5
31 1998 4.5 2.8512993
31 1999 2.0 3.0849035
31 2006 3.0 2.9319453
31 2051 0.5 0.5
31 2119 2.0 2.1369913
31 2170 1.0 0.5
31 2195 3.0 0.5
31 2344 3.0 0.5
31 2403 0.5 3.7740712
31 2456 2.0 0.5
31 2460 4.5 0.5
31 2513 1.0 2.5875242
31 2517 3.0 2.546801
31 2561 4.0 0.5
31 2606 4.0 2.5717223
31 2745 3.0 2.6534338
31 2841 3.5 0.5
31 2844 2.0 0.5
31 2847 5.0 0.5
31 2976 5.0 3.6458092
31 3008 3.0 0.5730275
31 3067 4.0 3.2099416
31 3182 5.0 0.5
31 3292 4.0 0.5
31 3339 5.0 0.5
31 3431 3.5 0.5
31 3466 0.5 0.5
31 3555 1.0 2.5578878
31 3652 5.0 3.6983013
31 3685 4.0 3.6289287
31 3704 2.0 3.362497
31 3731 3.0 0.5
31 3740 4.5 3.0273216
31 3871 0.5 0.5
31 3892 3.0 0.5
31 3893 2.0 3.2176101
31 3896 5.0 0.5
31 4113 0.5 0.5
31 4146 4.0 0.5
31 4149 3.0 0.5
31 4161 1.0 1.2091192
31 4212 1.0 0.5
31 4406 5.0 0.5
31 4426 5.0 0.5
31 4515 0.5 0.5
31 4587 1.0 0.5
31 4751 2.0 0.5
31 4799 2.0 0.5
31 4816 3.0 3.3918312
31 4833 0.5 3.7849567
31 4865 3.0 3.1967802
31 4887 1.0 0.5
31 4914 4.0 0.5
31 4930 3.0 0.5
31 4945 2.5 0.5
31 4947 3.0 0.5
31 4957 3.0 0.5
31 5021 3.0 0.5
31 5093 0.5 0.5
31 5102 0.5 0.5
31 5137 3.0 0.77836525
31 5184 4.5 0.5
31 5388 1.0 0.5507057
31 5401 2.0 0.5
31 5509 5.0 0.5
31 5605 4.5 0.5
31 5653 5.0 0.5152734
31 5680 4.0 0.5
31 5692 2.5 0.5
31 5876 2.5 0.5
31 5944 0.5 0.5
31 5965 3.0 0.5
31 5986 4.5 0.5
31 6001 4.0 0.5
31 6009 4.0 0.5
31 6040 0.5 2.834921
31 6132 5.0 2.6195145
31 6148 5.0 0.76311487
31 6242 5.0 3.2988217
31 6378 2.0 3.559874
31 6500 3.5 1.6140871
31 6629 3.5 3.2190604
31 6764 2.5 0.5
31 6774 5.0 3.6783972
31 6812 5.0 0.5
31 6947 4.5 3.6891174
31 7056 4.5 0.5
31 7116 1.0 0.5
31 7223 3.5 0.5
31 7278 5.0 0.5
31 7318 1.5 0.5
31 7325 3.5 0.5
31 7391 1.5 0.5
31 7410 5.0 0.5
31 7474 4.0 0.5
31 7878 5.0 0.5
31 7895 5.0 0.5
31 8257 1.0 0.5
31 8265 1.0 2.2613924
31 8746 4.0 0.5
31 8751 5.0 0.5
31 8790 5.0 0.5
31 26547 4.0 0.5
31 26616 5.0 0.5
31 33493 5.0 2.3021805
31 34405 4.0 2.9791403
31 37382 5.0 0.5
31 37733 5.0 3.185139
31 40412 1.0 0.5
31 41569 4.0 0.5
31 49272 2.5 1.8589274
32 480 3.5 3.1834106
32 527 1.5 4.9870806
32 1304 3.5 4.319223
32 1374 3.5 1.5947286
32 2716 3.5 4.426407
32 3363 4.0 3.3147001
32 364 3.5 3.6123042
32 3408 4.0 3.9982243
32 2100 4.0 2.8011935
32 2302 3.0 3.2867022
32 4022 3.5 3.498674
32 4886 4.5 3.639773
32 1225 5.0 3.3139246
32 1393 3.5 3.3873794
32 2918 4.5 4.613122
32 852 3.5 3.09593
32 1784 3.0 2.6582632
32 2085 2.5 3.5641227
32 4639 3.5 3.4131713
32 2137 3.0 2.4053469
32 2376 3.5 0.5
32 3310 4.0 2.9399629
32 4361 4.5 1.941782
32 6753 4.5 0.5
32 7263 4.5 0.5
33 1282 3.0 2.8006914
33 4886 4.5 3.4647923
33 37727 4.0 0.5
34 589 3.0 4.188989
34 590 4.0 2.9313328
34 500 4.0 3.3463511
34 454 3.0 2.9378455
34 161 3.0 3.2376542
35 1240 4.5 3.6215906
35 1909 3.5 3.878428
35 1552 1.5 2.372331
35 1148 4.5 4.0389686
35 6377 3.0 4.0062146
35 1320 4.0 3.4075978
35 6957 4.0 2.1431065
35 543 3.0 0.5
36 50 4.0 3.8679335
36 474 2.5 3.582776
36 527 4.5 4.053905
36 589 2.0 1.7123405
36 593 4.5 3.0435753
36 1097 4.0 3.3188121
36 1196 3.5 3.3105512
36 1210 3.0 3.6052938
36 2012 1.5 1.3297948
36 3147 4.0 3.5864155
36 105 3.0 3.4602664
36 2640 1.5 3.4270804
36 3408 4.0 2.6356096
36 265 4.5 3.0179172
36 1380 3.5 3.5797138
36 1961 3.5 3.9094293
36 4306 2.0 4.1377883
36 6565 4.0 2.988811
36 839 4.5 0.5289597
36 4886 3.5 3.1053097
36 16 2.5 2.5225506
36 2150 1.5 3.6202228
36 3994 3.0 2.3475084
36 5782 2.0 2.6595848
36 6539 3.5 3.3592165
36 7438 3.5 2.9943542
36 8464 2.0 2.584709
36 19 2.5 1.4916792
36 2355 2.5 3.2295346
36 3988 1.0 2.172555
36 832 3.5 2.730276
36 3948 4.5 2.6928117
36 1371 1.0 1.4552994
36 4734 1.0 2.7240913
36 1388 1.0 0.5
36 5991 3.0 3.1612933
36 7160 3.5 0.5
36 8132 5.0 3.3934073
36 27873 5.0 0.5
37 541 4.0 4.2029915
37 780 5.0 3.2298772
37 858 4.0 5.0
37 924 1.5 3.1055584
37 1097 3.0 2.8748856
37 1220 3.5 2.9944143
37 1265 4.5 3.5892146
37 3147 2.5 4.506449
37 3793 3.5 2.8625803
37 500 3.5 3.561359
37 2617 2.5 3.2653987
37 5218 4.0 3.4574108
37 1961 4.0 3.481569
37 4306 4.5 4.8268466
37 2762 4.0 4.3914647
37 150 4.5 4.230567
37 586 3.5 2.93623
37 2628 2.5 3.7229857
37 1704 4.5 4.029497
37 5418 3.5 3.9643617
37 5445 4.5 3.9495904
37 6333 3.5 3.1565397
37 8874 4.0 4.0037184
37 5995 4.0 3.4916978
37 5378 3.0 3.0752516
37 2706 4.0 4.0694633
37 33166 4.5 3.8915057
37 56174 3.0 2.616442
37 4387 4.0 1.2126665
37 4980 3.5 2.4278684
37 30707 4.5 2.969514
37 7254 3.5 2.5925865
37 4623 3.5 0.5
37 6373 4.0 3.043135
37 45722 3.5 2.397428
37 48780 4.0 3.5240636
37 52245 4.0 3.4420283
37 53464 3.0 2.2472334
38 1199 4.0 2.6713398
38 7153 5.0 4.9387918
38 4973 5.0 5.0
38 2959 5.0 5.0
38 647 3.5 3.893268
38 6333 4.0 4.0354257
38 8636 4.0 4.2261057
38 68954 4.0 5.0
38 1479 3.0 3.974564
38 2490 3.0 3.9816425
38 7254 4.0 3.0273736
38 80917 4.0 0.53292936
39 457 1.5 3.5944848
39 1136 3.5 3.254424
39 1196 3.0 3.0559177
39 1240 4.5 2.346475
39 1527 3.0 1.8911731
39 1748 3.5 1.3743994
39 2011 4.0 1.8206891
39 2542 3.5 2.5205336
39 597 0.5 2.3751297
39 60069 4.0 2.5506668
39 91529 1.5 2.4139953
39 4226 3.0 3.6684706
39 5902 3.5 1.934318
39 3704 3.0 3.0911648
39 26614 3.0 1.9716132
39 86332 0.5 1.8444148
40 2011 3.0 3.0708313
40 2028 4.0 3.942337
40 2692 3.5 4.2277465
40 364 3.5 3.67166
40 1059 2.5 3.9174252
40 1485 2.5 0.5004328
40 6711 4.0 2.130469
40 6863 4.0 3.417557
40 7147 4.5 3.5913274
40 6283 4.5 2.8806326
40 59315 4.0 3.4714055
40 74458 4.5 4.589585
40 79132 4.5 5.0
40 106002 3.0 1.8497809
40 112623 4.0 1.9589877
40 344 2.0 3.389516
40 353 5.0 3.013105
40 454 3.0 4.204069
40 616 3.0 3.6704276
40 2628 3.5 2.2232895
40 4226 4.0 5.0
40 4979 4.5 3.4174943
40 5617 4.0 4.070805
40 5618 4.0 4.3654585
40 8874 3.5 4.2777414
40 30810 5.0 3.2303288
40 104 2.5 3.5331254
40 5502 3.5 0.5
40 1588 3.0 2.8357542
40 2141 3.5 3.5163035
40 4519 4.0 2.0196815
40 8360 3.0 2.3645592
40 63131 5.0 0.5
40 66097 4.0 4.383122
40 107 3.5 3.7164516
40 3081 4.5 3.927655
40 34437 3.0 0.5
40 2706 2.5 4.068911
40 788 2.0 2.3015735
40 63082 3.5 4.366747
40 2090 3.0 3.7880223
40 2143 4.5 0.5
40 2694 2.0 3.149573
40 3247 3.5 2.0459092
40 3698 2.0 3.611666
40 4103 4.0 3.0014231
40 4728 3.0 2.2477057
40 5010 4.0 2.8608468
40 6378 3.5 3.6069145
40 6820 4.5 1.7359912
40 7347 4.0 1.5205891
40 33004 3.5 1.3847904
40 51540 4.0 2.2870414
40 30812 5.0 2.9963002
40 8644 4.0 3.024017
40 48774 4.0 3.7301686
40 71535 5.0 3.655866
40 77561 4.5 3.1981719
40 55908 5.0 3.2147195
40 7502 4.0 1.8296734
40 90469 3.5 0.5
40 96610 3.5 2.9561698
40 609 3.0 3.1430912
40 2687 3.5 0.5
40 3489 5.0 3.0272846
40 3624 3.5 0.5
40 4367 2.5 3.3066096
40 4792 3.0 1.4562491
40 4890 2.0 1.9623287
40 6541 3.5 0.5
40 6882 4.5 0.5
40 31545 4.0 0.5
40 31685 3.0 2.4313219
40 34111 4.0 0.5
40 34150 3.0 0.5
40 37380 3.0 0.5
40 42002 5.0 0.5
40 46970 3.0 0.5
40 52435 3.0 0.5
40 55269 4.5 0.5
40 58998 4.5 3.070178
40 60293 4.0 0.5
40 61240 3.5 4.122552
40 62912 1.0 0.5
40 64575 3.0 0.5
40 66544 3.5 0.5
40 80463 3.5 3.6407382
40 81847 4.0 3.506035
40 84954 4.0 0.5
40 85131 4.0 0.5
40 87234 4.5 0.5
40 89472 3.0 0.5
40 94018 2.5 0.5
40 96737 5.0 0.5
40 100810 4.0 0.5
40 101864 4.0 0.5
40 106489 4.0 3.3159697
40 106920 5.0 0.8284968
41 1721 4.0 3.9297297
41 588 5.0 5.0
41 1380 5.0 3.3908389
41 2096 4.0 4.044689
41 1207 4.0 5.0
41 73 5.0 3.2413836
41 2941 2.0 0.5
41 3259 4.0 3.756651
42 500 3.0 2.1027584
42 186 3.0 2.3606834
42 282 4.0 2.3983636
42 509 5.0 2.934568
42 235 2.0 1.9014833
42 288 3.0 2.5577593
42 337 3.0 3.774175
42 218 3.0 2.1627047
43 593 4.0 4.814303
43 316 3.0 3.8983822
43 161 3.0 3.5642023
43 194 4.0 3.4406874
43 302 5.0 0.5
44 50 5.0 5.0
44 541 5.0 3.964683
44 590 4.0 3.918891
44 593 4.5 4.138151
44 1127 4.0 3.1677794
44 1214 4.5 2.251845
44 1219 4.0 4.6187825
44 1220 3.5 3.8457503
44 1240 4.0 3.1339345
44 1258 4.5 3.7576609
44 1291 4.5 3.6737564
44 1909 4.0 4.151182
44 2791 3.5 4.382632
44 2985 3.5 4.7159424
44 3527 3.5 3.8505826
44 1777 3.0 2.9552662
44 2291 5.0 3.4729893
44 2997 4.0 3.833672
44 3160 4.0 4.137762
44 3949 5.0 3.7025979
44 7147 5.0 3.163198
44 91529 4.0 4.1816196
44 97913 3.5 3.8258605
44 102125 3.5 4.1255074
44 102903 2.5 2.699163
44 103141 3.5 2.6101885
44 103253 3.5 3.3907385
44 106487 4.0 3.5300212
44 150 3.5 4.7036276
44 196 3.0 3.8919816
44 380 4.0 3.858943
44 520 3.5 3.2522533
44 3176 4.0 3.1545053
44 1704 4.0 3.8905
44 2174 4.5 3.3846436
44 4011 4.0 4.8276925
44 5418 3.0 4.0111103
44 7361 5.0 4.489498
44 903 4.0 4.683178
44 1193 4.5 4.4048405
44 69644 3.5 1.8931242
44 1207 4.0 4.063793
44 37729 4.0 3.9667492
44 84152 4.0 3.635968
44 101864 3.0 0.5
44 55290 4.5 2.228117
44 73017 4.0 2.4319499
44 81834 3.5 0.5
44 90430 2.5 0.6827648
45 589 4.0 4.3969326
45 593 3.0 5.0
45 968 4.0 4.328904
45 1097 4.0 3.7378767
45 1127 3.0 3.5954556
45 1278 4.0 3.2292035
45 1374 5.0 1.7559623
45 1376 3.0 1.7897087
45 1573 3.0 3.760701
45 1909 3.0 4.2242265
45 1965 4.0 3.4887936
45 1997 4.0 4.2883296
45 2011 2.0 3.0176446
45 2118 3.0 2.161745
45 2987 4.0 2.8025017
45 3471 5.0 3.1561167
45 3793 4.0 3.5118809
45 1101 3.0 3.2701771
45 1923 3.0 4.3303456
45 2294 4.0 3.9933565
45 3623 3.0 3.8114393
45 588 4.0 3.7469308
45 1029 5.0 4.2756085
45 1059 2.0 4.5261526
45 2081 4.0 3.5410345
45 1 4.0 2.8999088
45 293 3.0 3.3700159
45 319 5.0 3.2126439
45 329 3.0 2.8041868
45 342 3.0 3.4231396
45 1090 5.0 3.328798
45 1293 5.0 4.0624204
45 1299 4.0 4.313513
45 1302 3.0 2.2087858
45 1682 3.0 3.356524
45 2020 4.0 3.473192
45 2918 5.0 4.1042123
45 222 3.0 2.4674714
45 508 3.0 4.4878106
45 1095 3.0 3.6177862
45 223 4.0 3.2148192
45 535 3.0 4.658595
45 1080 5.0 3.4419992
45 1188 5.0 4.6941247
45 1641 4.0 4.789524
45 1673 4.0 4.149085
45 1704 4.0 4.8592424
45 2474 4.0 3.5937054
45 3421 4.0 2.8164861
45 903 5.0 5.0
45 2355 4.0 3.6394112
45 247 4.0 1.2441329
45 452 3.0 3.8448615
45 1267 5.0 4.3015857
45 2366 4.0 2.9314396
45 2657 5.0 3.1722546
45 3088 5.0 2.6878428
45 1831 3.0 2.9905128
45 1882 2.0 1.5362438
45 1235 4.0 3.7894332
45 232 4.0 4.5557957
45 610 3.0 3.4249415
45 709 3.0 3.2827594
45 1175 5.0 3.9120622
45 2140 4.0 4.2350063
45 2513 2.0 2.5613604
45 2598 1.0 0.7609644
45 3683 5.0 2.1821818
45 4103 5.0 3.0471153
45 58 5.0 3.8338127
45 2161 3.0 2.2776258
45 994 5.0 0.5
45 1119 3.0 0.5
45 1185 4.0 3.480498
45 1211 4.0 4.6765027
45 1300 4.0 3.7412634
45 1306 4.0 0.5
45 2091 3.0 0.5
45 2145 3.0 3.4934175
45 2151 4.0 0.5
45 2179 4.0 0.5
45 2414 2.0 0.5
45 2590 4.0 0.5
45 2690 5.0 0.5
45 2843 5.0 0.5
45 3148 4.0 0.5
45 3452 4.0 2.6262047
45 3819 5.0 4.1395807
45 3852 3.0 0.5
46 1407 4.0 3.415183
46 1645 5.0 2.37804
46 3476 4.0 3.7654634
46 1584 5.0 3.6382186
46 2428 3.0 3.74346
46 1320 3.0 3.8741
46 3300 4.0 1.7200668
46 3624 4.0 0.52575696
47 318 4.0 4.2495275
47 339 3.0 3.1747541
47 10 3.0 3.2191384
47 208 3.0 2.72961
47 292 4.0 2.474444
47 329 5.0 2.7062714
47 380 4.0 3.6077924
47 454 3.0 2.8228214
48 593 4.0 3.9517655
48 648 5.0 2.628844
48 1210 5.0 3.661243
48 1215 4.0 4.2251587
48 1242 4.0 2.4933853
48 1261 3.0 3.6056447
48 1291 4.0 4.0167236
48 1597 4.0 2.7417164
48 1610 4.0 3.9087155
48 2011 5.0 3.6106975
48 2529 4.0 3.5946643
48 2985 4.0 3.380718
48 4105 3.0 5.0
48 2 5.0 3.3286319
48 1584 4.0 2.8256195
48 2115 4.0 4.637401
48 2406 3.0 4.4427004
48 3 3.0 2.0493515
48 5 4.0 3.3118196
48 39 2.0 3.6468027
48 48 3.0 3.9824297
48 588 4.0 4.623108
48 1022 2.0 3.0243025
48 1485 5.0 0.5992481
48 2054 4.0 1.0360138
48 2100 3.0 3.274694
48 2302 3.0 4.5949917
48 4621 3.0 3.2233706
48 1 5.0 4.2752757
48 231 5.0 3.0774295
48 317 4.0 3.181857
48 329 4.0 4.2397184
48 362 4.0 0.5
48 374 3.0 2.8161166
48 1438 4.0 1.4116949
48 1552 4.0 2.46653
48 1682 5.0 3.9847124
48 551 3.0 4.0422378
48 2174 4.0 3.3029006
48 1033 2.0 3.647319
48 2082 4.0 2.93818
48 4896 5.0 3.0438137
48 2094 4.0 4.219024
48 3948 4.0 3.1754117
48 788 4.0 3.3576689
48 1882 5.0 3.4312682
48 2671 3.0 2.6991794
48 3438 4.0 4.0112762
48 24 3.0 0.5
48 70 4.0 3.2009587
48 1025 4.0 2.5134375
48 1603 4.0 2.6888692
48 1920 3.0 0.89382446
48 2006 4.0 2.3420808
48 2048 3.0 2.8110206
48 2090 3.0 3.9664764
48 2301 4.0 3.9726374
48 2394 3.0 3.2358634
48 3300 4.0 1.6735721
48 3535 1.0 3.1798148
48 4019 5.0 4.3676023
48 4149 4.0 0.5
48 2137 2.0 2.5621672
48 4321 4.0 3.1816146
48 543 4.0 0.5
48 1702 4.0 1.430898
48 2161 4.0 2.385066
48 3033 5.0 3.1573305
48 4270 4.0 3.3458087
48 4367 4.0 3.2707064
48 4446 4.0 3.4013152
48 2005 4.0 4.0349045
48 2471 4.0 2.2688253
48 3785 4.0 3.7011986
48 54 3.0 0.5
48 248 3.0 0.5
48 637 4.0 0.5
48 688 3.0 0.5
48 737 2.0 0.5
48 765 4.0 2.5514765
48 1099 3.0 0.5
48 1409 3.0 2.112179
48 1495 2.0 0.5
48 1731 3.0 0.5
48 2036 3.0 0.5
48 2423 5.0 0.5
48 2453 3.0 0.5
48 3243 3.0 0.5
48 3254 4.0 0.5
48 3439 5.0 0.5
48 3440 4.0 0.5
48 3799 2.0 0.5
48 3986 5.0 3.1200953
48 4090 4.0 3.9863186
49 1953 4.0 3.6855803
49 381 3.0 3.1693017
49 2881 3.0 0.5
49 3826 2.0 2.8839264
49 4015 2.0 2.0449576
50 648 4.0 3.1505914
50 5299 3.0 3.811373
50 2081 3.5 3.2931402
50 2997 2.0 4.448431
50 5952 5.0 4.327232
50 3176 4.0 2.381792
50 647 4.5 2.6817575
50 3751 5.0 3.519091
50 5481 4.0 3.2470481
50 5444 4.5 2.6450849
50 3175 3.0 3.4224696
50 3717 4.0 2.4642515
50 4161 4.5 1.7822266
50 5944 4.5 0.5
50 4447 2.0 3.3068817
50 5064 4.0 2.1722777
50 5316 4.5 0.5
50 5957 3.5 0.5
51 110 5.0 1.8489594
51 350 4.0 2.996835
51 593 5.0 3.6532583
51 1092 3.0 3.5378673
51 1214 5.0 1.7986966
51 1219 5.0 3.053391
51 1270 5.0 3.005248
51 1625 5.0 3.6880884
51 3471 2.0 2.7738981
51 1249 5.0 4.4861617
51 2396 5.0 3.5631127
51 39 4.0 3.3521867
51 261 4.0 3.3754997
51 595 4.0 2.9740653
51 1968 5.0 3.227539
51 2997 2.0 3.0216482
51 1 4.0 2.3832314
51 47 5.0 5.0
51 468 1.0 3.6641152
51 36 4.0 4.4745026
51 2628 1.0 3.0518951
51 1673 3.0 3.387498
51 4226 5.0 2.9275062
51 1907 3.0 2.513421
51 1267 5.0 3.323144
51 2428 1.0 2.5664787
51 2657 5.0 3.6032531
51 1831 1.0 3.0086641
51 724 3.0 2.824199
51 1884 4.0 3.2069218
51 2006 1.0 2.7244067
51 2798 2.0 0.5
51 2810 5.0 0.5
51 4776 5.0 2.4976285
51 2137 5.0 2.3775425
51 1061 3.0 3.6419408
51 1388 2.0 0.70074123
51 2541 4.0 2.554451
51 3755 3.0 3.103051
51 2447 2.0 0.5
51 2672 1.0 0.5
51 2771 3.0 1.6022165
51 3742 1.0 2.9137962
51 3973 1.0 2.4703603
52 32 4.0 3.3825595
52 1097 4.5 2.9533427
52 1127 2.5 2.7928088
52 1199 4.0 3.2722158
52 1200 3.0 3.8285136
52 1206 5.0 3.6748528
52 1219 4.5 2.8677335
52 1374 4.5 3.1312468
52 1387 4.0 4.0785427
52 2012 3.0 3.516197
52 2571 4.0 4.6413794
52 2664 2.5 3.4711604
52 2901 4.5 3.8839557
52 3471 4.0 2.9507205
52 3550 3.5 2.6155026
52 3576 1.5 2.1080432
52 908 4.0 3.4485817
52 2455 4.0 3.6693988
52 3503 3.5 2.1833994
52 16 2.5 3.6371703
52 1350 2.5 3.1182091
52 2160 4.0 3.4998572
52 7569 3.5 2.2843645
52 1924 2.5 2.4753222
52 2488 3.0 0.5
52 2644 3.5 2.8609698
52 2648 3.5 3.6811626
52 382 1.0 2.5018523
52 2710 3.0 2.9696407
52 724 3.0 2.753875
52 1345 3.0 4.020402
52 1862 3.0 1.8850497
52 2793 2.0 0.5
52 3264 3.0 1.5515957
52 407 3.5 3.486265
52 1128 4.0 1.2057561
52 2456 3.0 0.5
52 2898 2.5 0.66318357
52 2982 3.0 2.5996103
52 3013 2.5 1.5714396
52 3499 1.0 3.7977278
52 3587 4.5 0.6407025
52 3727 4.5 3.88247
52 3838 3.5 2.1865997
52 3892 3.5 0.5
52 3970 3.5 2.945577
52 6290 3.0 2.6665297
52 6707 4.0 2.375683
52 7123 4.0 3.5135958
52 7235 3.5 2.9320233
52 7347 3.5 1.6843309
52 7387 4.5 2.8311899
52 7492 2.5 2.7610214
52 8491 5.0 2.9516203
52 33493 3.0 2.4062862
52 7454 3.0 2.2579198
52 879 1.5 1.240146
52 3785 3.0 2.5972729
52 2107 2.0 0.6408033
52 2279 2.0 1.2499866
52 3908 2.0 1.0499604
52 152 3.5 0.5
52 680 3.0 3.1848187
52 1105 2.0 0.5
52 1323 3.0 0.5
52 1324 0.5 0.5
52 1326 3.5 0.5
52 1335 2.5 0.5
52 1756 1.5 0.5
52 1981 1.5 0.5
52 1996 2.5 0.5
52 2256 3.0 0.5
52 2461 2.0 0.5
52 2462 2.0 0.5
52 2465 2.5 0.5
52 2530 3.5 0.5
52 2554 1.5 0.5
52 2740 1.5 0.5
52 2780 1.0 0.5
52 2784 3.5 0.5
52 2868 3.0 0.5
52 3485 2.5 0.5
52 3490 3.0 0.5
52 3563 2.0 0.5
52 3666 0.5 0.5
52 3708 2.5 0.5
52 3923 3.0 0.5
52 3932 4.0 0.5
52 3938 2.0 0.5
52 4266 2.0 0.5
52 4417 4.0 0.5
52 4532 2.5 0.5
52 4576 1.5 0.5
52 4669 1.0 0.5
52 4715 2.5 0.5
52 4758 3.0 0.5
52 4839 2.5 0.5
52 4893 3.0 0.62910986
52 5183 3.5 0.5
52 5544 4.0 0.5
52 5588 3.5 0.5
52 5691 2.0 0.5
52 5731 2.5 0.5
52 5734 0.5 0.5
52 5737 0.5 0.5
52 5754 2.5 0.5
52 5833 0.5 0.5
52 6659 2.0 0.5
52 6803 4.0 0.5
52 7239 3.0 0.5
52 7280 3.0 0.77704847
52 7402 2.5 0.5
52 7561 3.0 0.5
52 8507 3.5 0.5
52 8810 2.5 1.6750468
52 8855 1.0 0.5
52 8886 2.5 0.5
52 27317 4.0 0.5
53 3751 4.0 3.7581418
53 2355 4.0 3.0116067
53 2706 4.0 2.880652
53 2710 1.0 2.469975
53 2881 3.0 0.5
53 3203 3.0 3.4126546
53 1466 3.0 3.3656304
53 612 3.0 0.5
53 2597 3.0 0.5
53 2759 3.0 0.5
54 968 3.5 3.986895
54 1136 1.5 4.073539
54 2384 4.0 2.931235
54 4973 4.5 3.846952
54 74458 5.0 3.4050965
54 44 0.5 3.9973655
54 1293 4.0 3.4155915
54 5418 4.0 3.9709857
54 36529 4.5 3.9334557
54 1222 4.5 3.2350936
54 48774 4.5 3.951337
54 71535 4.0 3.7096984
54 74685 4.5 2.225979
54 81591 3.5 3.5515819
54 84392 4.5 2.709258
54 1241 4.0 2.248532
54 1405 0.5 0.50741196
54 5608 4.0 2.122395
54 6059 4.0 0.5
54 72554 4.0 0.5
54 74228 3.5 0.5
54 84601 4.5 0.5
55 480 3.0 2.4316
55 913 4.0 4.2762027
55 1219 5.0 4.2408705
55 2804 5.0 5.0
55 2858 5.0 4.834986
55 594 3.0 4.568559
55 1282 5.0 5.0
55 1132 5.0 2.8185945
55 1172 4.0 4.6109977
55 1217 5.0 4.3103485
55 2075 5.0 1.544643
55 3251 4.0 2.8334343
55 1233 5.0 4.5729795
55 940 4.0 4.284729
55 1066 5.0 0.5
55 1952 5.0 3.43447
55 2069 5.0 0.5
55 2971 4.0 3.2671092
55 4424 5.0 4.1740174
55 4970 5.0 0.5
56 260 5.0 3.835532
56 1198 5.0 3.9821134
56 1304 5.0 3.3479068
56 2028 4.0 4.3161125
56 1230 4.0 3.9243922
56 2997 5.0 4.0762925
56 1172 5.0 4.146995
56 3072 4.0 2.8978453
56 1193 5.0 4.4683757
56 745 5.0 4.0834928
56 2620 2.0 0.5
57 1610 3.5 2.4167778
57 4014 4.0 3.8202837
57 805 3.0 3.0312338
57 1343 1.0 3.7897599
57 2108 3.0 0.5
57 3360 3.5 2.742141
57 8665 4.0 3.8760312
57 63853 4.5 3.214812
57 58 4.0 3.8760953
58 1485 3.0 1.033053
58 1 4.0 3.154535
58 79 3.0 4.3085585
58 653 5.0 4.6533365
58 805 4.0 4.26243
58 673 4.0 3.3016977
58 628 4.0 3.2967699
58 848 3.0 2.292751
58 719 3.0 0.5
59 858 5.0 2.607327
59 4086 3.0 1.7507995
59 1299 3.0 3.9869368
59 4223 5.0 3.2225213
59 425 4.0 3.4728205
59 1635 3.0 0.5
59 3952 4.0 0.5
59 4220 5.0 0.5
60 6 5.0 4.1245275
60 50 4.5 5.0
60 1197 3.5 5.0
60 1257 4.0 3.7184243
60 1265 4.5 3.4891248
60 2858 4.0 5.0
60 785 3.5 2.9724
60 5952 4.5 5.0
60 6711 4.5 3.7439802
60 1408 4.0 3.5632734
60 3911 4.5 3.7004907
60 4226 3.5 4.444932
60 1193 4.0 4.990988
60 72226 4.5 3.5965507
60 4718 3.0 3.6024702
60 2706 3.5 4.4166026
60 3087 4.0 1.1614285
60 5853 4.0 3.732326
60 3977 3.0 3.4170961
60 68157 5.0 4.049561
60 68237 4.0 3.6618824
60 61240 4.5 3.8494368
60 2114 4.0 3.730182
60 765 3.5 2.0128517
60 7925 4.0 0.5
60 26228 4.0 0.5
60 26729 4.5 0.5
60 41627 4.0 0.5
61 260 4.0 4.221813
61 318 5.0 5.0
61 762 2.0 1.221083
61 17 5.0 4.4868684
61 62 4.0 2.7596958
61 357 4.0 3.9629111
61 14 4.0 3.8969874
61 151 4.0 4.7048707
61 246 5.0 4.501405
61 299 3.0 3.1159458
61 300 4.0 4.4788218
61 412 4.0 3.8025906
61 247 3.0 1.2737501
61 786 3.0 2.4299643
62 1304 3.0 2.9745386
62 1394 5.0 2.5292606
62 4085 2.0 3.3400784
62 1968 3.0 3.1087902
62 342 3.5 2.268972
62 1682 1.5 3.0499482
62 151 3.0 2.490065
62 1079 3.0 2.6285355
62 2657 2.5 2.9657516
62 58 4.5 3.4997213
63 1198 4.0 3.756898
63 1220 3.0 4.1338944
63 1387 4.0 4.8052287
63 1965 3.0 3.8023303
63 1947 3.0 4.2640376
63 1132 4.0 3.0729198
63 1172 4.0 4.72278
63 1302 3.0 2.7733064
63 2021 3.0 3.163362
63 1125 3.0 3.5138237
63 1217 5.0 3.2687252
63 1873 3.0 3.3521967
63 1964 4.0 0.5
63 1251 5.0 3.7199266
63 1222 5.0 3.294505
63 1395 3.0 2.617912
63 1077 3.0 3.0809865
63 1185 4.0 3.3075304
63 1295 4.0 3.48928
63 680 4.0 3.6644404
63 1913 4.0 3.679026
63 1952 4.0 3.2761166
63 1238 4.0 0.5
63 1305 5.0 0.5
63 1956 3.0 0.5
64 69406 4.5 2.3135357
64 68954 5.0 3.3434649
64 4757 1.5 0.74190706
65 3386 4.0 2.3260832
65 1272 4.0 2.468638
65 1608 3.0 3.214558
65 19 3.0 1.1486539
65 1367 1.0 2.2103202
65 6787 4.5 2.6937659
65 1320 3.0 2.7703257
65 1479 1.0 2.2753675
65 8169 2.0 2.4004827
65 3510 3.5 2.2473943
65 53207 3.0 0.5
66 32 5.0 3.6229563
66 110 5.0 3.7595081
66 153 2.0 3.1167688
66 316 3.0 1.8636303
66 44 4.0 2.9209676
66 47 5.0 4.703614
66 150 5.0 3.6966457
66 293 4.0 3.0839815
66 383 5.0 2.3393402
66 442 4.0 2.5782833
66 733 4.0 4.334766
66 551 2.0 2.9387722
66 546 4.0 2.4307802
66 741 5.0 2.1656072
67 110 5.0 2.353839
67 364 4.0 2.8186085
67 356 4.0 2.6334088
67 597 3.0 1.9541296
67 185 4.0 3.463323
67 329 4.0 2.7578888
68 1089 4.0 3.3748019
68 1909 4.0 4.9330397
68 539 4.0 4.1019473
68 1183 5.0 5.0
68 1917 4.0 2.1865377
68 2392 1.0 2.685754
68 1834 5.0 0.5
68 2324 4.0 3.5419223
68 363 5.0 3.6065571
69 1208 5.0 4.9160867
69 1219 5.0 4.34533
69 1234 5.0 4.2712545
69 1283 5.0 3.3356276
69 1304 5.0 4.230616
69 1580 5.0 2.9875906
69 1589 1.0 2.5609086
69 1645 3.0 3.0064583
69 1997 5.0 4.998906
69 2951 5.0 4.806379
69 2617 3.0 2.4620652
69 3996 3.0 5.0
69 2081 5.0 4.179746
69 1090 4.0 3.8304844
69 1411 5.0 4.870564
69 1095 5.0 4.4470687
69 778 5.0 5.0
69 1248 4.0 4.7458878
69 1885 4.0 2.3042507
69 919 5.0 5.0
69 247 4.0 1.6230803
69 922 5.0 5.0
69 2075 5.0 1.4495753
69 2238 5.0 0.6388841
69 2023 4.0 4.4970465
69 2065 5.0 0.8804114
69 2132 5.0 2.170436
69 176 5.0 0.5
69 232 5.0 5.0
69 659 5.0 3.9379838
69 1175 5.0 5.0
69 1237 5.0 2.8227654
69 2064 5.0 4.350605
69 2730 3.0 3.473581
69 4282 5.0 0.5
69 4361 5.0 2.1432734
69 1211 5.0 5.0
69 2158 5.0 4.160671
69 1952 5.0 3.8798866
69 2351 5.0 0.5
69 2632 5.0 0.5
69 2925 5.0 0.5
69 2969 5.0 0.5
69 3422 5.0 0.63639086
69 4331 4.0 0.5
69 4390 5.0 0.5
69 4399 5.0 0.5
69 4708 5.0 0.5
69 4741 5.0 0.5
70 50 5.0 5.0
70 296 5.0 4.5032625
70 318 4.5 5.0
70 589 3.0 3.8254704
70 590 4.0 3.2244587
70 1092 4.0 3.8847106
70 1097 4.0 3.4458792
70 1127 5.0 3.7518013
70 1220 5.0 3.9804199
70 1374 5.0 2.647755
70 1396 4.5 3.1369884
70 1625 4.5 3.4894936
70 1954 3.0 3.6026666
70 1965 3.0 4.4368896
70 1994 4.0 4.6870017
70 2167 4.5 3.3075752
70 2268 4.0 3.389206
70 2580 5.0 3.5602558
70 2858 4.5 4.7305884
70 3471 4.5 3.311017
70 3527 5.0 3.8056986
70 1275 5.0 4.2742887
70 2712 3.5 2.9449303
70 830 4.0 4.838584
70 1282 4.0 3.9716067
70 1380 2.0 3.5369184
70 1639 4.0 4.417359
70 1835 4.0 3.4873908
70 2054 3.0 1.6549182
70 2081 3.0 2.9110656
70 180 4.0 3.648878
70 316 5.0 3.8961022
70 1288 4.5 4.684063
70 2997 4.0 4.4931583
70 4014 4.0 4.2760754
70 5952 5.0 4.9097843
70 2762 4.0 4.1896143
70 45499 3.5 2.7073727
70 11 4.0 4.3978615
70 170 4.0 1.9592738
70 185 3.5 3.5180564
70 208 4.0 3.8206127
70 277 3.5 3.4933727
70 529 4.0 4.191739
70 1088 3.5 2.4574757
70 1552 4.0 2.4708743
70 1608 3.5 4.2012305
70 2797 4.0 3.5497537
70 235 4.0 3.8344533
70 1231 4.5 3.7396433
70 1517 3.0 2.937141
70 1673 3.0 3.914222
70 2144 5.0 2.8490121
70 2174 3.0 4.570394
70 2700 3.5 3.1531425
70 3000 5.0 3.7184901
70 3210 5.0 3.5174766
70 3421 4.0 3.3995678
70 8368 5.0 4.1065683
70 2138 4.0 4.583388
70 3114 4.0 4.950664
70 4963 5.0 4.2805023
70 253 5.0 4.85919
70 2657 4.0 2.8436365
70 1680 4.5 0.5
70 4718 3.0 3.8828151
70 3081 4.0 4.123548
70 45728 5.0 3.7158105
70 1586 3.0 1.9280618
70 1717 3.0 2.9255674
70 2746 3.0 3.809054
70 1801 4.0 1.9664757
70 3300 4.0 1.9470102
70 4571 5.0 3.4418938
70 4873 4.0 4.273315
70 33004 4.0 1.4855696
70 4321 3.0 3.281829
70 5903 4.5 3.753313
70 3033 4.5 3.2463486
70 31658 5.0 3.8982818
70 728 4.0 3.325324
70 1100 3.0 0.5
70 2046 3.0 0.5
70 2681 5.0 0.5
70 26504 4.0 0.5
71 2662 4.0 3.6080618
71 65 1.5 0.5
71 40629 5.0 0.5
72 318 4.0 4.2549257
72 457 3.0 4.1955767
72 913 4.0 3.4616373
72 1196 2.0 3.949846
72 1252 3.0 3.5713778
72 1407 3.0 2.2915814
72 1597 1.0 2.5152419
72 1617 5.0 2.9868782
72 920 3.0 3.365277
72 1643 2.0 2.815266
72 903 2.0 4.4453263
72 912 5.0 3.0226233
72 965 4.0 3.3063273
72 904 4.0 4.026218
72 1178 5.0 3.8307867
72 1212 4.0 3.5467136
72 1267 4.0 4.067208
72 1175 3.0 3.5296967
72 1009 3.0 1.7836019
72 1515 1.0 0.7073208
72 1226 4.0 0.5
72 1422 2.0 0.5
73 1214 4.0 1.0994653
73 588 3.0 2.8511853
73 1022 2.5 2.6993773
73 344 2.5 2.6272542
73 2150 4.0 4.0855675
73 7345 0.5 2.357999
73 35836 2.5 3.0557277
73 54997 3.5 2.1827176
73 2005 4.0 2.4463189
73 4467 4.0 0.5
73 4748 0.5 0.5
73 31420 3.0 0.5
73 47725 4.0 0.5
73 62049 4.0 0.5
74 527 5.0 4.840171
74 454 3.0 1.802971
74 376 4.0 2.2028189
74 515 5.0 4.844363
74 800 4.0 3.9449584
74 82 5.0 5.0
74 862 4.0 0.5
75 260 3.0 2.0492425
75 457 3.0 3.7819626
75 593 3.0 3.7209284
75 780 1.0 2.6252031
75 924 3.0 4.0227633
75 968 3.0 3.4756784
75 1073 4.0 2.7992394
75 1092 1.0 3.8311238
75 1136 3.0 4.14461
75 1206 2.0 3.3971224
75 1214 3.0 3.3275704
75 1240 3.0 3.960682
75 364 3.0 4.2668266
75 39 3.0 3.4572153
75 45 3.0 3.89771
75 1029 3.0 3.4264843
75 21 3.0 3.2852025
75 112 3.0 1.8996036
75 282 3.0 3.992632
75 293 4.0 3.6297522
75 1090 3.0 3.2499533
75 1293 3.0 3.1067195
75 1408 3.0 2.9924512
75 14 3.0 3.3385754
75 235 5.0 3.1089203
75 246 5.0 4.0733347
75 314 3.0 3.610549
75 412 4.0 3.7234175
75 1094 5.0 5.0
75 1095 4.0 4.046415
75 923 4.0 4.4867325
75 1103 3.0 4.164903
75 1120 4.0 3.6161077
75 1148 5.0 4.209509
75 1179 3.0 3.194084
75 1223 3.0 4.0529838
75 661 3.0 3.6153753
75 912 4.0 3.6513062
75 1367 3.0 3.514958
75 930 3.0 3.7019305
75 111 3.0 4.118967
75 745 5.0 3.9175758
75 991 3.0 2.9308684
75 1513 3.0 3.3349135
75 1273 4.0 3.9476721
75 555 4.0 3.1366985
75 176 5.0 0.5
75 1147 4.0 3.3699763
75 1298 4.0 2.9977825
75 1357 4.0 3.7173235
75 994 4.0 0.5
75 1295 5.0 3.08651
75 879 3.0 1.1232417
75 1009 3.0 1.9237232
75 1099 3.0 0.5
75 213 4.0 3.8581085
75 43 3.0 3.9142685
75 1305 3.0 0.5
75 562 3.0 3.418911
75 148 3.0 0.5
75 149 3.0 0.5
75 358 3.0 0.5
75 369 3.0 0.5
75 373 2.0 0.5
75 461 3.0 0.52169484
75 947 4.0 0.5
75 1042 3.0 0.5
75 1177 3.0 0.5
75 1414 3.0 0.64764684
76 260 4.5 3.6894016
76 2571 4.0 2.9397793
76 953 3.5 3.7312357
76 4306 3.0 1.114058
76 106072 2.0 3.242908
76 111362 4.0 3.8289075
76 4226 4.5 4.667565
77 50 4.5 4.89769
77 260 4.5 5.0
77 318 4.0 5.0
77 1287 5.0 3.7905877
77 1291 3.5 3.3092113
77 1573 4.0 4.1372256
77 1876 3.0 3.3061638
77 1961 4.5 4.3542795
77 6365 4.0 2.3131282
77 1225 4.5 3.8493338
77 1682 3.5 4.112783
77 2353 4.0 4.0248823
77 25 4.5 4.232874
77 446 4.5 2.820364
77 4027 4.5 3.9618716
77 5902 3.5 3.9635782
77 2355 3.5 3.7905228
77 4896 4.0 3.233568
77 4995 4.5 4.702722
77 5876 4.0 0.5
77 3148 3.5 0.5
77 5983 3.0 2.6107926
77 30 3.5 2.1681821
77 2540 2.0 0.5
77 2961 3.5 0.5
77 5992 4.5 0.5
77 6217 3.5 0.5
77 6382 4.0 0.5
78 1136 4.0 4.9039373
78 4993 4.0 3.8856974
78 51662 4.0 4.059291
78 58559 4.5 3.0297163
78 72998 4.5 3.3460112
78 4011 4.0 3.8860195
78 8874 3.0 4.2050657
78 38061 4.5 2.388562
78 50872 3.0 4.137325
78 54503 4.0 4.177194
78 67734 3.5 3.622284
78 68954 5.0 4.3429484
78 8014 3.0 3.6874878
78 56174 3.0 2.2309241
78 1884 5.0 3.313134
78 71535 2.5 4.4450274
78 3581 3.0 2.4433095
78 68952 3.0 3.566053
78 69951 4.0 2.8613331
78 71464 4.5 3.615815
78 67508 4.0 3.0853946
78 71899 4.0 3.2971087
78 6482 3.5 0.5
78 6672 1.0 0.5
78 8973 2.5 0.5
78 27731 4.0 0.5
78 31660 4.5 0.5
78 33162 2.5 0.5
78 33903 3.0 0.5
78 37853 4.0 0.5
78 53161 4.0 0.5
78 57504 3.0 0.5
78 57640 3.5 0.5
78 69481 3.0 0.55625844
78 74668 4.0 0.5
78 76173 4.5 0.5
79 296 4.0 4.799218
79 1136 4.0 3.0995202
79 1197 5.0 3.6745496
79 1219 4.0 3.482203
79 1221 4.0 3.7619731
79 1266 4.0 3.9217093
79 1270 3.0 2.0629072
79 1374 3.0 0.5
79 1387 2.0 2.8634958
79 2985 1.0 2.5928311
79 2987 2.0 1.216566
79 1230 5.0 3.9861903
79 1639 3.0 3.315867
79 1246 4.0 3.6457767
79 47 4.0 4.572127
79 344 2.0 1.1854709
79 1090 2.0 3.7415545
79 1272 4.0 2.9122303
79 1411 4.0 3.1856382
79 1682 4.0 3.0537853
79 2918 4.0 3.8267145
79 1103 4.0 2.9554648
79 741 2.0 3.2494917
79 1222 3.0 3.3669221
79 2324 5.0 2.6092055
79 2470 3.0 2.6242797
79 73 3.0 2.7258005
79 307 5.0 3.919811
79 2872 3.0 3.0702202
79 2504 3.0 0.5
