1 350 3.0 2.4724753
1 451 1.0 3.9053655
1 457 4.0 4.5924616
1 527 4.0 3.0799932
1 750 3.0 3.6274114
1 1036 5.0 3.375436
1 1089 5.0 1.5982476
1 1136 4.0 3.3472185
1 1198 5.0 2.8473272
1 1199 2.0 2.9451861
1 1201 4.0 4.0424433
1 1227 3.0 3.7637987
1 1242 3.0 3.4070086
1 1259 3.0 3.9497273
1 1333 4.0 4.517049
1 1372 3.0 3.231072
1 1376 3.0 2.978798
1 1407 3.0 2.5406978
1 1625 3.0 2.6601667
1 1799 3.0 2.3545468
1 1954 5.0 2.9731052
1 1997 3.0 4.0240383
1 2000 4.0 4.1215014
1 2118 4.0 2.2186525
1 2167 3.0 3.6450162
1 2194 3.0 3.1966035
1 2268 3.0 2.1572654
1 2347 3.0 3.528564
1 2467 3.0 4.3698206
1 2478 1.0 1.6302541
1 2529 5.0 3.1707397
1 2532 3.0 3.7862768
1 2542 2.0 4.386783
1 2858 4.0 2.104407
1 2912 3.0 3.541882
1 2921 4.0 4.9845963
1 2922 5.0 2.733054
1 2973 2.0 2.4245067
1 2987 3.0 3.52742
1 3074 3.0 3.5605712
1 3168 3.0 3.5029266
1 3273 3.0 3.6722083
1 3471 4.0 2.4644656
1 3551 5.0 3.3032398
1 3576 3.0 3.9380949
1 3681 5.0 2.5039618
1 3827 2.0 4.1105313
1 3839 4.0 4.431624
1 3917 4.0 3.7597978
1 4037 3.0 4.9554467
1 4085 4.0 3.6289911
1 4121 3.0 4.0889463
1 4132 3.0 3.3272376
2 648 5.0 2.618256
2 500 4.0 3.905872
2 552 3.0 3.0669625
2 1249 4.0 3.7305977
2 1377 4.0 3.7208922
2 2294 5.0 5.0
2 2384 4.0 3.3481743
2 2496 4.0 3.1534145
2 5299 4.0 3.728258
3 5 4.0 4.0858727
3 605 3.0 3.0216365
3 900 4.0 5.0
3 915 5.0 3.8642673
3 918 5.0 3.9944146
3 920 5.0 5.0
3 1029 5.0 4.2118206
3 1043 3.0 3.7789798
3 1230 5.0 5.0
3 1243 2.0 4.615697
3 1307 5.0 5.0
3 1457 4.0 4.3865013
3 1569 4.0 3.1202254
3 1835 4.0 3.2303994
3 2080 4.0 4.676298
3 2096 4.0 3.1499774
4 1036 4.0 2.8635535
4 1270 3.5 2.5957825
4 2571 4.5 4.1943326
4 2640 3.0 2.6745613
4 45 3.0 2.8987327
4 413 2.0 2.9024029
4 782 1.5 2.1451542
4 1644 2.0 2.1045318
4 1678 4.0 3.022101
4 2409 2.5 3.044127
4 3328 5.0 4.1044536
4 4008 1.5 4.657374
4 4022 2.5 2.5735252
4 4973 5.0 3.7145953
4 6863 4.5 2.5569217
4 7324 3.0 2.7064588
5 858 4.5 5.0
5 916 3.0 2.4427085
5 613 4.0 2.7324207
5 839 1.0 4.1303887
5 2719 3.5 3.6110554
5 3513 1.5 3.548382
5 3744 1.5 2.8717208
5 5364 5.0 3.558006
5 5570 5.0 2.173769
5 60069 4.0 3.5475042
6 7293 2.5 3.605903
6 59315 4.0 3.715085
6 60684 0.5 4.299333
6 72998 4.0 2.874815
6 73321 3.5 2.9379792
6 74530 4.0 3.2754118
6 74580 3.5 4.351485
6 78637 3.5 3.1421394
6 78893 4.0 3.7129855
6 82169 3.0 3.6130185
6 84637 4.0 4.603896
6 88125 3.5 2.2287061
6 88405 3.5 3.5532575
6 89745 4.0 3.3061304
6 90866 2.0 4.2438674
6 94323 3.5 4.480418
6 95105 3.5 4.3918476
6 95543 3.5 3.190421
6 97752 1.5 3.2093594
6 98203 3.5 3.8358579
6 98243 5.0 3.325931
6 99813 4.0 3.0718715
6 102407 3.5 2.7599778
6 103372 3.5 3.679783
6 104211 3.5 3.877915
6 105468 3.5 4.334477
6 106002 3.5 2.7294273
6 106696 4.5 3.3278596
6 107436 4.0 3.1859233
6 109846 3.0 3.5227394
6 111659 4.0 3.3745885
6 112303 2.5 4.414664
6 112852 3.5 3.2372718
6 113071 2.0 3.600017
6 113348 1.0 3.6751242
6 113453 2.0 3.1884053
6 115664 2.5 3.8178518
6 118997 0.5 2.7175283
7 590 3.0 4.1833105
7 592 4.0 4.0942893
7 34 3.0 3.6885474
7 39 4.0 3.771332
7 236 4.0 3.7085886
7 266 3.0 3.934934
7 289 3.0 3.6565952
7 440 4.0 3.751571
7 93 4.0 3.25854
7 135 4.0 3.6847148
7 160 4.0 3.8544257
7 237 4.0 3.8117113
7 277 4.0 3.7903783
7 328 4.0 3.6102154
7 344 4.0 3.4269006
7 381 4.0 3.622199
7 410 5.0 3.519187
7 485 4.0 3.8160915
7 509 4.0 3.7150328
7 539 4.0 3.9590786
7 542 4.0 3.7828147
7 544 3.0 2.4316893
7 548 3.0 3.653989
7 667 3.0 2.9034867
8 110 5.0 4.173643
8 457 5.0 4.116491
8 527 5.0 3.4070888
8 608 4.0 4.2057753
8 1610 4.0 3.2340918
8 2467 5.0 4.5072136
8 3702 4.0 4.0792046
8 736 4.0 3.7017963
8 165 4.0 3.3487766
8 36 4.0 3.3545218
8 733 4.0 3.973883
8 1186 4.0 3.8639061
8 1225 5.0 3.385362
8 1302 4.0 3.5774212
8 1393 4.0 3.4968693
8 1411 5.0 3.2794406
8 1674 5.0 4.3313913
8 1682 4.0 3.2248435
8 2628 4.0 3.4121056
8 2952 4.0 3.510313
8 3176 5.0 3.156689
9 22 3.0 3.6673155
9 553 3.0 3.849167
9 592 3.0 3.7472978
9 1036 3.0 4.1310525
9 377 3.0 3.7525377
9 62 5.0 4.3365726
9 47 3.0 4.130334
9 196 3.0 3.834872
9 230 3.0 3.4208796
9 282 3.0 3.8190467
9 380 3.0 3.546047
9 468 4.0 3.4677906
9 539 5.0 3.0694947
9 4 3.0 4.148185
9 25 4.0 3.958291
9 35 3.0 2.9169407
9 154 3.0 4.906918
9 246 3.0 3.4545176
9 305 3.0 3.660229
9 314 4.0 4.2547274
9 446 3.0 3.8427026
9 455 3.0 3.2845056
9 647 4.0 4.025555
9 1125 3.0 3.5563786
10 608 3.0 4.298052
10 1201 4.5 3.5426195
10 1208 4.5 3.8447218
10 1219 3.0 3.829761
10 1258 4.0 3.8923552
10 1265 3.5 3.7921944
10 1276 4.0 4.1960907
10 1358 4.0 4.184639
10 1732 5.0 3.3395953
10 2912 4.0 3.8595552
10 2947 3.5 3.5841
10 3363 4.0 3.907523
10 3578 3.0 3.9409173
10 1282 4.5 3.7924302
10 163 4.0 3.3567247
10 3481 4.5 3.5157564
10 5952 4.5 3.6515958
10 357 3.5 3.6239665
10 471 3.5 3.6354015
10 1084 3.5 4.4245763
10 1095 4.0 3.963092
10 923 4.0 4.2905645
10 1188 4.5 3.6467953
10 1289 4.0 3.753153
10 1350 3.5 3.5690148
10 1945 4.0 3.6778185
10 2144 3.0 3.5792034
10 2174 3.5 4.0137997
10 2300 2.5 3.9225008
10 2321 4.5 3.897898
10 2890 4.0 3.7337177
10 2946 3.5 3.8064792
10 3052 4.5 4.16343
10 3210 3.5 3.915918
10 3421 4.0 4.283822
10 3468 4.5 3.7095242
10 3671 4.0 3.8820915
10 4102 4.0 4.03407
10 4280 1.0 3.947228
10 5292 3.5 3.1103654
10 5418 4.0 3.5688372
10 5445 4.0 3.4305427
10 5679 4.0 3.9375358
10 6539 3.5 3.6739526
10 6773 4.5 3.8460667
10 7371 4.5 3.9137459
10 7889 4.0 3.6777236
10 8622 4.0 3.773605
10 8636 4.0 3.4437118
10 8874 3.5 3.5576053
11 16 4.0 2.4561489
11 104 3.0 3.2868285
12 2058 3.0 3.1537108
12 5380 4.0 4.211328
12 5415 1.0 2.940819
12 5459 4.0 3.2785888
13 527 4.5 4.1563187
13 1073 3.5 3.2074034
13 34 4.0 3.1218994
13 5218 3.5 3.635573
13 2080 3.5 3.1261542
13 783 3.0 3.8477948
13 2683 3.5 3.5353148
13 3398 3.5 4.410177
13 4306 4.5 4.0062504
13 6942 4.0 3.6772766
13 7293 3.5 3.324044
13 60069 4.5 3.011951
13 4886 4.0 3.965987
13 616 4.5 3.9504266
13 551 3.0 3.4804847
13 3396 3.5 3.5280423
13 8874 4.5 3.5647695
13 1784 3.5 3.7344391
13 5481 3.0 3.97776
13 38 3.0 3.8062632
13 435 2.0 3.7770817
13 1023 3.5 2.9211051
13 1033 4.0 3.1656485
13 1566 4.0 2.665011
13 1848 2.0 3.8337479
13 1907 3.0 4.142956
13 2042 3.5 3.9069562
13 2078 4.0 3.817022
13 2138 5.0 2.8741703
13 2355 4.0 3.6973271
13 3114 4.0 4.053522
13 3124 3.5 3.939022
13 3969 4.0 3.386805
13 3988 4.0 2.979908
13 3991 4.0 3.8994496
13 4639 3.0 2.908159
13 4700 3.5 3.3649979
13 5092 3.0 3.4590566
13 5452 3.5 3.7135432
13 5900 2.5 3.037885
13 6266 3.0 3.4254327
13 6377 4.5 4.1473308
13 6485 3.0 2.239342
13 6625 4.0 4.659558
13 44555 5.0 2.9831374
13 45517 4.0 3.2369514
13 51694 4.0 3.137378
13 53121 3.5 3.1509957
13 54503 4.0 3.5396543
13 55282 3.5 3.8207672
13 56152 3.5 3.6652758
13 58803 3.0 3.9682107
13 59141 4.0 4.7399335
13 62376 3.5 3.1706564
13 67734 4.0 3.8344424
13 68269 4.0 4.0372643
13 68954 5.0 3.5038097
13 69122 5.0 3.5649343
13 71670 3.0 3.5639913
14 110 5.0 3.8048122
14 480 5.0 3.4456193
14 592 3.0 4.1585503
14 593 4.0 4.4538593
14 153 3.0 3.955443
14 364 4.0 4.285606
14 552 3.0 3.4176652
14 236 4.0 3.9326859
14 266 4.0 2.8093784
14 339 3.0 3.5391884
14 356 4.0 4.358964
14 10 3.0 3.8630357
14 21 4.0 4.2049294
14 150 4.0 3.5923438
14 165 2.0 3.043372
14 329 4.0 2.8747537
14 454 3.0 4.2731557
14 468 4.0 3.8026335
14 587 3.0 4.085507
14 272 5.0 3.5888636
14 161 4.0 4.2808204
14 300 4.0 3.9335582
15 32 4.0 2.918666
15 457 5.0 4.0418043
15 480 4.0 4.9275155
15 858 2.0 2.9178743
15 968 1.0 4.352554
15 1092 2.0 4.2569556
15 1214 2.0 3.4732757
15 1219 5.0 3.6142702
15 1283 5.0 5.0
15 1287 5.0 4.167923
15 1994 4.0 2.8470857
15 2011 4.0 3.9243662
15 2716 3.0 3.5348182
15 2406 3.0 4.300026
15 908 4.0 4.385695
15 2728 5.0 4.0081463
15 551 5.0 3.205331
15 923 5.0 3.6604178
15 2174 4.0 3.5598073
15 919 5.0 4.1647897
15 247 2.0 3.3606598
15 927 3.0 3.203596
15 1264 3.0 4.258116
15 1267 5.0 3.8371284
15 1284 2.0 2.5336185
15 1334 3.0 4.4047933
15 1344 4.0 3.2994173
15 1690 5.0 3.9951158
15 1924 4.0 4.5551424
15 1939 3.0 3.9273114
15 1941 5.0 3.2696168
15 2182 3.0 3.8025095
15 2202 2.0 4.164727
15 2398 3.0 3.4619706
15 2525 4.0 2.492869
15 2633 5.0 3.125531
15 2648 5.0 3.9248626
15 2747 3.0 3.1532884
15 2867 4.0 4.462979
16 608 4.0 3.769397
16 7 4.0 3.2790022
16 804 5.0 4.4511456
17 830 0.5 1.1215372
17 1186 0.5 3.4705062
17 2359 1.0 2.4362545
17 107 3.5 2.47882
18 50 5.0 5.0
18 296 5.0 4.181277
18 2762 4.5 5.0
18 3000 4.0 4.086092
18 3987 5.0 2.2047622
18 5878 4.5 4.0854406
18 30749 5.0 4.7077217
19 50 4.5 4.0888762
19 318 3.5 3.8776743
19 47 4.5 3.4264665
19 173 2.0 3.4117723
19 370 3.5 3.3694894
19 151 4.0 4.527296
19 6870 4.0 4.032925
19 3081 3.5 2.9989963
19 5378 4.0 3.7302666
19 44199 3.5 3.4375174
20 1304 4.0 2.7486804
20 2174 3.5 3.8682914
20 6874 2.5 4.068587
21 32 4.0 3.8598742
21 648 4.0 3.2133048
21 783 3.0 5.0
21 25 4.0 4.6950045
21 141 5.0 4.5306334
21 653 4.0 1.6519334
21 832 5.0 4.058186
22 44 0.5 4.158177
22 2699 2.5 3.622572
22 1367 1.5 4.5608544
22 3988 1.5 5.0
22 35836 5.0 3.3094642
22 1345 5.0 4.3184
22 2023 0.5 3.7693434
22 41571 4.5 4.232154
23 474 4.0 3.620679
23 480 5.0 3.4518049
23 648 5.0 2.8882341
23 1129 3.0 3.8812127
23 1259 4.0 3.931946
23 2003 4.0 2.9308484
23 2571 4.0 4.766854
23 2701 3.0 2.481258
23 153 2.0 3.2893496
23 2617 5.0 2.2154553
23 2455 4.0 4.4393473
23 4008 1.0 4.42896
23 2719 3.0 3.0307684
23 196 4.0 2.9741986
23 204 4.0 3.4216623
23 208 4.0 1.9044868
23 344 2.0 2.9274228
23 380 5.0 3.165903
23 2699 5.0 3.722856
23 253 2.0 3.2341464
23 327 4.0 3.8727188
23 2710 5.0 3.0270975
23 1562 3.0 4.074366
23 1973 4.0 4.7071877
23 1974 4.0 3.532919
23 2241 3.0 3.3310163
23 2614 1.0 3.8985546
23 2792 4.0 3.0534868
23 2903 3.0 2.2104719
23 3354 3.0 3.544094
23 4002 4.0 4.7977796
24 780 1.0 3.678746
24 377 3.0 5.0
24 144 4.0 5.0
24 288 3.0 3.8740623
24 991 4.0 4.116353
24 1425 4.0 3.6738703
25 2713 3.0 2.9119973
25 2739 4.0 4.2666583
26 208 3.0 2.4595141
26 292 3.0 3.7979832
26 587 3.0 4.2457976
26 225 3.0 3.689051
27 1580 4.5 3.7811518
27 2003 4.5 3.1112466
27 2791 4.0 4.356965
27 34 3.0 4.2067585
27 1035 3.0 3.8084452
27 58559 5.0 3.93704
27 1223 3.5 4.1640935
27 6874 5.0 3.7711382
27 27706 4.0 2.5666304
27 2004 2.5 4.2141194
27 3264 4.0 2.9838674
27 3438 4.5 3.2948086
27 4351 3.5 3.602801
27 42094 5.0 3.2027588
27 54995 4.5 2.3571525
27 64285 4.0 3.5015
28 1278 4.0 3.4258447
28 1356 2.0 3.0050354
28 1372 2.0 3.3200216
28 1682 3.0 3.7211094
28 2628 2.0 3.2647374
28 2289 5.0 3.5976849
28 1371 1.0 3.5703535
28 1779 2.0 4.796146
28 2393 2.0 3.7370567
29 750 5.0 3.9522905
29 1200 3.0 5.0
29 1208 5.0 4.2894087
29 1270 3.0 3.0570977
29 2728 5.0 3.9960573
29 1096 4.0 3.7922692
29 910 4.0 4.6227617
29 2023 4.0 4.8869357
29 1292 4.0 4.0917273
29 1541 5.0 3.4603078
29 2312 4.0 3.403879
29 2857 5.0 3.0901432
29 3196 4.0 3.6900046
29 3236 4.0 4.592865
29 3712 4.0 3.1964366
30 432 4.0 4.479416
30 266 5.0 3.5425498
30 595 5.0 3.354452
30 122 4.0 5.0
30 150 5.0 3.6316776
30 196 5.0 3.660014
30 208 4.0 3.4124675
30 282 5.0 3.1661088
30 293 3.0 4.231485
30 315 4.0 3.4492538
30 344 5.0 3.2534502
30 410 4.0 4.163275
30 434 4.0 2.8725965
30 586 2.0 2.6070685
30 529 4.0 3.0380073
30 508 3.0 4.134619
30 490 3.0 4.5004377
31 110 3.0 2.157666
31 593 4.0 3.9111483
31 608 5.0 4.3761725
31 1073 4.0 2.5844247
31 1092 4.5 0.9152315
31 1199 4.0 2.0351002
31 1206 4.5 2.8910267
31 1208 5.0 4.727037
31 1219 4.0 5.0
31 1221 5.0 3.2132177
31 1227 5.0 2.6119857
31 1240 3.0 4.399463
31 1261 4.0 4.0163193
31 1278 4.0 5.0
31 1287 3.0 2.9358115
31 1372 2.0 3.0407355
31 1376 0.5 3.7631004
31 1394 5.0 2.7717786
31 1617 4.0 1.2132766
31 1625 3.5 2.7915447
31 1627 1.5 1.0537702
31 1645 1.0 3.125008
31 1689 0.5 3.3416004
31 1732 3.5 2.1676152
31 1953 5.0 3.3856027
31 2011 3.0 1.0870178
31 2028 2.0 3.8758757
31 2268 2.0 1.1074173
31 2401 2.0 2.6240275
31 2922 3.0 1.1908889
31 2968 5.0 3.5085068
31 3018 4.5 3.4830945
31 3682 3.5 5.0
31 3702 3.5 1.980077
31 3839 4.0 4.004612
31 3917 4.0 2.5431771
31 4043 3.0 0.69810146
31 4105 3.5 5.0
31 736 2.0 2.6930091
31 953 3.0 3.2843223
31 1275 0.5 2.86321
31 2067 4.0 5.0
31 899 3.0 2.477136
31 1024 0.5 2.6301916
31 1031 3.0 3.3243034
31 1035 0.5 0.5
31 1059 2.0 5.0
31 180 0.5 4.915564
31 316 3.0 1.8557636
31 782 4.0 3.6779783
31 908 3.0 2.5694816
31 2395 5.0 3.210248
31 2455 5.0 5.0
31 2997 3.0 5.0
31 3398 3.0 1.5302044
31 3897 3.0 2.4497468
31 3949 4.0 1.504082
31 4902 4.0 3.1154928
31 10 2.0 0.5
31 11 0.5 5.0
31 44 0.5 5.0
31 344 0.5 4.184779
31 370 1.0 2.9204752
31 471 4.5 4.2402587
31 516 0.5 1.2991165
31 733 4.5 3.4592037
31 1370 1.0 2.0940351
31 1552 0.5 2.8394198
31 1608 3.0 0.7790133
31 2628 2.0 1.748041
31 2918 3.0 1.6702089
31 3418 0.5 4.3199863
31 300 4.0 4.4578986
31 446 0.5 2.784616
31 2108 3.0 1.9384379
31 2174 2.0 4.439992
31 2231 3.0 1.6213015
31 2359 3.0 1.2755363
31 2502 4.0 2.2824328
31 2890 4.0 3.2231576
31 3108 4.0 4.0984764
31 3361 5.0 3.0197716
31 3396 4.0 3.5694346
31 3751 3.0 3.1929858
31 4226 4.0 3.686586
31 4855 5.0 1.3753185
31 5349 2.0 3.4904573
31 5418 4.0 0.98611873
31 5673 4.5 3.1028554
31 6333 3.0 5.0
31 6807 4.5 2.6236374
31 6870 4.0 4.0293207
31 30810 4.0 4.4909935
31 32587 3.5 2.0295131
31 673 0.5 4.500945
31 912 4.5 2.191921
31 965 3.0 2.1306489
31 2761 4.0 0.84251773
31 4896 0.5 3.6555617
31 904 1.5 3.9385192
31 1212 5.0 4.031034
31 1260 4.0 2.8433642
31 2010 4.0 2.89969
31 2398 0.5 3.3792472
31 327 0.5 3.6666687
31 5878 5.0 1.3022516
31 3948 1.0 1.2864993
31 5630 0.5 4.0658503
31 3105 0.5 3.0227194
31 2505 0.5 5.0
31 2662 0.5 4.994599
31 1339 1.0 1.3020372
31 1544 2.0 2.8392136
31 1251 4.0 2.5156431
31 216 3.0 5.0
31 42 3.5 5.0
31 88 0.5 3.4336412
31 101 4.5 4.3893495
31 159 4.5 3.6788623
31 326 2.0 3.8058512
31 394 4.0 2.6536617
31 424 5.0 4.4337635
31 429 4.5 5.0
31 507 3.0 2.6222043
31 1013 0.5 3.0189106
31 1076 3.0 3.2686045
31 1114 3.5 4.546819
31 1167 0.5 3.252208
31 1189 5.0 5.0
31 1216 0.5 1.9750301
31 1222 5.0 0.56950027
31 1681 0.5 3.9232347
31 1699 4.5 5.0
31 1711 4.5 3.2903664
31 1729 5.0 4.961211
31 1788 4.0 4.2474513
31 1809 4.0 2.6968133
31 1912 4.5 2.8484354
31 1916 5.0 3.7475393
31 1998 4.5 3.146093
31 1999 2.0 4.1319203
31 2015 0.5 5.0
31 2022 4.5 3.8017478
31 2033 0.5 3.0484507
31 2064 4.0 1.6838905
31 2095 0.5 1.4556096
31 2109 2.0 2.3489237
31 2116 4.0 0.71362823
31 2126 1.0 3.8026161
31 2170 1.0 3.2770743
31 2195 3.0 3.914134
31 2328 4.0 3.1160097
31 2372 2.0 3.0892267
31 2399 0.5 4.5241017
31 2456 2.0 3.8363054
31 2458 1.0 3.1877458
31 2517 3.0 5.0
31 2598 1.5 3.4994829
31 2694 0.5 2.6521692
31 2726 5.0 3.2974083
31 2803 2.0 5.0
31 2819 3.0 4.805015
31 2847 5.0 4.300153
31 2926 4.0 2.6071544
31 2936 3.0 2.880678
31 2991 2.0 3.4796515
31 3006 4.0 3.2992103
31 3007 5.0 5.0
31 3019 4.5 2.113617
31 3028 0.5 1.5162148
31 3093 4.5 2.7046258
31 3301 0.5 5.0
31 3535 3.0 2.294706
31 3546 5.0 0.72800136
31 3587 1.5 4.1257854
31 3593 0.5 2.9712014
31 3627 3.0 1.6636984
31 3633 3.0 4.0009575
31 3658 3.5 4.4812255
31 3683 3.5 2.7835326
31 3685 4.0 2.5830107
31 3693 0.5 1.533095
31 3698 1.0 4.206309
31 3728 4.5 2.011398
31 3740 4.5 4.6558204
31 3745 1.0 1.8798227
31 3871 0.5 5.0
31 3872 4.5 4.6087193
31 3925 5.0 1.0837914
31 4025 0.5 5.0
31 4146 4.0 2.3691583
31 4155 0.5 5.0
31 4210 3.0 1.0629975
31 4215 0.5 4.0619807
31 4223 0.5 5.0
31 4228 1.0 3.0987353
31 4426 5.0 3.1687863
31 4624 0.5 3.9057112
31 4654 3.0 4.089026
31 4683 0.5 3.7972171
31 4720 2.0 1.1859723
31 4728 3.0 1.5315834
31 4734 0.5 2.0019274
31 4735 4.5 3.2185884
31 4846 3.0 4.283477
31 4852 2.0 4.4645467
31 4857 3.0 3.4867632
31 4889 5.0 3.2078452
31 4941 4.0 5.0
31 4947 3.0 4.0307055
31 4954 3.0 5.0
31 4957 3.0 4.5154824
31 5093 0.5 0.51820374
31 5152 2.0 1.5131128
31 5219 3.0 4.8024626
31 5235 3.0 2.4624276
31 5340 0.5 0.5
31 5435 2.0 4.7111216
31 5449 3.0 3.219219
31 5451 1.0 2.6370492
31 5478 3.0 3.5733056
31 5522 4.5 4.2232347
31 5605 4.5 3.9612827
31 5663 4.0 5.0
31 5666 2.0 5.0
31 5872 2.0 2.7686954
31 5876 2.5 4.828796
31 5881 2.0 3.0334861
31 5908 4.5 1.3657105
31 5956 4.0 2.7806668
31 5961 5.0 3.1860511
31 6021 3.0 1.9754422
31 6062 3.0 1.8454309
31 6132 5.0 4.2295556
31 6220 3.0 4.493288
31 6260 0.5 5.0
31 6356 4.0 4.0713882
31 6429 4.5 2.2325854
31 6448 4.5 3.8913612
31 6586 2.5 2.6153576
31 6595 3.0 2.6086073
31 6676 4.0 4.5628986
31 6754 0.5 3.9344893
31 6764 2.5 1.1763861
31 6880 2.0 5.0
31 6957 4.0 2.67002
31 7022 3.5 2.2907972
31 7027 3.5 3.8499756
31 7029 5.0 3.4395373
31 7032 4.5 3.4453795
31 7307 5.0 5.0
31 7325 3.5 5.0
31 7335 5.0 3.218287
31 7348 5.0 2.2635925
31 7387 5.0 3.5703814
31 7391 1.5 2.5923817
31 7586 5.0 3.6547675
31 7817 4.0 5.0
31 7895 5.0 3.2797053
31 8141 4.0 2.566507
31 8253 5.0 4.04795
31 8491 5.0 3.6917603
31 8595 4.0 3.9748106
31 8746 4.0 4.0041685
31 8790 5.0 2.0406318
31 8798 5.0 4.1428604
31 8846 3.5 4.3925858
31 8947 4.0 3.5904331
31 26152 4.0 4.4124284
31 26547 4.0 4.557242
31 26603 3.0 2.839281
31 26713 4.5 2.757788
31 26840 5.0 4.388226
31 33171 5.0 3.5202205
31 33493 5.0 4.4376245
31 40959 4.0 4.2269316
31 41863 4.5 3.7561266
32 1214 0.5 4.1751103
32 1304 3.5 4.269046
32 2001 3.5 4.5009165
32 2571 4.0 3.899917
32 2716 3.5 3.8325727
32 4085 4.0 2.8884234
32 1377 3.5 4.1860747
32 3408 4.0 3.8706315
32 236 3.5 3.6720228
32 920 2.0 4.9045525
32 934 3.5 4.355701
32 4306 5.0 4.157552
32 6565 4.5 3.837144
32 852 3.5 3.8695965
32 5445 3.5 3.9995518
32 6539 3.5 3.6642532
32 1784 3.0 4.318306
32 5459 3.5 3.843646
32 1367 2.5 3.8117528
32 4246 3.5 4.010439
32 3034 4.0 2.9910846
32 4857 3.5 3.9936154
32 3310 4.0 3.9399545
32 6708 4.0 3.833564
32 6936 2.5 3.6143205
32 7161 3.5 3.1073008
33 158 4.0 3.1345427
33 1148 2.5 5.0
33 2699 3.5 2.7865388
33 6539 4.0 3.3243382
33 3977 4.5 3.5750134
33 35957 2.5 2.918081
34 432 3.0 3.7810588
34 590 4.0 3.1391525
34 592 3.0 3.293301
34 2 3.0 3.4172058
34 62 4.0 3.0689132
34 161 3.0 2.5952358
35 588 3.0 3.6099098
35 2353 3.5 3.9727697
35 70 3.5 4.119953
35 6957 4.0 2.968667
36 50 4.0 3.7936018
36 110 5.0 2.5514543
36 590 4.0 1.9118512
36 1196 3.5 1.4426248
36 1198 2.5 1.8424078
36 1617 3.0 3.3778384
36 2571 5.0 3.8391984
36 2858 3.5 2.0687213
36 1380 3.5 3.960669
36 1246 4.0 5.0
36 1961 3.5 2.6790488
36 4306 2.0 3.2819672
36 6942 4.0 4.6228266
36 2762 5.0 2.5106297
36 1 2.5 3.0050886
36 357 3.5 3.8822095
36 1393 3.0 2.56437
36 1408 4.0 1.7932979
36 1674 3.0 3.6760175
36 1682 2.5 4.3102217
36 1343 2.5 2.424241
36 1704 4.0 3.5121598
36 3751 3.0 3.3866043
36 5445 4.5 4.2624393
36 5679 3.0 2.3737519
36 5782 2.0 2.5295818
36 6333 2.0 2.501835
36 8665 4.5 3.7231085
36 2355 2.5 2.826574
36 3114 2.5 4.2702417
36 4963 4.0 3.2198114
36 6377 3.0 3.461488
36 8360 2.5 3.7998128
36 832 3.5 2.83438
36 1027 2.0 2.7617316
36 4995 4.5 2.3793578
36 628 2.5 2.7144845
36 4734 1.0 3.710914
36 7254 2.5 2.527318
36 4328 2.0 3.142751
36 4508 3.5 3.0423844
36 5991 3.0 2.0286207
36 8784 2.5 2.8246362
36 8957 3.5 2.7733192
36 34048 5.0 2.1444192
37 110 5.0 4.741017
37 457 3.5 4.692194
37 527 5.0 3.0363195
37 1136 5.0 3.4854784
37 1580 4.5 3.9824116
37 500 3.5 3.422492
37 5218 4.0 3.0850632
37 5299 3.5 2.4174182
37 356 5.0 3.457575
37 2762 4.0 3.8401604
37 150 4.5 4.187054
37 586 3.5 2.03022
37 2918 4.5 4.0674443
37 5349 4.0 3.5359678
37 5418 3.5 4.2634583
37 5445 4.5 3.41455
37 6333 3.5 4.7006083
37 8368 4.0 3.773672
37 104 3.5 3.5058382
37 2042 4.0 3.6580405
37 5995 4.0 3.0285003
37 4995 5.0 3.8029468
37 63082 3.0 4.3698554
37 49272 4.5 3.4320743
37 1927 2.5 4.0378203
37 5816 3.5 3.3550222
37 34162 4.5 3.4940038
37 45722 3.5 3.2456355
37 48780 4.0 4.285549
37 68157 4.0 4.2074466
38 2959 5.0 4.337028
38 6333 4.0 2.9418855
38 7361 5.0 3.8712244
38 1882 3.5 2.4764926
38 2746 4.0 3.4066925
38 54995 5.0 4.805225
38 7254 4.0 3.9800658
38 48774 4.5 3.3091512
38 5903 4.5 4.624208
38 51709 4.5 2.5291753
38 62956 4.5 3.6692479
39 32 4.0 2.3421848
39 50 3.5 2.7882233
39 527 3.0 4.3011227
39 1036 5.0 1.1632242
39 1198 4.0 1.2760017
39 1200 1.5 3.7338688
39 1210 3.5 3.759895
39 1291 2.5 2.5385756
39 1527 3.0 4.05498
39 1965 4.5 2.8174858
39 2009 3.0 5.0
39 2011 4.0 0.5
39 2028 1.5 4.373595
39 4085 2.0 3.827695
39 2294 0.5 2.0338647
39 60069 4.0 3.1045773
39 89745 0.5 2.3924565
39 90405 1.0 2.4412072
39 1213 1.0 3.4195106
39 4855 4.0 2.5142193
39 7361 3.5 3.531396
39 1193 1.0 4.4342465
39 50872 4.0 4.90865
39 68954 4.0 1.9908973
39 3264 3.0 1.5211775
39 71530 3.5 4.5272574
39 86880 3.0 3.8858962
39 96610 4.0 3.552548
39 103228 0.5 4.586422
40 260 3.5 4.8508167
40 1197 3.5 3.7866285
40 1240 3.0 3.392508
40 1258 2.5 3.2859945
40 2571 3.0 4.7878284
40 2987 4.5 3.8024404
40 5218 3.0 2.9229078
40 1029 3.0 2.1779144
40 1031 3.5 3.4157696
40 783 3.0 3.2340379
40 5952 5.0 3.920622
40 6711 4.0 4.0849133
40 6863 4.0 2.529268
40 2719 4.0 2.202569
40 2762 3.5 4.059988
40 80615 4.0 3.5223227
40 81417 2.0 3.5419672
40 91529 4.0 3.7754579
40 92422 2.5 2.1494548
40 106002 3.0 3.839081
40 107436 1.0 3.6779552
40 150 3.5 3.692093
40 616 3.0 4.7757225
40 2918 4.5 4.3909736
40 223 4.0 3.8985953
40 1148 3.5 5.0
40 3751 3.0 4.4388185
40 5989 3.5 3.5435078
40 6333 4.0 3.531405
40 7361 4.0 3.6739252
40 919 4.0 3.4246395
40 1566 3.0 3.0112936
40 1588 3.0 3.4545362
40 3114 3.0 4.341569
40 4308 3.5 4.336743
40 8641 5.0 3.679203
40 30793 5.0 3.8639448
40 56367 5.0 2.8253791
40 68269 4.0 3.619943
40 72226 5.0 3.2052503
40 253 4.0 3.404136
40 671 2.5 4.119677
40 5995 4.5 3.0538468
40 6016 4.0 3.876794
40 45728 4.0 2.1548882
40 1544 2.5 4.460689
40 1882 3.5 4.168504
40 64957 4.0 2.589786
40 2335 2.0 3.3698945
40 101 3.5 3.252877
40 1025 3.0 3.2336054
40 1676 3.5 4.106367
40 2089 3.0 3.1901863
40 2143 4.5 2.8873508
40 6820 4.5 4.0841565
40 7347 4.0 3.7461627
40 7373 3.0 4.3830976
40 33004 3.5 2.455341
40 33679 3.0 3.6748528
40 53996 3.5 2.7462003
40 8970 4.0 3.524599
40 52328 5.0 3.4299428
40 78499 4.0 3.1864302
40 1126 3.0 2.8270557
40 2687 3.5 3.3898928
40 2893 4.5 2.9013255
40 4367 2.5 4.1450505
40 4446 4.0 3.7646255
40 6952 3.0 4.925067
40 7458 3.5 3.1831222
40 8019 4.5 3.9956646
40 8376 1.0 3.7978828
40 31184 3.0 4.483855
40 33779 3.0 2.9524815
40 37380 3.0 4.1215115
40 45447 3.0 3.7743807
40 46970 3.0 3.306137
40 47629 3.0 3.7458265
40 48043 2.0 4.474069
40 48738 4.0 3.6754467
40 58998 4.5 2.798838
40 63113 3.0 4.3199964
40 63433 5.0 3.4013004
40 64575 3.0 2.83737
40 68952 4.5 3.2094533
40 76251 4.5 3.6654994
40 77427 3.5 3.3052564
40 77800 4.0 3.328501
40 80846 2.0 3.5998347
40 81591 3.5 3.7185369
40 82459 3.5 4.1421065
40 89864 4.0 3.7051706
40 91500 4.0 3.68316
40 94864 1.5 3.4119966
40 95510 4.0 3.2791803
40 97701 3.5 4.42252
40 99112 3.0 2.474464
40 99149 3.0 3.3092837
40 100810 4.0 3.1693685
40 103306 4.0 4.3607507
40 110102 4.5 3.4324844
41 2081 5.0 4.9358077
41 2096 4.0 2.5146642
41 919 5.0 4.503943
41 1688 4.0 4.7409987
41 2657 4.0 4.992722
41 609 4.0 3.309886
41 2083 5.0 2.3627014
42 329 3.0 4.311326
43 318 5.0 4.6478715
43 593 4.0 3.783886
43 153 3.0 3.364217
43 588 2.0 3.474477
43 532 3.0 4.5196967
44 318 4.5 4.72157
44 590 4.0 3.6082718
44 608 4.5 4.7742686
44 1197 4.0 3.5308435
44 1220 3.5 3.6927016
44 1580 3.5 3.9292505
44 2194 3.5 3.9711773
44 2916 4.0 3.14083
44 3578 4.0 4.1241293
44 552 3.5 3.7706993
44 2302 3.5 3.4351444
44 2997 4.0 2.9986527
44 3160 4.0 4.2697997
44 51662 3.5 3.2306302
44 97913 3.5 4.1936727
44 196 3.0 3.5793128
44 3448 3.0 4.209793
44 3751 4.5 4.0046897
44 4034 4.0 4.2058196
44 4979 4.0 4.3452983
44 6333 4.0 3.1094031
44 1784 3.0 4.035592
44 903 4.0 3.2750483
44 912 4.5 4.553254
44 50872 4.0 2.8684273
44 63859 3.5 4.749232
44 76093 4.0 4.0741553
44 2657 5.0 4.235272
44 4878 5.0 4.109247
44 71535 3.5 4.0978227
44 71530 3.0 2.672545
44 91658 4.5 4.253056
44 96079 4.0 4.0804005
44 31658 5.0 5.0
44 61240 4.5 4.4891415
44 87232 5.0 3.7888942
44 44665 4.0 3.5623982
44 67255 4.5 3.1635396
44 80489 3.5 3.9697673
44 84392 4.0 3.8212955
45 318 5.0 4.897792
45 750 4.0 3.8548312
45 924 5.0 4.1146183
45 1097 4.0 4.2773952
45 1198 4.0 4.2737246
45 1210 4.0 3.6398647
45 1219 5.0 3.9142187
45 1252 5.0 4.761928
45 1265 3.0 3.105121
45 1266 4.0 3.5748918
45 1278 4.0 3.1063404
45 1291 4.0 3.493093
45 1321 5.0 4.2367954
45 1347 4.0 3.7486699
45 1358 4.0 4.4220786
45 1387 4.0 3.6163902
45 1500 5.0 3.8727179
45 1527 3.0 3.121872
45 1805 2.0 3.784962
45 2001 4.0 3.5752058
45 2076 5.0 2.9163105
45 2118 3.0 3.0058985
45 2478 3.0 3.1063452
45 2571 3.0 4.610265
45 2716 2.0 3.247521
45 2916 5.0 3.2794933
45 2947 4.0 3.545422
45 3703 5.0 2.9720166
45 4085 4.0 3.3748171
45 1101 3.0 3.0216928
45 2384 5.0 4.6584105
45 2396 5.0 4.519416
45 3623 3.0 3.4838436
45 265 4.0 3.91501
45 1022 4.0 3.7076564
45 1029 5.0 4.095714
45 1968 5.0 3.222364
45 2038 3.0 3.3796577
45 2080 4.0 3.1168206
45 2087 5.0 4.497901
45 2762 4.0 3.5238898
45 21 3.0 2.9341304
45 293 3.0 3.9387498
45 509 5.0 4.2637424
45 616 5.0 4.114956
45 36 4.0 3.938527
45 529 4.0 3.567626
45 1090 5.0 3.41439
45 1722 4.0 3.0528772
45 2763 4.0 3.880367
45 3198 5.0 3.879934
45 25 4.0 4.089013
45 194 4.0 4.8804035
45 235 4.0 4.5003967
45 314 3.0 4.1432524
45 1095 3.0 4.027968
45 1080 5.0 4.1896963
45 1120 4.0 3.8201246
45 1704 4.0 3.9444637
45 1885 2.0 2.4140384
45 3751 4.0 4.0289087
45 1566 3.0 3.924247
45 1588 4.0 4.461213
45 1967 4.0 4.8111734
45 2355 4.0 4.479894
45 247 4.0 3.6100109
45 253 3.0 3.6190586
45 327 3.0 4.072022
45 3081 4.0 4.6166863
45 1590 2.0 4.2843547
45 2671 4.0 3.8851075
45 610 3.0 3.7147462
45 1207 5.0 4.04762
45 1603 3.0 2.3875597
45 1649 5.0 3.2300823
45 2282 4.0 4.5983925
45 2926 1.0 3.254338
45 3593 1.0 4.127807
45 4103 5.0 4.231504
45 1298 5.0 3.168563
45 1962 3.0 3.4367242
45 2336 4.0 4.3273005
45 4016 3.0 3.8098478
45 271 4.0 3.361345
45 627 5.0 3.779138
45 994 5.0 3.5867548
45 1111 5.0 3.315521
45 1119 3.0 3.3055441
45 1211 4.0 4.1947746
45 1392 3.0 4.0078263
45 1466 4.0 4.081264
45 2146 2.0 4.020735
45 2148 3.0 3.1457136
45 2179 4.0 3.1837232
45 2243 3.0 2.7906122
45 2357 4.0 2.9016514
45 2390 4.0 3.6747444
45 2405 4.0 3.673902
45 2437 4.0 3.746788
45 2476 4.0 2.8703384
45 2642 2.0 2.980761
45 2690 5.0 3.458756
45 2808 1.0 4.027598
45 2872 4.0 1.7204713
45 3680 4.0 3.9399557
45 3972 4.0 2.8482494
46 1198 4.0 4.8810244
46 1356 5.0 4.2202086
46 2001 4.0 3.1795976
46 2167 4.0 4.1977925
46 273 4.0 2.6943884
46 3499 5.0 2.72996
46 3624 4.0 4.277678
46 3452 4.0 4.3399515
46 3511 3.0 4.4466467
46 3512 4.0 4.435189
46 3556 4.0 3.276895
46 3747 4.0 2.4145947
46 3785 4.0 2.9733484
47 480 4.0 4.2743244
47 10 3.0 3.1855698
47 150 4.0 4.413327
47 165 3.0 2.9994755
47 208 3.0 2.3826303
47 300 3.0 4.114947
48 780 5.0 4.024816
48 1200 5.0 4.3621006
48 1356 4.0 3.196527
48 1909 4.0 3.2941897
48 2012 5.0 5.0
48 2478 5.0 4.905533
48 2716 5.0 3.4265094
48 2791 5.0 3.2773004
48 3578 5.0 3.6510816
48 2 5.0 4.3057637
48 500 4.0 3.709241
48 1377 4.0 3.5365505
48 1923 4.0 3.7132895
48 2115 4.0 3.492671
48 356 4.0 2.9549994
48 377 5.0 5.0
48 1485 5.0 4.6669054
48 2054 4.0 5.0
48 785 4.0 4.4076385
48 2959 5.0 3.8334172
48 158 4.0 2.469924
48 196 5.0 3.751747
48 520 5.0 1.9835962
48 733 4.0 4.533124
48 1682 5.0 3.825442
48 2797 3.0 3.4378831
48 2699 3.0 3.08984
48 3098 3.0 3.1737523
48 3253 4.0 3.7546043
48 3396 3.0 4.534348
48 1064 3.0 3.4477005
48 1367 2.0 3.2982163
48 2085 3.0 3.1965737
48 2354 1.0 4.2536716
48 4896 5.0 2.8623075
48 671 5.0 4.275556
48 2428 4.0 4.2386065
48 2094 4.0 3.0554557
48 4718 5.0 4.474965
48 2706 5.0 3.4875412
48 2770 4.0 2.8647153
48 1015 4.0 3.169936
48 1017 4.0 4.584111
48 2015 3.0 3.3513863
48 3300 4.0 4.673654
48 4571 4.0 3.419609
48 4683 4.0 4.2498226
48 3310 4.0 3.7920375
48 4321 4.0 4.678753
48 4447 3.0 2.447856
48 575 3.0 3.4346929
48 1702 4.0 2.7783766
48 2005 4.0 3.8516107
48 765 4.0 3.0755043
48 818 3.0 3.3297055
48 870 1.0 2.4629285
48 1099 3.0 4.379951
48 1409 3.0 4.1611295
48 1731 3.0 3.1138105
48 1792 5.0 3.157582
48 1911 4.0 3.8946118
48 2036 3.0 3.907612
48 2162 3.0 2.906588
48 3054 3.0 3.701896
48 3113 4.0 4.9869637
48 3156 4.0 4.434708
48 3243 3.0 3.9599364
48 3254 4.0 3.4475806
48 3964 3.0 2.7900648
48 4090 4.0 4.625157
48 4502 3.0 3.3757703
49 1304 5.0 3.816039
49 785 4.0 2.4457169
49 2683 4.0 2.836919
49 2719 2.0 3.9438498
49 2959 5.0 2.7169302
49 381 3.0 5.0
49 2599 4.0 2.9544566
49 3219 3.0 2.205422
49 2702 3.0 2.8491297
49 4015 2.0 1.3306407
50 648 4.0 2.9881415
50 1092 4.0 4.0993595
50 3996 4.5 3.850071
50 4306 5.0 2.9755254
50 1088 2.0 3.5665727
50 6539 5.0 3.785199
50 3988 4.0 3.6518698
50 273 3.0 3.1697829
50 1320 5.0 3.0280972
50 3175 3.0 4.1534386
50 4161 4.5 4.829187
50 4370 3.0 2.8606381
50 4447 2.0 2.0801272
50 4270 4.0 3.610859
50 3287 4.0 4.2897744
50 3157 4.5 5.0
50 2539 2.5 5.0
50 2618 3.5 2.6431592
51 648 3.0 3.683115
51 1073 3.0 3.564773
51 1206 5.0 4.576448
51 1270 5.0 3.7553163
51 1625 5.0 2.5381706
51 2542 5.0 4.392187
51 2858 5.0 3.7485292
51 3996 5.0 3.8503015
51 708 3.0 3.6501815
51 1014 2.0 3.4998107
51 1059 4.0 4.461679
51 1282 2.0 3.1768157
51 1968 5.0 2.5594378
51 1961 5.0 3.4435923
51 3897 4.0 3.2980285
51 36 4.0 2.448458
51 2918 5.0 3.4821208
51 1060 3.0 5.0
51 903 3.0 4.302106
51 5225 5.0 3.9092116
51 919 3.0 4.2281437
51 1907 3.0 3.1707802
51 4039 3.0 2.7731862
51 26 4.0 3.3466904
51 31 3.0 2.568686
51 1344 4.0 2.1860313
51 2428 1.0 2.3743143
51 2657 5.0 1.6965404
51 1831 1.0 4.079317
51 724 3.0 2.9197376
51 1345 5.0 2.9398727
51 2723 3.0 3.322225
51 1884 4.0 2.4580255
51 2137 5.0 3.9285986
51 4321 4.0 2.9379632
51 2541 4.0 2.3178008
51 662 3.0 3.4460607
51 4541 3.0 1.5455601
52 366 2.0 2.3704245
52 432 1.5 2.714536
52 1196 3.5 2.390502
52 1206 5.0 3.408802
52 1210 4.0 2.6648655
52 1215 3.0 1.7340002
52 1240 4.0 3.4957345
52 1270 4.0 2.6080394
52 1347 4.0 2.6683185
52 1374 4.5 3.5167463
52 2529 4.0 2.735363
52 2901 4.5 2.2406414
52 3471 4.0 2.8036983
52 3917 3.5 2.3238678
52 2617 2.0 1.4916748
52 908 4.0 1.9789393
52 2021 1.5 2.7322733
52 1350 2.5 3.3635814
52 5445 4.0 3.6541862
52 5459 3.5 3.474256
52 6502 3.5 3.725676
52 2428 1.5 2.0268133
52 2531 3.0 2.803827
52 382 1.0 2.15285
52 2710 3.0 3.7925441
52 2662 3.0 2.387863
52 1969 2.5 2.557393
52 1971 3.0 3.8294773
52 1975 2.5 3.0150912
52 2004 3.0 2.0835607
52 4754 5.0 2.588265
52 1779 3.0 1.450137
52 565 1.5 2.4738603
52 735 3.5 2.6011772
52 1327 3.0 2.4222255
52 1342 4.0 3.7721431
52 1676 2.5 4.108017
52 2315 2.5 2.5762875
52 2328 3.5 4.0112243
52 2459 4.5 3.1956992
52 2982 3.0 3.1959927
52 3013 2.5 2.794918
52 3652 4.0 4.1400294
52 3693 3.5 4.0107965
52 3892 3.5 2.503388
52 4518 2.5 3.4339216
52 4533 3.5 4.8515267
52 5254 2.5 4.1515493
52 5478 3.0 2.281835
52 6040 3.5 1.9191859
52 6290 3.0 3.0502665
52 6629 4.0 3.453809
52 6748 3.5 4.0385103
52 7492 2.5 2.0431309
52 8265 3.5 2.2239902
52 799 2.0 2.7462802
52 2338 3.0 2.496218
52 2107 2.0 1.4185404
52 76 1.0 2.7298725
52 152 3.5 3.2727916
52 606 3.5 3.7883291
52 1232 2.5 4.710685
52 1331 3.0 2.9952776
52 1336 1.0 3.1171331
52 1762 2.5 3.256694
52 1980 3.0 5.0
52 1989 2.0 3.5361395
52 2026 3.0 3.5130203
52 2451 2.0 3.1279585
52 2515 3.0 4.198744
52 2740 1.5 2.1463804
52 2853 2.0 4.113118
52 2868 3.0 5.0
52 2878 2.5 5.0
52 3490 3.0 3.4125657
52 3630 3.5 5.0
52 3663 1.0 3.8332245
52 3665 0.5 3.0007172
52 3694 2.0 3.594767
52 3732 2.5 3.468445
52 3934 3.0 3.2828612
52 3939 1.5 2.8984976
52 3942 2.5 3.1609273
52 4124 2.0 2.1296375
52 4266 2.0 3.3128374
52 4277 3.0 1.7907649
52 4514 1.5 3.0522156
52 4576 1.5 2.2679472
52 4618 1.5 1.496621
52 4652 2.5 4.1421204
52 4812 3.5 3.8431864
52 4931 2.5 3.595915
52 4944 3.0 4.0336823
52 5189 3.0 3.411704
52 5205 2.5 4.665248
52 5311 4.0 2.3633506
52 5569 1.0 2.6877391
52 5588 3.5 3.8200512
52 5592 2.0 4.32879
52 5640 3.0 3.2262073
52 5697 3.0 4.534766
52 5735 0.5 2.4976065
52 5749 2.5 3.838197
52 5755 3.0 2.2285116
52 5918 4.5 3.4740958
52 6063 1.5 4.4420214
52 6406 2.0 4.661154
52 6574 1.0 1.7439017
52 6639 3.0 4.8317566
52 6665 1.5 5.0
52 6803 4.0 3.1215222
52 6996 1.0 3.7224102
52 7036 1.0 3.757557
52 7117 2.0 3.0435674
52 7118 3.5 2.7909255
52 7202 2.5 4.3418827
52 7449 2.5 5.0
52 7481 3.5 3.3769631
52 7561 3.0 5.0
52 7646 2.5 3.87619
52 7827 4.0 3.0458765
52 8035 4.0 4.301708
52 8092 2.0 2.2139902
52 8482 2.0 3.1673503
52 8778 2.5 2.7254295
52 8855 1.0 3.6453116
52 8886 2.5 4.2071834
52 31026 1.0 4.58487
52 31424 2.5 2.7787218
53 2683 4.0 3.7293525
53 2722 3.0 1.1614621
53 3203 3.0 5.0
53 3717 1.0 0.88248223
53 2541 2.0 2.9531868
53 3986 3.0 0.5
53 612 3.0 5.0
54 318 5.0 3.6743424
54 1136 1.5 1.6323801
54 1258 4.0 3.6288674
54 60684 1.0 2.5380368
54 150 2.5 3.8906465
54 2353 4.0 4.5363116
54 5418 4.0 4.3556027
54 5989 4.5 3.0525532
54 8874 5.0 3.2563632
54 56367 0.5 2.795294
54 27773 4.0 3.5271547
54 56174 4.5 2.971133
54 1233 4.5 2.3452263
54 3535 4.0 3.3171594
54 8253 3.5 2.8356476
54 48774 4.5 4.611587
54 26614 4.5 4.0522738
54 84152 4.5 4.102394
54 3263 4.0 3.5559042
54 6371 0.5 4.99694
54 49530 5.0 3.888546
54 67508 4.5 5.0
54 84601 4.5 4.4737697
55 527 5.0 4.5148263
55 2858 5.0 4.603096
55 3168 5.0 2.8023355
55 1947 5.0 4.9322248
55 1132 5.0 3.5059285
55 1537 5.0 5.0
55 1193 5.0 4.849909
55 1367 5.0 5.0
55 1233 5.0 4.6304474
55 307 5.0 3.8943927
55 262 5.0 4.1127553
55 1952 5.0 3.785219
55 2899 4.0 3.6629386
55 4427 5.0 3.082875
55 4921 4.0 5.0
56 1262 5.0 3.8728962
56 1358 4.0 4.65264
56 2028 4.0 4.029893
56 899 5.0 3.524121
56 912 4.0 4.1819077
56 2132 2.0 3.9623694
56 2400 4.0 4.9228635
56 2506 2.0 4.5216746
57 1378 3.5 3.2133226
57 1610 3.5 2.9541142
57 4993 4.0 4.901485
57 3360 3.5 3.1135557
57 6893 4.5 2.949897
57 933 2.0 3.428792
57 6947 4.0 2.8081715
57 54286 4.0 3.6078324
57 27808 4.5 3.2147932
58 608 3.0 3.6928287
58 17 4.0 3.264068
58 1552 4.0 3.9811559
58 661 3.0 4.134075
58 1544 4.0 3.5785928
58 1541 5.0 3.7872043
58 100 4.0 2.990891
58 992 3.0 3.8062832
59 2194 5.0 2.1379395
59 4027 4.0 4.8901877
59 3879 3.0 3.7169142
59 4228 2.0 4.185644
59 425 4.0 3.5723932
59 3952 4.0 5.0
60 593 5.0 4.0744205
60 1198 4.0 4.277208
60 1252 4.0 3.8707006
60 2968 3.5 4.278947
60 908 5.0 4.483734
60 58559 4.0 4.046964
60 235 4.0 4.11335
60 2019 5.0 3.6624033
60 3911 4.5 3.4822705
60 7361 4.0 3.8093548
60 72226 4.5 3.4848778
60 2694 4.0 3.9081264
60 2905 4.0 3.5844114
60 3007 4.5 2.1854079
60 3030 4.5 3.8447354
60 3535 4.5 4.1602063
60 4007 4.5 3.3313048
60 5853 4.0 3.2835765
60 55118 4.5 4.0901012
60 2193 3.5 4.213192
60 3040 3.5 2.693811
60 51277 5.0 3.5829322
61 32 4.0 4.0706472
61 260 4.0 4.73159
61 471 4.0 3.4753017
61 587 3.0 3.045688
61 272 5.0 4.068952
61 376 3.0 3.166275
61 805 3.0 3.594198
61 41 5.0 3.7632492
61 247 3.0 3.9352458
61 802 4.0 3.8961453
61 43 5.0 3.878016
62 750 3.0 3.9365125
62 3578 1.0 4.2981596
62 3 0.5 2.9187477
62 265 4.0 3.6078913
62 1968 3.0 2.4191678
62 16 4.0 2.2637835
62 36 4.5 3.6620564
62 1682 1.5 2.8382847
62 25 3.5 3.94001
62 1079 3.0 3.2394495
62 435 2.0 3.8027456
62 1544 2.0 2.7433107
63 260 4.0 4.000129
63 541 4.0 4.917295
63 1097 4.0 4.388004
63 1220 3.0 3.5771523
63 1234 3.0 3.1728287
63 1242 3.0 3.7846496
63 1909 4.0 3.6675463
63 1965 3.0 3.807088
63 914 4.0 4.502384
63 1028 3.0 4.507624
63 1307 3.0 4.0999217
63 1246 3.0 3.3849242
63 1263 5.0 5.0
63 154 4.0 4.6758833
63 1078 3.0 3.8617775
63 1125 3.0 3.9931238
63 1193 4.0 4.8826127
63 1917 3.0 3.2649996
63 2013 2.0 3.4577336
63 1222 5.0 3.4166732
63 1298 4.0 3.0837939
63 1913 4.0 3.733646
63 1244 5.0 4.6335964
64 37386 3.5 4.9883504
64 68157 5.0 3.5350661
64 1753 3.0 3.2220998
64 8638 5.0 4.0788994
65 1200 4.0 2.9227116
65 51662 3.5 5.0
65 2505 3.0 3.3738384
65 3841 2.5 2.7103312
65 53000 4.0 2.2760983
65 37 4.5 2.9467134
65 1352 3.5 4.213905
65 61948 3.0 4.8171034
65 80350 0.5 1.8564262
65 80502 3.5 4.8088646
66 590 5.0 3.784254
66 153 2.0 4.5361633
66 48 2.0 2.6650832
66 316 3.0 4.2382336
66 47 5.0 3.19193
66 112 5.0 4.018958
66 158 2.0 3.4823587
66 165 5.0 2.8344524
66 204 3.0 3.3235674
66 293 4.0 2.9658074
66 485 3.0 4.531236
66 548 3.0 3.8901854
66 546 4.0 5.0
67 377 3.0 3.3855813
67 588 4.0 3.6034532
67 208 4.0 2.0728452
67 539 3.0 4.6462398
68 480 3.0 4.054777
68 1089 4.0 4.736967
68 1805 4.0 3.9177043
68 491 3.0 2.7191024
68 1682 4.0 2.6050382
68 1641 4.0 3.4848342
68 1885 4.0 2.2979405
68 2393 4.0 4.6031914
68 1233 5.0 3.6354103
68 1801 3.0 4.0244956
68 2324 4.0 3.481198
69 1196 5.0 5.0
69 1201 5.0 3.4668663
69 1219 5.0 3.9309773
69 1240 5.0 4.112485
69 1283 5.0 5.0
69 1997 5.0 4.127421
69 2268 3.0 4.2321124
69 5060 5.0 2.8713698
69 3996 3.0 3.6555638
69 914 5.0 5.0
69 915 5.0 4.4432817
69 2081 5.0 3.9953377
69 3503 5.0 4.65117
69 1411 5.0 4.094239
69 2628 2.0 3.9048285
69 3176 2.0 4.413147
69 1084 5.0 5.0
69 923 5.0 5.0
69 1103 5.0 4.4118905
69 1673 5.0 4.0114474
69 2019 5.0 4.039818
69 3671 5.0 3.9699085
69 3911 3.0 2.61213
69 4034 3.0 4.706267
69 912 5.0 5.0
69 1178 5.0 4.6137505
69 3089 5.0 4.564715
69 111 5.0 3.886007
69 2065 5.0 1.2429289
69 2731 5.0 4.3716216
69 1076 5.0 3.089585
69 1209 5.0 5.0
69 1222 4.0 4.8689284
69 1711 2.0 4.6633887
69 3546 5.0 5.0
69 4298 5.0 3.5034053
69 4370 3.0 1.8336074
69 1388 1.0 5.0
69 971 5.0 4.503394
69 1952 5.0 3.741384
69 4424 5.0 5.0
69 728 5.0 5.0
69 937 5.0 2.719877
69 2351 5.0 3.0046365
69 3134 5.0 5.0
69 3224 5.0 4.34849
69 3422 5.0 4.923203
69 3467 5.0 5.0
69 3950 1.0 4.7133036
69 4399 5.0 5.0
69 4529 5.0 1.5563014
69 6460 5.0 4.422765
70 32 4.5 3.7672615
70 50 5.0 4.800844
70 780 4.0 3.7199125
70 924 3.5 3.0138583
70 1089 4.0 3.3190994
70 1210 5.0 4.473573
70 1214 3.0 4.2016006
70 1259 5.0 4.3382983
70 1291 5.0 3.8861797
70 1396 4.5 3.6160161
70 1580 4.5 4.081408
70 1625 4.5 3.2801926
70 2011 2.5 4.911867
70 2571 5.0 3.9918187
70 3527 5.0 3.3684058
70 3702 3.5 4.070551
70 3703 5.0 3.2513561
70 349 4.0 4.2993045
70 2115 5.0 4.0587864
70 2291 4.0 3.9717207
70 2406 5.0 3.6395257
70 2617 4.0 3.7564113
70 830 4.0 3.5858994
70 62 4.0 4.5724516
70 1288 4.5 4.271919
70 3897 4.5 3.6723528
70 4973 4.5 3.7878988
70 6365 4.0 3.162099
70 6283 4.5 4.00202
70 47 4.0 3.9119852
70 165 4.0 2.9626954
70 1302 3.0 3.616043
70 2021 4.0 4.179396
70 2353 4.0 3.863553
70 2628 3.0 3.1831033
70 2918 5.0 4.4734035
70 3176 2.0 3.9807994
70 141 3.5 3.73438
70 1203 3.0 4.437819
70 1231 4.5 2.9517744
70 1704 4.5 4.5527167
70 4011 4.0 4.019911
70 7361 5.0 4.386165
70 2761 4.5 4.0348616
70 3114 4.0 4.2962823
70 2657 4.0 3.870279
70 1680 4.5 3.7558422
70 4878 4.5 3.426906
70 5378 3.0 4.0533004
70 2490 4.0 4.193157
70 70 5.0 3.5505862
70 1222 4.5 4.4263124
70 1884 3.5 3.898385
70 2140 5.0 3.3252425
70 2413 4.0 3.8994782
70 2730 3.0 3.5408955
70 3020 3.0 3.4797647
70 3300 4.0 3.8620746
70 3697 3.5 2.9597394
70 4734 4.0 3.5409067
70 8910 3.5 4.621627
70 30707 4.0 3.0747848
70 5903 4.5 3.9982293
70 3033 4.5 3.397754
70 2405 5.0 4.1836796
70 2572 4.0 3.5543058
70 2046 3.0 3.3403854
70 37857 5.0 2.7231033
71 2501 3.0 3.7753417
71 2792 0.5 3.094742
71 2567 1.0 4.106954
72 541 2.0 4.6732903
72 1196 2.0 3.9484513
72 1198 3.0 3.0127258
72 1259 4.0 4.832104
72 1266 4.0 2.3222136
72 1276 4.0 3.8350947
72 1407 3.0 2.4140563
72 1617 5.0 3.9302642
72 17 5.0 3.7981117
72 920 3.0 4.02232
72 923 5.0 4.5330815
72 1079 3.0 4.9939833
72 965 4.0 3.7652087
72 905 3.0 2.2050943
72 1267 4.0 3.1419628
72 800 4.0 4.3744454
72 1233 4.0 3.2414777
72 1788 3.0 2.8664436
73 32 4.5 4.055037
73 1275 4.0 2.7077549
73 2294 3.5 1.6035589
73 345 3.0 3.3275561
73 413 3.0 3.478014
73 7293 1.5 3.2105434
73 2329 3.0 4.4170327
73 4639 3.5 3.6253748
73 5810 2.5 4.2150955
73 35836 2.5 3.1755602
73 2105 4.5 4.0580273
73 1729 4.0 4.5151553
73 3155 3.5 4.605141
73 8810 2.0 1.7366047
73 4749 0.5 4.2270517
73 6287 2.0 4.6256604
73 31420 3.0 4.3822703
73 33085 2.0 4.201004
74 318 5.0 4.1624093
74 17 3.0 4.3927507
74 838 4.0 3.1743963
74 36 4.0 3.9175174
74 376 4.0 3.5624661
74 111 5.0 4.0902658
74 78 2.0 3.0586567
75 50 4.0 3.5760415
75 457 3.0 3.19822
75 480 3.0 3.4265623
75 492 3.0 3.3991408
75 608 3.0 2.9542668
75 1097 3.0 3.331648
75 1208 4.0 3.8581166
75 1210 3.0 2.752523
75 1347 3.0 2.9104333
75 364 3.0 3.7944152
75 1249 3.0 2.413407
75 224 3.0 3.21407
75 1282 4.0 2.9880986
75 316 2.0 2.5922358
75 783 3.0 2.7028084
75 1288 4.0 2.8202615
75 613 3.0 4.2332816
75 1 5.0 3.9539123
75 21 3.0 2.2039046
75 249 3.0 4.53197
75 293 4.0 3.6831193
75 410 3.0 4.589855
75 539 1.0 4.07241
75 616 3.0 4.3013144
75 36 5.0 3.9114413
75 1225 4.0 4.3147383
75 151 3.0 3.7291949
75 161 3.0 3.445271
75 235 5.0 3.6141815
75 1095 4.0 3.3891923
75 778 4.0 2.9342163
75 1079 2.0 3.1050296
75 1120 4.0 3.211797
75 1179 3.0 2.5373168
75 903 4.0 3.1861312
75 912 4.0 3.247202
75 906 5.0 3.8660665
75 922 4.0 4.1370854
75 1212 4.0 3.3837583
75 1267 4.0 4.222233
75 745 5.0 3.1963096
75 991 3.0 3.1778264
75 950 3.0 3.4476833
75 1011 3.0 2.9920626
75 1395 3.0 4.52781
75 82 5.0 3.7673054
75 538 3.0 3.9010377
75 1366 3.0 4.0377727
75 334 5.0 3.2581396
75 668 4.0 2.924488
75 30 3.0 3.7135062
75 851 4.0 3.00045
75 1151 3.0 3.7216601
75 1414 3.0 4.2072597
76 58559 4.0 3.6724
76 106072 2.0 3.1615126
76 112852 5.0 3.606924
77 527 4.5 4.1335316
77 589 3.5 3.979504
77 593 4.0 3.6635687
77 858 5.0 3.7831016
77 1210 3.5 4.133819
77 1573 4.0 2.8694663
77 2701 2.5 3.7505796
77 266 4.5 4.192453
77 914 4.5 4.305789
77 1307 4.5 3.5686195
77 4993 4.5 5.0
77 1263 4.5 4.519848
77 3418 4.0 4.0709167
77 446 4.5 3.7391403
77 1784 4.0 3.4065237
77 5995 4.0 3.2961028
77 2023 4.5 3.3281267
77 2442 4.0 4.281043
77 645 4.0 3.6934814
78 50 4.5 4.586032
78 750 3.0 3.6276145
78 1732 4.0 3.6879687
78 2076 2.0 3.4168143
78 3362 4.0 4.0901113
78 5218 3.0 3.669027
78 4973 5.0 3.9380572
78 6711 2.0 4.886119
78 6283 3.5 4.429681
78 8961 1.0 3.949191
78 80615 4.0 3.6874785
78 7256 5.0 3.759966
78 32587 5.0 4.198655
78 6377 4.5 3.3095958
78 38061 4.5 3.4352462
78 44195 3.0 4.2171407
78 46976 4.0 3.6886635
78 671 4.5 4.692074
78 8014 3.0 3.9655669
78 48516 3.0 4.985068
78 31410 1.0 3.7060194
78 44191 3.0 3.9224029
78 56174 3.0 3.7981591
78 741 2.5 4.2296815
78 3175 2.0 4.2962904
78 8917 2.0 3.6097429
78 40815 3.5 4.531096
78 48774 4.0 3.534888
78 68358 3.0 3.5847347
78 60161 4.0 4.6701756
78 31685 2.5 4.0428824
78 5608 2.5 4.2997484
78 5477 4.0 3.0260708
78 5690 3.0 3.1383655
78 7976 4.0 3.7337062
78 33162 2.5 2.7043507
78 33903 3.0 3.56985
78 36517 5.0 4.4602385
78 37853 4.0 3.5300567
78 53161 4.0 4.4843793
78 68347 4.0 4.1437054
78 72741 3.5 3.9422848
78 74553 5.0 3.794608
78 74668 4.0 4.269787
78 76173 4.5 4.656168
79 50 4.0 5.0
79 296 4.0 4.4555426
79 590 3.0 3.1433253
79 592 3.0 4.161085
79 858 5.0 3.8559284
79 924 5.0 4.1707582
79 1197 5.0 3.3836796
79 1220 4.0 4.047833
79 1617 3.0 4.060365
79 1748 1.0 2.0922465
79 2268 3.0 3.2882755
79 2478 3.0 2.6061494
79 2571 4.0 5.0
79 2985 1.0 4.011919
79 1101 3.0 2.9837584
79 1275 3.0 3.6907666
79 2115 3.0 3.9092937
79 2396 4.0 4.447058
79 1247 4.0 4.3146267
79 908 4.0 3.8756897
79 1246 4.0 4.9217277
79 47 4.0 4.1522245
79 1172 5.0 4.312295
79 1183 4.0 5.0
79 1060 5.0 3.6122587
79 1120 2.0 3.9164069
79 1641 3.0 5.0
79 1704 5.0 4.2687125
79 2413 3.0 4.4392486
79 2324 5.0 4.1016283
79 2872 3.0 1.9673976
79 1883 3.0 3.635208
79 2269 3.0 2.3259585
