1 260 5.0 3.9290633
1 480 4.0 3.8978028
1 608 5.0 4.6557918
1 924 2.0 4.3001995
1 1127 3.0 2.8068402
1 1130 3.0 3.6098166
1 1208 3.0 4.1181083
1 1214 3.0 4.831217
1 1221 5.0 3.6892545
1 1262 4.0 3.6369731
1 1266 3.0 4.071521
1 1278 3.0 3.5028956
1 1287 3.0 3.133445
1 1291 3.0 4.749878
1 1374 3.0 3.2118273
1 1396 4.0 3.9481554
1 1597 3.0 2.404466
1 1617 3.0 1.7940522
1 1645 2.0 2.9876301
1 1876 3.0 3.3852973
1 2003 4.0 3.9126935
1 2012 3.0 2.1063437
1 2130 2.0 3.389789
1 2267 3.0 2.1413422
1 2713 2.0 4.084311
1 2791 4.0 2.6707022
1 2916 5.0 4.745095
1 2917 3.0 2.9136558
1 2968 2.0 3.775055
1 3527 4.0 2.835167
1 3543 3.0 4.6555605
1 3578 5.0 2.6591585
1 3927 3.0 2.3245142
2 50 4.0 4.187928
2 1387 4.0 3.5950792
2 1625 5.0 3.9392114
2 2804 3.0 4.419675
2 34 5.0 3.3142097
2 1375 1.0 3.6372488
2 1653 5.0 3.015147
2 1777 4.0 4.531224
2 3996 3.0 3.9393814
2 7153 4.5 4.9861436
3 110 5.0 5.0
3 364 5.0 4.891837
3 1721 3.0 1.8568708
3 45 3.0 4.698485
3 46 3.0 3.215405
3 224 3.0 3.5774438
3 261 5.0 5.0
3 377 5.0 4.088158
3 497 5.0 3.9612403
3 588 5.0 4.57085
3 898 4.0 4.69479
3 1014 5.0 4.008714
3 1022 5.0 4.0426188
3 1024 4.0 2.9301155
3 1028 5.0 4.0646944
3 1035 5.0 4.753255
3 1059 1.0 3.4840448
3 1296 5.0 2.2362022
3 1380 5.0 3.8792515
3 1381 2.0 4.230581
3 1487 5.0 4.674347
3 2052 3.0 3.1396759
3 2102 3.0 3.3125615
4 318 5.0 4.1676335
4 589 3.5 3.783884
4 1372 3.5 4.151159
4 1527 4.5 3.7941153
4 2003 4.0 2.930013
4 2268 2.5 3.2279983
4 2080 4.0 2.8937194
4 180 4.0 3.6718433
4 348 3.5 2.5140305
4 441 3.0 3.5408127
4 596 2.5 3.4763107
4 783 3.5 3.0851805
4 785 2.5 3.3857958
4 2124 3.5 3.9362142
4 2683 3.5 2.8807142
4 2709 4.5 4.9879827
4 3398 5.0 4.6152267
4 3503 1.0 3.182659
4 4643 2.5 2.5635955
4 4993 5.0 4.3289394
4 5014 4.0 3.067839
4 5446 4.0 3.1795218
4 7147 2.5 2.299244
4 7293 4.5 1.9356643
5 2858 1.5 4.062754
5 2594 4.5 3.003586
5 27744 5.0 4.4937882
5 27831 4.0 0.5
5 51662 3.0 2.5139134
6 356 3.5 3.7166917
6 45499 3.5 3.5165372
6 75805 3.5 3.4477026
6 80549 3.5 3.5812566
6 81417 0.5 4.1218634
6 81564 3.5 3.765135
6 90531 3.5 4.0016775
6 90890 3.0 3.3833416
6 92264 3.5 4.1674533
6 93982 2.5 4.440686
6 95449 4.0 3.9243996
6 95720 2.0 3.4346502
6 99787 0.5 4.378822
6 100302 4.0 2.2637222
6 102903 4.0 2.9065518
6 103042 3.0 3.545925
6 105653 3.0 4.5016303
6 106540 3.0 4.177504
6 109673 3.5 3.1423054
6 111617 3.5 3.272693
6 112091 4.0 2.8199012
6 112175 3.5 3.129975
6 112556 3.5 3.6540442
6 114552 1.5 3.5895786
6 115680 1.5 4.905808
7 350 4.0 2.070602
7 367 3.0 2.704154
7 457 4.0 4.669935
7 480 4.0 4.117517
7 2 4.0 2.9914887
7 48 3.0 2.551126
7 339 5.0 4.2330656
7 588 5.0 3.6436346
7 595 4.0 4.313548
7 597 3.0 3.8238025
7 11 5.0 4.0371504
7 23 4.0 2.6319847
7 27 5.0 4.0318966
7 126 3.0 4.4721403
7 173 4.0 3.1846044
7 191 4.0 3.472103
7 196 4.0 2.667419
7 204 3.0 3.754422
7 227 3.0 2.7083943
7 249 4.0 4.3799915
7 319 5.0 4.04613
7 353 4.0 3.7230291
7 357 5.0 3.3404114
7 362 5.0 3.8985074
7 368 4.0 3.3803024
7 380 4.0 2.8168283
7 416 4.0 3.0589492
7 434 4.0 3.4137845
7 442 3.0 2.4791245
7 464 3.0 3.5768156
7 471 4.0 3.455721
8 480 4.0 3.7871904
8 1036 4.0 3.8643315
8 1573 5.0 2.999096
8 1597 4.0 2.6173306
8 1617 5.0 5.0
8 1721 4.0 3.4327638
8 920 5.0 4.031855
8 230 3.0 3.1149468
8 529 3.0 4.352361
8 1090 4.0 3.6240647
8 1299 5.0 4.4814205
8 1608 5.0 3.26276
8 1957 5.0 4.2445664
8 2728 4.0 4.4702697
8 2763 4.0 4.180951
8 2797 4.0 4.255802
8 3252 3.0 3.7713516
9 350 5.0 2.6365004
9 432 3.0 3.6389134
9 590 5.0 3.9780374
9 648 3.0 4.0615554
9 1101 4.0 3.3412805
9 3 3.0 3.6057758
9 7 3.0 3.4848983
9 356 3.0 3.7548664
9 497 3.0 3.9208968
9 830 3.0 3.1620145
9 348 4.0 3.3896036
9 292 3.0 3.1493623
9 342 2.0 3.165955
9 355 3.0 3.5374827
9 357 5.0 3.400936
9 368 4.0 3.517326
9 540 3.0 3.0300665
9 272 4.0 3.9278917
9 1088 3.0 3.0869508
9 14 4.0 3.630939
9 52 4.0 3.358419
9 151 5.0 3.459158
9 193 2.0 2.815733
9 235 2.0 3.7847202
9 300 5.0 3.9094336
9 376 4.0 3.6641467
9 444 3.0 4.121338
9 1084 5.0 3.8250587
9 1087 3.0 3.4380128
10 110 3.5 4.185659
10 260 2.5 3.881763
10 541 4.0 3.568867
10 913 3.5 3.5528677
10 1197 4.5 3.874342
10 1252 4.0 3.6926298
10 1376 2.0 3.1839473
10 1617 4.0 3.734518
10 1997 3.5 3.7388434
10 2542 4.0 3.6055787
10 2692 4.0 3.5836139
10 2951 4.0 4.0047154
10 4086 2.0 3.7537081
10 1275 4.0 3.2268744
10 1923 3.0 3.6717792
10 7153 4.0 4.4327836
10 45 4.5 3.8389697
10 955 3.5 3.3322284
10 1243 4.5 3.6217668
10 1285 3.0 3.5812786
10 2054 2.0 2.8935559
10 908 4.0 3.4971867
10 1246 3.0 3.5023804
10 4306 3.5 3.415572
10 2959 5.0 3.7647295
10 4886 4.0 3.6475694
10 353 2.0 3.0768497
10 1225 3.5 3.5133276
10 2949 3.5 3.3970468
10 246 3.5 3.828684
10 551 4.5 3.647373
10 1079 4.0 3.7058072
10 1103 4.0 3.7795157
10 1179 3.5 3.5575993
10 1231 4.0 3.445255
10 1248 4.0 3.243377
10 1274 4.5 3.9239326
10 1641 4.0 3.8570554
10 1663 3.5 3.6777017
10 2231 4.5 3.6933045
10 2359 3.5 3.6485746
10 2474 3.5 3.931189
10 2599 4.5 3.8333995
10 2871 3.5 3.7895947
10 3271 3.0 3.3885252
10 3361 4.0 3.7936864
10 4294 4.0 3.727416
10 4855 3.0 3.627176
10 5349 4.0 3.567684
10 5617 4.0 4.1340003
10 5669 4.0 3.554146
10 6790 2.5 3.5963411
10 6953 4.0 2.824551
10 7156 4.5 3.3894687
10 7438 3.5 3.640507
10 8807 4.5 3.9688404
10 8949 2.0 3.6970904
11 1208 5.0 3.991682
11 1220 4.0 5.0
11 1610 3.0 4.742633
11 2987 3.0 4.0098906
11 4993 5.0 1.9202349
11 2959 4.0 4.6433496
11 368 2.5 3.8129735
12 480 3.0 3.702895
12 1230 3.0 3.9782708
12 5349 3.0 3.393521
12 5418 4.0 4.0044413
12 903 5.0 3.63627
12 2422 1.0 3.002552
12 5422 2.0 3.8181565
12 5506 2.0 3.7776551
12 5890 3.0 3.448817
12 5893 4.0 3.3067558
13 22 3.5 2.8640594
13 2858 3.5 3.6169505
13 2987 4.5 3.4351552
13 48 4.0 2.6182053
13 261 4.0 3.8048394
13 594 3.5 4.519685
13 1028 3.0 4.1296654
13 2052 3.5 3.1150882
13 2081 4.0 3.7249627
13 2096 4.0 4.2507777
13 2124 3.0 3.207088
13 3481 4.0 3.2650769
13 5952 5.0 3.977836
13 51662 4.0 3.641034
13 72998 2.0 3.1869085
13 1 4.5 4.2710166
13 319 3.5 3.8554347
13 586 4.0 2.887809
13 5618 4.5 3.9471185
13 5945 2.5 2.891378
13 8368 2.0 4.2565923
13 32587 5.0 4.237198
13 313 3.5 4.107805
13 919 3.5 4.2982874
13 1367 4.0 3.3124435
13 1588 3.5 3.6257126
13 2018 5.0 3.373561
13 2082 3.5 3.0122101
13 2123 4.0 2.6786106
13 2141 3.5 3.7841444
13 2152 3.0 3.316052
13 3189 4.5 2.454199
13 4896 2.0 3.595871
13 6173 4.0 4.1584725
13 6793 3.5 2.8855813
13 7045 3.5 3.697824
13 7451 4.0 4.269579
13 8221 4.0 3.875053
13 8360 3.5 2.865413
13 8977 2.0 4.028402
13 30793 2.5 3.5020437
13 31429 3.0 3.4663982
13 33830 3.0 3.6497424
13 35836 4.0 3.505363
13 45726 3.5 3.6570187
13 46062 3.5 4.3154755
13 46578 4.0 3.9957771
13 49274 3.5 3.8614745
13 50802 3.5 4.10601
13 54997 3.5 3.8498585
13 55052 4.5 3.9124272
13 55363 4.0 3.326777
13 56176 4.0 3.279646
13 58078 4.0 3.2416472
13 59333 2.0 3.0235262
13 59501 4.0 2.7447956
13 62999 3.5 3.0824015
13 63131 4.0 3.209663
13 63540 2.5 3.111926
13 63853 4.0 3.3091137
13 66304 3.5 2.7639673
13 66934 5.0 3.3123894
13 67267 3.5 2.7155704
13 67788 3.5 3.3090851
13 68135 3.5 3.4952161
13 69644 3.5 3.3288894
13 72226 3.0 4.274193
13 74508 4.5 4.2890353
13 76093 5.0 4.9137945
14 17 5.0 3.995316
14 497 4.0 3.579035
14 11 4.0 3.5317197
14 282 5.0 3.694228
14 26 4.0 3.308959
14 256 3.0 3.1933782
14 515 5.0 4.359086
14 531 5.0 3.8564484
15 1036 5.0 4.282318
15 1097 3.0 2.8574352
15 1198 4.0 4.17813
15 1199 5.0 3.9202678
15 1210 4.0 4.1240406
15 1253 4.0 4.902416
15 1278 4.0 4.1313567
15 2194 4.0 4.7474613
15 2407 3.0 3.0845716
15 2916 4.0 3.5877774
15 1225 4.0 3.5586934
15 1204 5.0 4.095136
15 2160 4.0 3.6610742
15 2300 5.0 2.9609601
15 912 4.0 3.6632318
15 253 3.0 3.939867
15 671 5.0 3.0753474
15 906 4.0 2.153466
15 922 5.0 4.116671
15 930 4.0 3.386562
15 942 4.0 3.2488248
15 960 4.0 3.1890469
15 973 5.0 3.4168222
15 1212 5.0 3.5186517
15 1250 4.0 4.318719
15 1256 5.0 4.1769876
15 1337 5.0 3.7941835
15 1964 2.0 3.5687323
15 2221 3.0 4.287574
15 2531 2.0 3.3880167
15 2644 4.0 5.0
15 2646 4.0 2.9654746
15 2653 3.0 3.4298675
15 2654 4.0 3.5472813
15 2848 4.0 3.8183842
15 2939 3.0 3.8200326
15 3089 1.0 2.2692308
15 3095 3.0 2.2416103
16 6 2.0 2.8453453
16 62 3.0 4.5674357
16 760 3.0 3.8872468
16 1354 3.0 4.3299623
17 1378 1.0 3.4404433
17 2020 2.5 4.4284782
17 3252 4.5 2.324516
17 1188 3.5 4.009808
17 327 0.5 0.5
17 1680 2.0 3.1001759
17 2501 5.0 2.6957486
17 4718 2.0 2.257625
18 318 5.0 5.0
18 593 5.0 5.0
18 1198 5.0 4.060404
18 2858 5.0 4.2507286
18 7153 5.0 4.841538
18 2676 5.0 4.1040163
18 3146 3.0 2.9635184
18 3269 4.5 4.240511
18 5995 5.0 3.2369668
18 8014 5.0 2.824927
19 110 4.0 4.48916
19 3147 4.0 3.7701268
19 3578 4.0 3.680618
19 3949 4.0 4.2232404
19 4306 4.0 3.3215172
19 2762 4.5 3.1416023
19 778 4.5 3.142557
19 7361 4.5 3.846599
19 4995 4.5 3.8339777
19 5630 4.0 3.2448757
19 27700 3.0 3.688143
19 44191 2.0 4.132635
20 350 4.0 2.3208237
20 527 4.5 4.9986897
20 356 5.0 3.728944
20 920 5.0 5.0
20 1961 3.5 3.9094338
20 4886 5.0 3.2718918
20 1213 5.0 4.2027044
20 653 4.0 3.8809037
20 6377 5.0 3.7844353
20 30749 5.0 3.6235998
20 2710 2.5 3.591914
20 6787 5.0 3.8140824
21 6 4.0 4.895202
21 260 5.0 4.343724
21 1210 4.0 3.5748518
21 1356 3.0 3.140061
21 736 3.0 3.1861527
21 1 5.0 4.2646546
21 1047 3.0 3.41316
21 784 2.0 5.0
21 786 3.0 3.0492947
21 1006 4.0 3.604089
22 110 0.5 4.3030686
22 260 0.5 3.1186528
22 3101 4.0 0.5
22 19 4.5 4.3448305
22 2662 4.0 2.6574402
22 57274 2.5 2.7800903
23 110 5.0 4.598202
23 589 4.0 3.5375326
23 780 3.0 4.3064265
23 1994 5.0 4.044596
23 2858 3.0 4.2799115
23 736 3.0 2.5495589
23 1249 4.0 3.207002
23 1377 2.0 2.8957205
23 1644 4.0 2.9540036
23 95 3.0 3.8169024
23 160 3.0 3.3533916
23 292 3.0 3.4185414
23 466 3.0 3.1823514
23 494 4.0 4.650994
23 2628 4.0 3.1629403
23 849 3.0 3.90511
23 1339 2.0 3.1988237
23 1389 3.0 2.5253658
23 1586 3.0 4.268844
23 1862 3.0 3.790158
23 1882 3.0 2.9299057
23 2448 4.0 3.4555485
23 2986 3.0 4.153288
24 50 5.0 4.8467016
24 590 4.0 4.499944
24 1573 4.0 3.0699728
24 736 2.0 2.467704
24 1183 5.0 4.958956
24 647 5.0 3.664386
24 515 5.0 4.0043426
24 800 4.0 4.310389
25 2858 5.0 5.0
25 2699 3.0 3.6970096
25 2392 4.0 1.7623477
25 3016 4.0 3.5870988
26 527 4.0 5.0
26 589 5.0 3.6218567
26 500 5.0 3.4624689
26 339 3.0 4.142827
26 597 3.0 4.4052005
26 434 3.0 2.424023
26 539 5.0 5.0
27 296 5.0 3.999145
27 3481 5.0 4.9698925
27 5014 4.0 3.5004544
27 2959 5.0 4.119486
27 45728 4.0 3.5997016
27 745 4.0 3.8797693
27 56174 3.0 1.6388221
27 63082 5.0 4.4406705
28 265 3.0 4.669916
28 1289 5.0 3.0989716
28 1217 5.0 4.0758715
28 2770 3.0 2.9809694
29 1259 5.0 4.2924485
29 848 4.0 3.609933
29 2132 5.0 4.2747083
29 2731 4.0 4.78124
29 2919 4.0 2.8496058
29 3015 3.0 3.616551
30 366 3.0 4.8295474
30 474 5.0 4.120218
30 648 3.0 4.1192436
30 597 3.0 4.109368
30 1 5.0 3.7821639
30 47 5.0 3.6855865
30 292 2.0 3.2639036
30 357 4.0 3.786807
30 368 4.0 3.170444
30 442 3.0 2.8883803
30 485 3.0 2.992264
30 539 4.0 4.3633695
30 733 4.0 4.3162007
30 524 5.0 4.5318875
30 435 4.0 2.4963584
30 280 3.0 3.3248327
30 502 2.0 4.116428
30 537 4.0 4.5263424
31 6 5.0 3.8475575
31 296 5.0 3.3283098
31 457 3.0 3.8035264
31 589 3.0 3.243953
31 592 0.5 1.2257181
31 780 2.0 1.3219721
31 1089 4.0 3.501646
31 1196 4.5 5.0
31 1200 4.0 4.2348785
31 1252 5.0 4.6206236
31 1262 4.0 1.7615579
31 1265 4.0 0.5
31 1270 4.0 1.7223475
31 1321 4.0 3.5563715
31 1356 2.0 1.2468367
31 1374 3.0 0.5
31 1527 3.0 4.1179276
31 1573 3.0 4.317941
31 1982 5.0 5.0
31 2000 5.0 2.1445968
31 2118 4.0 1.0350606
31 2391 3.0 4.9245925
31 2542 3.0 2.927713
31 2580 4.0 4.685983
31 2701 0.5 5.0
31 2916 5.0 2.0009718
31 2921 5.0 1.9593511
31 2944 5.0 3.0827756
31 2985 5.0 0.99280864
31 3471 3.5 3.4490724
31 3508 5.0 2.898413
31 3551 2.0 4.2020245
31 3576 2.0 3.2746506
31 3681 5.0 2.986515
31 2115 2.0 2.417152
31 2291 3.0 3.3853197
31 377 4.0 2.414279
31 595 1.0 4.1277046
31 916 3.0 5.0
31 1747 4.0 4.557168
31 1968 0.5 3.180611
31 2081 0.5 5.0
31 2302 2.0 2.9577
31 8781 5.0 2.2661574
31 172 3.5 2.9083145
31 353 2.0 0.5
31 368 2.0 1.4734218
31 494 2.0 0.8382127
31 586 0.5 2.145793
31 1459 3.0 3.4120355
31 1957 3.0 3.8625681
31 2150 3.0 3.6225162
31 2728 3.0 4.555693
31 2949 5.0 3.6725934
31 3256 0.5 0.89431494
31 14 3.5 2.6451385
31 140 0.5 3.4984283
31 235 2.5 1.0987108
31 778 4.0 3.412811
31 1060 3.0 1.5006807
31 1248 5.0 2.800761
31 1343 2.0 3.7298768
31 1663 2.0 1.4352415
31 1945 0.5 5.0
31 2700 4.0 1.7446036
31 3267 3.0 2.541997
31 3317 2.0 3.224008
31 3421 4.0 2.4794629
31 3994 3.0 2.9371362
31 4848 5.0 4.4680448
31 5445 2.0 3.1494617
31 5669 2.0 3.6472836
31 5679 2.5 2.6250813
31 5945 3.0 0.5
31 6539 3.0 1.9730418
31 6874 5.0 3.5957444
31 104 3.0 3.5204544
31 1193 4.5 1.9609141
31 145 2.0 4.042627
31 986 1.0 4.947516
31 1267 3.0 3.8237476
31 1690 2.0 3.6906853
31 2202 2.0 2.9253783
31 3088 4.0 4.674154
31 1047 4.0 3.9529915
31 2094 2.0 1.6701216
31 44761 4.0 3.569851
31 6787 4.0 3.5544772
31 1345 3.0 3.4213107
31 1320 4.0 3.113269
31 288 0.5 2.9762948
31 2702 5.0 3.4017708
31 2770 2.5 4.742571
31 1292 1.5 1.0458461
31 2731 2.0 4.8053718
31 29 4.5 2.3026483
31 123 5.0 4.136112
31 166 5.0 5.0
31 232 3.0 5.0
31 599 5.0 2.8132644
31 610 3.0 2.4776514
31 933 3.5 3.1002085
31 970 5.0 5.0
31 1018 1.0 4.9404674
31 1175 4.5 3.6923127
31 1209 5.0 2.1993291
31 1237 3.5 1.7486944
31 1303 5.0 0.9886069
31 1649 4.0 2.780509
31 1713 3.0 4.0050473
31 1856 5.0 3.62975
31 1866 3.0 0.83997566
31 1884 4.0 2.141776
31 2165 3.0 3.045921
31 2356 1.5 4.7248793
31 2431 0.5 0.5
31 2440 4.0 2.2327394
31 2729 3.5 5.0
31 2841 3.5 1.0374038
31 2898 1.5 3.7303684
31 2905 4.0 1.0145261
31 2982 4.5 2.8382015
31 2983 5.0 3.118544
31 3013 2.5 1.7453942
31 3087 2.0 1.419514
31 3175 3.0 1.6339569
31 3265 4.5 4.1248093
31 3266 0.5 4.130167
31 3292 4.0 3.6429439
31 3364 5.0 5.0
31 3384 2.0 3.3852327
31 3397 3.0 2.625181
31 3430 1.5 2.373847
31 3598 4.5 3.6015897
31 3652 5.0 3.3800695
31 3731 3.0 3.3781028
31 3752 0.5 3.5506203
31 3826 4.5 1.140884
31 3858 5.0 2.6497495
31 3896 5.0 5.0
31 3947 5.0 5.0
31 4015 4.0 1.4334083
31 4055 0.5 1.1383207
31 4064 5.0 3.0139482
31 4103 5.0 0.5
31 4167 0.5 1.8717304
31 4239 0.5 0.73478633
31 4251 5.0 5.0
31 4262 5.0 3.7650974
31 4282 1.0 5.0
31 4313 1.0 5.0
31 4326 3.0 2.66408
31 4336 1.5 5.0
31 4339 2.0 0.5
31 4378 4.0 3.9347527
31 4433 5.0 2.1844325
31 4437 3.0 1.5712975
31 4488 4.0 4.6666236
31 4587 1.0 5.0
31 4634 5.0 3.863437
31 4713 4.0 5.0
31 4723 0.5 1.7976891
31 4842 3.0 0.5696299
31 4865 3.0 3.3806388
31 4887 1.0 4.523215
31 4930 3.0 3.8923125
31 4945 2.5 3.1718662
31 5021 3.0 3.8869948
31 5146 4.0 4.1732583
31 5198 3.0 5.0
31 5249 5.0 5.0
31 5254 4.0 2.8168955
31 5291 4.5 0.5
31 5294 4.0 1.3095871
31 5463 3.0 5.0
31 5472 3.0 1.8573502
31 5572 3.0 1.6711435
31 5650 5.0 4.552466
31 5799 3.5 2.8027503
31 5809 0.5 3.866251
31 5938 1.0 1.1113927
31 5965 3.0 3.064632
31 6001 4.0 3.9089465
31 6009 4.0 3.03411
31 6166 1.0 5.0
31 6170 5.0 5.0
31 6197 4.5 2.7757728
31 6219 5.0 2.4041674
31 6294 0.5 5.0
31 6301 5.0 2.873392
31 6323 1.0 2.1429548
31 6379 2.0 5.0
31 6395 5.0 2.695871
31 6506 4.0 4.5273366
31 6567 4.0 4.6621847
31 6585 4.0 0.9806001
31 6664 1.0 3.2793758
31 6707 3.5 3.9154017
31 6808 4.5 2.1590643
31 6818 4.5 5.0
31 6844 0.5 1.6157075
31 6869 3.5 2.2448947
31 7007 4.5 4.30942
31 7063 5.0 5.0
31 7070 5.0 2.3281703
31 7116 1.0 2.0194414
31 7171 5.0 2.107244
31 7319 4.0 5.0
31 7367 3.5 3.3659785
31 7373 3.0 3.377269
31 7410 5.0 5.0
31 7474 4.0 2.6563041
31 7482 3.5 2.622596
31 7484 5.0 3.0088031
31 7492 5.0 2.8063188
31 7878 5.0 3.4925625
31 7981 4.5 4.111273
31 8207 4.0 4.145176
31 8371 4.0 2.8730185
31 8493 0.5 3.7326965
31 8661 1.0 2.0839772
31 8670 5.0 2.6221268
31 8751 5.0 3.0588045
31 8793 5.0 1.756161
31 8860 2.0 0.5
31 8879 3.5 3.829366
31 8914 5.0 3.137506
31 8955 3.5 3.8098996
31 27728 5.0 4.5796714
31 31364 4.0 2.8037946
31 33004 3.0 2.4712882
31 33679 4.0 4.8773456
31 34323 3.0 3.5319307
31 46430 3.0 4.475646
31 47044 5.0 5.0
31 47894 4.5 2.2223537
31 48142 4.5 5.0
31 49272 2.5 0.7182697
32 480 3.5 3.623349
32 1196 5.0 4.3905797
32 1210 5.0 4.3267674
32 2 3.5 3.7552145
32 153 4.0 3.7258685
32 364 3.5 3.3679051
32 500 4.5 3.711682
32 1375 4.5 3.4128468
32 1721 3.5 2.3038461
32 5299 3.5 3.3557918
32 596 2.5 3.8560948
32 4008 2.5 3.5363894
32 4993 5.0 3.752428
32 5989 4.5 3.6643555
32 2355 4.0 4.2038517
32 4639 3.5 3.320372
32 420 3.5 3.2835634
32 2671 3.5 3.182769
32 6893 4.0 3.0579917
32 3175 5.0 3.8737814
32 4019 4.0 3.4086967
33 1376 4.0 4.192869
33 1552 2.5 3.6461434
33 253 3.0 4.211833
34 457 3.0 4.2484965
34 480 3.0 3.9407208
34 589 3.0 3.4221144
34 370 3.0 2.200733
34 380 3.0 3.8445528
34 454 3.0 3.9836097
34 587 3.0 3.6495442
34 151 3.0 3.4424572
35 22 3.0 2.956509
35 1266 4.5 3.6561885
35 2028 4.5 3.54573
35 1377 4.0 2.6942415
35 7153 4.0 4.423785
35 1028 4.5 3.6143355
35 1722 3.0 3.4625595
35 6377 3.0 3.2160323
35 543 3.0 3.3257506
36 589 2.0 4.2146196
36 1210 3.0 3.8971398
36 1265 2.0 1.0190233
36 1387 2.0 4.9716754
36 2194 2.5 3.8007076
36 3578 5.0 0.8272907
36 3996 3.0 4.4951115
36 356 4.5 4.3352404
36 1835 5.0 4.58692
36 6565 4.0 3.5280144
36 16 2.5 3.9490588
36 47 5.0 2.7138002
36 150 4.5 4.0091147
36 370 1.5 1.4996828
36 2150 1.5 5.0
36 2763 2.5 3.482124
36 805 3.5 2.6102092
36 223 2.0 0.89583594
36 1079 2.0 2.3618639
36 6539 3.5 3.6318705
36 6870 2.5 2.3394113
36 7438 3.5 2.795744
36 1784 1.5 4.068269
36 4896 3.5 0.5
36 3948 4.5 2.431176
36 2739 3.0 3.9330313
36 337 1.5 5.0
36 33679 4.5 3.616199
36 4225 2.0 3.408464
36 4880 4.0 2.822329
36 7143 4.5 3.7889056
36 7160 3.5 4.211384
36 8010 2.5 4.921101
36 8132 5.0 3.0711927
37 318 5.0 4.137173
37 480 4.0 4.1199913
37 593 4.5 4.4158626
37 648 4.0 3.82665
37 1210 4.0 4.541248
37 1220 3.5 2.923081
37 1610 4.5 3.1397326
37 2028 3.0 4.033469
37 3147 2.5 4.128175
37 3793 3.5 2.4938269
37 1721 2.5 3.81219
37 4993 5.0 5.0
37 6365 3.0 2.8398218
37 4886 3.0 3.391797
37 8961 3.5 3.090303
37 59315 3.0 3.7159584
37 2628 2.5 4.1595206
37 2949 3.0 3.2747996
37 1704 4.5 4.4276376
37 8874 4.0 4.3364897
37 1917 3.0 3.9624965
37 4896 3.5 3.5143607
37 6377 4.5 4.1941843
37 54503 5.0 3.8651261
37 69122 5.0 5.0
37 5378 3.0 4.5428634
37 2857 2.0 4.416397
37 4387 4.0 3.8512921
37 2470 3.5 3.3725939
37 48774 3.5 3.4787953
37 54286 3.5 4.2747025
37 77561 2.5 2.6557662
38 318 5.0 5.0
38 7153 5.0 4.4088426
38 4973 5.0 4.5697327
38 58559 5.0 4.6889234
38 59315 4.5 4.1961894
38 60684 4.5 4.52496
38 170 2.5 3.7587
38 3108 4.0 3.5031707
38 5618 4.5 3.6331909
38 6502 4.5 3.999944
38 4878 4.0 3.90947
38 6016 4.5 3.9411
38 44191 4.5 4.012511
38 849 3.0 4.6978374
38 34405 4.0 4.606563
38 3510 3.0 3.5723815
38 52328 4.5 3.5236561
39 110 4.0 4.9878016
39 318 4.0 2.4053757
39 589 2.5 2.5735443
39 1196 3.0 3.0357008
39 1201 4.0 3.1736984
39 2571 4.5 3.9584076
39 2791 1.0 2.6201289
39 2985 3.0 3.1325994
39 3702 4.5 3.7020612
39 1275 3.5 2.8214872
39 7153 0.5 3.5636756
39 908 2.5 3.702268
39 2997 3.0 1.3717929
39 4973 4.5 3.7886925
39 4993 0.5 5.0
39 2762 1.0 4.77785
39 88125 0.5 2.743242
39 108945 2.0 1.4604473
39 5618 4.0 4.5074534
39 5902 3.5 5.0
39 8949 3.5 3.0992534
39 919 3.0 3.7818105
39 6377 5.0 2.9638734
39 76093 3.0 3.7749927
39 3698 3.5 1.932795
39 48774 3.5 4.616302
39 7502 2.5 4.6763897
39 85414 3.0 1.6849294
39 86332 0.5 5.0
39 90469 0.5 1.8590696
39 91658 1.0 3.1387856
40 1200 4.0 3.706736
40 1270 3.5 2.9361377
40 1994 3.0 4.4166203
40 3793 4.0 2.5044637
40 364 3.5 4.1640472
40 2617 3.0 2.9193704
40 1485 2.5 2.9037504
40 1639 4.0 3.9507978
40 1968 3.0 3.2406046
40 163 4.0 3.453834
40 6365 2.0 3.254477
40 6283 4.5 3.2912412
40 58559 4.0 3.3479638
40 73321 3.5 3.699612
40 82461 3.5 3.2167506
40 89745 4.0 3.7185907
40 103042 4.5 3.7759178
40 106782 4.0 3.230595
40 111362 4.0 3.5118444
40 112623 4.0 3.9387288
40 1 3.5 3.2583458
40 47 3.0 3.3640788
40 208 4.0 3.6410503
40 344 2.0 3.4111376
40 353 5.0 2.6302342
40 2628 3.5 3.0424297
40 2174 4.0 2.8269012
40 5617 4.0 4.185802
40 5618 4.0 3.904067
40 5679 5.0 2.9551752
40 6539 4.0 3.7884881
40 6874 1.0 3.8764002
40 8368 3.0 2.8360963
40 1967 4.5 3.2255075
40 2141 3.5 4.0735645
40 54503 4.0 3.8257446
40 57532 0.5 3.4855793
40 2528 4.0 3.3404624
40 107 3.5 3.3884523
40 31696 3.0 4.154176
40 5378 3.5 4.0401273
40 33794 4.5 4.0136423
40 2706 2.5 4.1568227
40 788 2.0 3.6890616
40 57274 5.0 3.9067097
40 1590 3.0 3.619263
40 63082 3.5 3.392388
40 70 3.5 3.9851353
40 741 2.5 3.2584085
40 1015 3.0 3.3009932
40 1222 3.5 4.6003547
40 2090 3.0 4.094497
40 2140 5.0 3.3200648
40 4728 3.0 3.1219451
40 4980 3.0 3.5243487
40 5010 4.0 3.812359
40 5507 2.0 3.0293982
40 6242 5.0 4.324767
40 7360 3.0 3.1130362
40 40815 3.0 4.336613
40 7143 4.0 3.7401514
40 30812 5.0 3.622653
40 34162 3.0 3.3670843
40 71535 5.0 3.5173857
40 96610 3.5 4.0345287
40 4340 2.0 3.2921405
40 4890 2.0 3.3808343
40 6156 3.0 3.1726115
40 7649 4.0 2.7025378
40 9010 4.0 3.2341645
40 27660 3.5 3.2731059
40 34150 3.0 2.9135456
40 34314 2.0 2.7094986
40 34532 3.0 2.8170598
40 42213 4.0 4.931208
40 51077 3.0 4.244899
40 51562 3.5 4.0652723
40 68073 3.5 2.5606577
40 69951 3.5 2.7896767
40 71464 4.0 3.0964377
40 72117 4.0 3.9446316
40 72393 2.5 2.9670403
40 74685 3.0 4.570883
40 74916 4.5 3.8300207
40 77780 4.5 3.5625484
40 78209 4.5 4.4323745
40 81847 4.0 3.6905875
40 81910 3.5 3.2090576
40 83613 2.5 3.5215595
40 85131 4.0 4.12882
40 87921 2.0 3.834985
40 89472 3.0 2.9069142
40 94780 3.0 3.186767
40 94813 1.0 3.597884
40 101362 3.0 4.4842963
40 102880 3.5 3.621862
40 104241 4.0 2.70954
40 106030 4.0 4.290442
40 106642 4.0 4.0797925
41 527 5.0 3.2719042
41 588 5.0 2.6173763
41 914 4.0 2.1021934
41 1282 5.0 3.6947563
41 1487 5.0 1.6801839
41 1951 4.0 3.629652
41 1088 4.0 2.7906063
41 1207 4.0 4.4268546
41 310 5.0 5.0
41 3259 4.0 3.041573
42 590 3.0 4.3619204
42 34 3.0 3.8367748
42 185 3.0 2.2768643
42 186 3.0 3.730692
42 282 4.0 3.2085645
42 357 4.0 3.7198443
42 454 3.0 3.7615912
43 457 4.0 5.0
43 595 3.0 4.641452
43 165 2.0 5.0
43 329 3.0 3.6107595
43 14 4.0 3.7471855
43 175 2.0 3.8355343
44 32 5.0 3.7583575
44 110 3.0 4.53862
44 260 4.5 3.891256
44 1206 4.0 3.8795142
44 1265 4.0 3.4140794
44 1909 4.0 3.453495
44 1997 3.0 3.5434504
44 2000 3.5 4.1868243
44 2542 4.0 3.9457996
44 2985 3.5 3.7829578
44 3471 4.5 3.5260706
44 3527 3.5 3.5202951
44 1653 3.0 3.724379
44 1777 3.0 3.5436623
44 2115 4.5 3.8488762
44 2406 4.0 3.807877
44 3949 5.0 4.0534782
44 2959 5.0 4.273719
44 4886 5.0 3.5084736
44 60684 5.0 3.7091627
44 79132 5.0 3.8882074
44 81564 4.0 3.71669
44 102903 2.5 3.6673648
44 104841 4.0 3.6373358
44 158 3.0 2.9383743
44 380 4.0 3.309815
44 520 3.5 3.6015244
44 2763 4.0 4.088637
44 805 4.0 3.5021727
44 1704 4.0 3.4808831
44 2174 4.5 3.6049075
44 5418 3.0 3.808547
44 7438 4.0 3.8641458
44 1193 4.5 4.302298
44 5225 4.5 3.991065
44 4963 3.5 4.2969694
44 44555 5.0 3.5791485
44 66097 4.5 3.644971
44 1267 4.0 3.729196
44 802 3.0 4.191416
44 55118 5.0 4.1146693
44 77561 3.5 4.1312594
44 3033 5.0 3.4578927
44 54001 3.5 3.8993883
44 80463 4.0 4.1856427
44 81845 4.5 3.7695868
44 91500 3.0 4.1883354
44 102445 4.0 4.542975
44 55290 4.5 3.2016075
44 73017 4.0 3.4667482
44 88810 4.0 3.131751
44 90430 2.5 3.6268508
44 97304 3.5 3.7016702
44 100714 4.0 3.8479042
45 32 4.0 3.8251688
45 50 4.0 4.515791
45 541 5.0 5.0
45 593 3.0 3.8624096
45 1136 5.0 4.1205325
45 1206 5.0 3.5772243
45 1214 5.0 4.924886
45 1376 3.0 2.6667686
45 1394 4.0 3.8595614
45 1617 4.0 3.6295025
45 1748 4.0 2.636079
45 2012 1.0 2.3759522
45 2542 4.0 3.7862527
45 364 5.0 3.9962635
45 552 3.0 3.7504177
45 1275 4.0 3.3860545
45 1584 4.0 3.836309
45 2067 4.0 4.121177
45 2294 4.0 4.6037755
45 17 4.0 3.771247
45 356 4.0 2.4439762
45 899 4.0 4.3517113
45 1297 2.0 3.5603917
45 1639 4.0 3.8432014
45 2096 4.0 4.656104
45 316 3.0 3.8400111
45 348 4.0 3.423121
45 1268 4.0 4.277939
45 3160 5.0 3.9493499
45 47 4.0 4.0121317
45 319 5.0 3.9087763
45 342 3.0 3.1576324
45 357 4.0 3.5696347
45 539 3.0 4.056077
45 1186 4.0 3.9057827
45 1213 4.0 4.8112044
45 1682 3.0 4.481984
45 1957 5.0 4.6769915
45 1960 5.0 3.1433918
45 2949 4.0 3.7604063
45 508 3.0 4.2114162
45 551 4.0 4.1976075
45 1171 4.0 4.55007
45 2231 4.0 4.1337776
45 3267 5.0 3.615205
45 903 5.0 4.2419877
45 1033 3.0 4.094102
45 1367 4.0 4.0964313
45 1917 3.0 4.9268413
45 2082 2.0 3.1931665
45 1267 5.0 3.7238793
45 2867 3.0 3.7606313
45 849 3.0 4.5164266
45 1480 3.0 3.8517635
45 800 3.0 4.343763
45 555 4.0 2.395333
45 101 4.0 3.1808162
45 162 4.0 4.035315
45 1147 5.0 4.2491775
45 2048 4.0 3.647923
45 2165 4.0 4.7278934
45 2275 4.0 4.597848
45 2348 5.0 3.3771577
45 2372 3.0 3.74546
45 2394 4.0 3.6858492
45 2720 3.0 3.6095314
45 2788 5.0 3.7507463
45 3034 5.0 3.619038
45 3727 5.0 2.8740478
45 1271 3.0 2.963406
45 2641 1.0 3.601103
45 2193 4.0 3.6865973
45 13 3.0 4.5950184
45 85 4.0 3.0838463
45 242 4.0 4.7548933
45 290 4.0 3.0247555
45 1366 3.0 3.4937184
45 1582 4.0 2.915451
45 1611 3.0 2.624092
45 2005 2.0 3.8944569
45 2114 4.0 4.3794537
45 2134 2.0 4.183367
45 2151 4.0 4.5864134
45 2574 2.0 3.170244
45 2590 4.0 3.7416391
45 2750 3.0 3.066706
45 2843 5.0 3.1040552
45 2966 5.0 2.9607854
45 3148 4.0 3.472056
45 3320 5.0 4.842296
45 3523 3.0 5.0
45 3526 3.0 3.106968
45 4117 5.0 3.3646126
46 3793 5.0 2.6488085
46 3408 4.0 3.4175682
46 3623 4.0 3.7919886
46 382 2.0 3.9445
46 724 3.0 3.6900957
46 1717 3.0 3.5376914
46 3264 2.0 3.6374974
46 1342 5.0 4.0803447
46 2560 4.0 3.0183644
46 3752 3.0 3.7230787
46 3615 4.0 3.8159428
46 3287 4.0 3.3675442
46 742 3.0 4.0381618
47 318 4.0 4.1366773
47 339 3.0 3.8011808
47 356 4.0 3.352994
47 47 4.0 3.688504
47 292 4.0 3.0792897
47 329 5.0 2.971198
48 480 5.0 3.9277766
48 589 5.0 3.458263
48 648 5.0 3.514661
48 1136 5.0 4.7785854
48 1198 4.0 3.9406986
48 1210 5.0 4.5855837
48 1214 5.0 1.3855983
48 1242 4.0 3.8527856
48 1291 4.0 2.712368
48 1527 5.0 3.2709706
48 1610 4.0 2.8754597
48 2542 3.0 4.6600957
48 5060 4.0 3.6627202
48 736 4.0 3.4683905
48 1584 4.0 3.274966
48 2053 4.0 3.5528018
48 3623 4.0 4.5450253
48 1029 3.0 3.454883
48 2080 2.0 3.9283073
48 2096 3.0 3.726376
48 316 4.0 3.4370158
48 2302 3.0 3.526872
48 4621 3.0 4.5090957
48 2762 5.0 3.9830937
48 362 4.0 3.493923
48 374 3.0 4.415077
48 1438 4.0 3.5753531
48 1552 4.0 4.362955
48 1608 5.0 3.6779938
48 3072 1.0 3.6940598
48 653 5.0 4.465017
48 3994 4.0 3.153736
48 837 3.0 3.361405
48 1005 2.0 2.2390301
48 1566 4.0 3.1870933
48 2042 3.0 2.2922087
48 2092 2.0 3.642441
48 2141 4.0 4.4909353
48 4519 2.0 4.92307
48 1690 5.0 3.6555858
48 2722 4.0 4.7539153
48 761 4.0 2.6961143
48 3948 4.0 3.8738244
48 1591 4.0 4.3323855
48 3354 4.0 3.231654
48 2671 3.0 2.8248968
48 3868 4.0 5.0
48 24 3.0 2.9984944
48 1391 4.0 3.8592043
48 3247 3.0 4.2831125
48 3697 4.0 4.4541473
48 3752 5.0 4.4519725
48 3977 3.0 4.5448008
48 2470 4.0 2.8890889
48 2161 4.0 3.9575331
48 2193 4.0 5.0
48 4270 4.0 4.393603
48 4367 4.0 3.6443944
48 169 2.0 4.219962
48 239 4.0 3.5968232
48 558 3.0 5.0
48 577 3.0 4.5197077
48 801 2.0 3.3212497
48 1474 3.0 3.2253942
48 1646 3.0 4.1279464
48 2423 5.0 3.093577
48 2453 3.0 1.8575121
48 2549 3.0 4.0206304
48 3159 3.0 3.8357728
48 3784 4.0 2.1747582
48 3799 2.0 3.0863998
48 4023 3.0 2.824606
48 4619 4.0 4.0123315
48 4678 4.0 2.1807437
48 4686 3.0 3.9009767
48 4701 3.0 2.5509303
49 968 4.0 3.215794
49 2713 2.0 2.8950155
49 2396 4.0 3.5515501
49 223 4.0 3.3608313
49 2174 3.0 4.0351734
49 1513 3.0 2.6484332
49 3752 4.0 3.2439826
49 3863 3.0 2.7532642
49 2840 4.0 4.171991
49 3174 3.0 4.3766828
50 345 4.5 3.377841
50 4993 5.0 4.9450793
50 6365 4.5 3.503516
50 2628 4.5 3.0425756
50 4034 4.0 3.6654453
50 2424 3.5 3.7086315
50 6377 4.5 3.9845219
50 3005 4.5 3.6821208
50 4728 3.0 4.028728
50 5872 4.5 3.5040212
50 6537 5.0 3.6406293
50 3977 5.0 3.9190934
50 2470 3.0 3.7893906
50 5072 4.5 3.6369514
50 6218 4.0 3.3103905
50 2622 2.0 3.3761685
50 4242 3.5 4.12719
51 1197 5.0 4.0722046
51 1214 5.0 2.5962293
51 1215 4.0 4.2029395
51 1265 2.0 2.9964693
51 1754 3.0 2.6514149
51 1909 4.0 2.081525
51 3471 2.0 2.857427
51 1653 2.0 1.9662603
51 594 3.0 5.0
51 595 4.0 4.3968487
51 1022 3.0 4.758806
51 1032 5.0 3.810451
51 2081 3.0 5.0
51 2302 4.0 3.478374
51 2959 4.0 4.1790266
51 1 4.0 4.5530286
51 47 5.0 3.7428496
51 353 4.0 2.4464824
51 1090 5.0 2.479419
51 2628 1.0 3.2847009
51 215 4.0 3.810603
51 1673 3.0 4.7091684
51 3114 4.0 4.2525015
51 1267 5.0 3.6915698
51 2413 5.0 3.1898715
51 2810 5.0 3.7309458
51 3499 3.0 2.2286985
51 2336 5.0 3.0809348
51 3581 5.0 5.0
51 2995 2.0 2.7361574
51 3785 2.0 4.4805136
51 2572 3.0 4.6865273
51 4975 4.0 3.3877234
51 2025 4.0 5.0
51 2107 1.0 3.3410091
51 3742 1.0 3.8190155
51 3908 1.0 2.0019345
51 3980 2.0 4.461939
52 480 3.5 2.9057372
52 589 3.0 3.1832888
52 1219 4.5 3.0451696
52 1321 3.5 4.3215365
52 1527 4.5 3.861934
52 2118 2.0 2.2128701
52 2167 2.5 3.1429632
52 2553 3.0 2.11391
52 2664 2.5 1.948649
52 2716 3.0 1.871614
52 3476 3.5 2.8754866
52 4148 3.0 3.0581443
52 328 1.5 4.882512
52 2366 3.0 3.4414196
52 2633 3.5 0.5
52 2644 3.5 2.5073848
52 2648 3.5 3.18343
52 2657 3.0 2.1131878
52 4878 2.5 2.045251
52 273 2.5 3.1404362
52 1389 3.0 4.092787
52 1862 3.0 3.3638089
52 1970 2.0 3.1464245
52 2448 3.0 4.1295424
52 2793 2.0 3.5549903
52 3016 1.5 3.898621
52 3264 3.0 3.889798
52 6979 3.0 2.5888722
52 188 1.5 2.5856214
52 407 3.5 3.7470284
52 1128 4.0 1.4651989
52 1175 4.0 2.2271705
52 1998 3.5 2.5167792
52 2140 3.5 3.9515738
52 2377 3.5 3.1627336
52 2513 2.5 2.8494318
52 3175 3.5 2.6373887
52 3535 0.5 3.0239675
52 3826 3.0 0.70108914
52 3837 3.5 3.6784189
52 3840 4.0 3.494019
52 5105 3.5 2.415387
52 6184 4.5 3.6642737
52 6820 2.0 1.928618
52 7022 4.0 2.3658843
52 7373 3.5 2.050551
52 26285 3.0 1.64992
52 4270 1.5 3.1596334
52 8019 4.0 2.898206
52 27839 1.5 2.5714073
52 2148 2.0 2.6469882
52 2498 2.5 2.0897841
52 3908 2.0 2.7556846
52 512 0.5 3.5805159
52 842 2.0 2.2153585
52 1322 1.0 0.6241293
52 1325 1.5 3.9558692
52 1977 2.5 4.674439
52 1992 1.5 4.039653
52 1996 2.5 5.0
52 2117 3.5 3.2861605
52 2389 4.0 3.403434
52 2464 3.0 4.24864
52 2514 1.0 3.5066226
52 2554 1.5 5.0
52 2655 2.0 2.9724987
52 2784 3.5 3.9232523
52 2790 3.0 4.3536487
52 2855 2.0 4.303128
52 3021 3.0 4.628793
52 3070 3.5 2.2487466
52 3661 1.0 5.0
52 3676 3.0 3.3834946
52 3709 1.5 3.9361837
52 3941 1.0 5.0
52 4135 1.0 2.872765
52 4143 3.0 2.8208144
52 4472 3.0 4.134985
52 4480 3.5 3.7149553
52 4669 1.0 4.0961747
52 4670 2.0 1.6118873
52 4758 3.0 3.1897786
52 4794 4.5 3.8419535
52 5094 3.0 3.4907541
52 5183 3.5 2.462573
52 5413 3.5 2.1247342
52 5555 4.0 4.177618
52 5556 1.5 4.0191126
52 5587 1.5 3.8105216
52 5726 4.0 3.2191315
52 5737 0.5 4.857112
52 5746 2.5 2.795878
52 5852 1.0 5.0
52 5925 3.0 4.0326476
52 5980 3.5 4.1496344
52 6044 2.5 3.4571872
52 6305 3.5 1.562765
52 6695 3.5 4.260673
52 7115 5.0 3.6094356
52 7239 3.0 3.2955086
52 7280 3.0 2.7498987
52 7636 2.5 2.4592998
52 7713 3.5 3.8074079
52 7954 2.5 2.737209
52 8578 3.5 3.0387416
52 8690 3.5 3.9200187
52 8810 2.5 1.4876521
52 8870 3.5 2.6630836
52 8894 3.0 3.710085
53 2713 2.0 4.684947
53 2716 3.0 2.6134021
53 2858 3.0 2.1665466
53 2719 3.0 2.1861506
53 3751 4.0 5.0
53 2710 1.0 4.4409146
53 3005 4.0 2.4632096
53 3593 1.0 2.0622208
53 3977 4.0 0.98822653
53 2826 4.0 2.4302404
53 2369 1.0 4.330747
53 3409 2.0 2.0029523
53 2759 3.0 2.6202018
54 296 4.0 2.9629385
54 593 4.0 3.3767786
54 1215 5.0 4.315355
54 4011 4.5 2.7477493
54 7438 3.5 4.3022766
54 54997 4.0 3.6630838
54 33794 4.0 2.241291
54 44191 4.5 3.8250268
54 5010 4.5 4.6984744
54 7360 4.5 3.764129
54 54286 4.5 3.2994661
54 5903 4.5 3.7254617
54 78499 2.0 4.0759964
54 5608 4.0 3.8825839
54 50851 4.0 4.9948378
54 56171 2.5 3.920751
54 62733 4.5 3.4887047
54 65135 2.5 4.1408777
54 66297 4.0 3.5872803
54 72554 4.0 3.4831004
55 593 5.0 3.9944286
55 913 4.0 2.2072053
55 1206 5.0 1.8757055
55 2028 3.0 5.0
55 2804 5.0 4.5048976
55 2396 5.0 3.988932
55 3996 5.0 4.790306
55 898 4.0 3.1834278
55 1032 4.0 4.6163354
55 3251 4.0 4.424857
55 3067 4.0 4.393513
55 1730 5.0 5.0
55 1913 5.0 1.6593317
55 2971 4.0 4.066249
55 4424 5.0 3.867972
56 260 5.0 4.612997
56 750 4.0 3.1437593
56 858 5.0 2.90766
56 1208 3.0 2.9687607
56 1219 3.0 4.5964007
56 1252 4.0 2.770572
56 1617 4.0 4.2180476
56 908 4.0 3.484766
56 587 3.0 5.0
56 3072 4.0 4.0115185
56 1079 4.0 4.004677
56 1301 5.0 3.9358318
56 1077 4.0 4.8914
56 1952 4.0 5.0
56 1633 4.0 2.9309824
57 349 3.5 3.004753
57 1101 3.5 2.118504
57 5952 4.0 3.1469052
57 468 2.0 1.0308217
57 1608 4.0 2.1092587
57 2763 2.0 4.0491595
57 2993 3.0 3.9017222
57 5418 4.0 2.869463
57 63853 4.5 2.3348606
57 4361 1.5 2.9024682
57 1959 2.0 4.436544
57 3984 3.0 5.0
58 648 4.0 3.2473593
58 999 3.0 3.703596
58 1573 3.0 4.0799093
58 762 4.0 2.6057289
58 1485 3.0 3.186385
58 95 4.0 3.1109636
58 494 4.0 4.3830037
58 733 5.0 4.152272
58 653 5.0 2.9520512
58 786 4.0 3.0089316
58 1562 4.0 2.5973651
58 800 4.0 4.6520953
58 801 3.0 2.813816
58 880 3.0 3.6193974
58 711 3.0 3.3770473
58 719 3.0 3.1675248
59 750 4.0 3.8063707
59 3527 4.0 3.0000312
59 3897 4.0 2.5858119
59 1299 3.0 4.1680584
59 4223 5.0 3.1397383
59 3556 3.0 1.4345027
59 3270 4.0 4.452161
59 4205 4.0 5.0
60 6 5.0 4.054863
60 50 4.5 4.353147
60 260 4.5 3.4926555
60 296 4.5 4.170917
60 541 4.5 4.5079923
60 608 4.0 4.36554
60 1136 4.0 3.292888
60 1201 4.5 3.7866387
60 1257 4.0 3.5011315
60 1265 4.5 3.2116554
60 2571 4.0 4.2583175
60 16 4.0 3.7546706
60 1408 4.0 3.8394241
60 778 5.0 3.8384898
60 1663 4.0 4.6872783
60 2329 4.5 3.3606763
60 5782 4.0 3.442655
60 111 4.5 4.015148
60 6016 4.5 3.0148435
60 2717 4.0 3.6324406
60 2859 3.5 3.3218534
60 333 3.0 3.7669206
60 714 4.5 4.168345
60 1209 5.0 3.9201138
60 2976 4.0 3.4906607
60 4378 5.0 4.0876565
60 5291 4.0 3.7372417
60 5956 5.0 3.715227
60 8798 4.5 3.3866103
60 47044 4.5 2.756962
60 2324 4.0 3.2279696
60 30812 4.5 3.5944343
60 68157 5.0 4.5582724
60 2114 4.0 3.52425
60 7925 4.0 2.7963252
61 50 5.0 4.526299
61 110 3.0 4.690525
61 318 5.0 5.0
61 608 5.0 4.499043
61 613 5.0 3.4121578
61 454 3.0 2.9681776
61 509 5.0 5.0
61 529 5.0 4.9437895
61 14 4.0 4.6861
61 222 3.0 4.1873302
61 412 4.0 3.2223897
61 628 4.0 2.8739426
61 786 3.0 3.6271873
61 788 1.0 5.0
61 477 4.0 3.3934412
61 640 3.0 2.5894873
62 527 4.5 2.5690236
62 1394 5.0 2.1169796
62 1617 3.0 0.5
62 3996 5.0 4.1533313
62 497 3.5 3.6287692
62 1094 5.0 4.344504
62 4848 3.0 2.9092505
63 1206 5.0 4.5159464
63 1214 4.0 4.519259
63 1240 3.0 2.2727978
63 1276 4.0 4.591089
63 1278 3.0 3.8329105
63 1035 2.0 3.0411844
63 1960 5.0 2.739761
63 1084 4.0 3.834665
63 1204 5.0 3.9330444
63 1217 5.0 4.001983
63 1873 3.0 3.5863907
63 1964 4.0 3.9505944
63 1251 5.0 3.8632605
63 1273 4.0 4.4732533
63 1292 4.0 3.0179372
63 1303 4.0 1.8699285
63 1950 3.0 3.65576
63 2022 5.0 3.6318784
63 1952 4.0 3.1476133
63 1419 4.0 3.9616551
64 7293 3.5 2.9132373
64 69757 3.0 3.3721466
64 3594 4.0 3.3821778
64 71899 4.0 3.4591649
64 72737 5.0 3.613021
65 1214 4.0 3.363747
65 79132 2.5 2.407059
65 344 4.0 2.5049198
65 1272 4.0 2.040839
65 1608 3.0 3.0351453
65 19 3.0 2.6490505
65 2722 2.0 1.3609804
65 4370 4.5 4.783365
65 7104 1.5 3.8552425
65 2311 3.0 2.0663118
65 2520 2.0 3.6386983
65 3206 3.0 4.9388833
65 4159 3.5 3.7333198
65 5136 4.0 3.3028607
65 6383 1.0 2.845248
65 6658 1.0 3.4415324
65 7193 0.5 2.9530904
66 589 5.0 2.31482
66 10 3.0 3.8471832
66 172 4.0 3.7185435
66 185 3.0 3.5314682
66 353 2.0 3.2487972
66 442 4.0 2.0404909
66 464 3.0 2.1247668
66 405 2.0 4.7452064
66 458 2.0 3.7919774
67 500 2.0 3.0774891
67 356 4.0 2.426788
67 150 4.0 4.1259785
67 231 2.0 3.771645
68 1909 4.0 3.4510334
68 1721 3.0 2.9481065
68 1835 1.0 5.0
68 2302 2.0 4.1399856
68 150 5.0 4.2898574
68 509 4.0 5.0
68 539 4.0 4.8314424
68 1183 5.0 3.8981135
68 508 4.0 3.638398
68 1917 4.0 3.8129349
68 1888 2.0 3.364036
68 363 5.0 4.302101
68 1780 5.0 4.53672
68 2442 4.0 3.3088837
69 858 5.0 4.369112
69 1206 5.0 3.031161
69 1208 5.0 5.0
69 1221 5.0 5.0
69 1258 3.0 4.4621496
69 1333 5.0 4.220877
69 1645 3.0 3.701962
69 2921 4.0 3.1267262
69 3476 2.0 2.5874174
69 34 4.0 4.1416407
69 2617 3.0 3.6483326
69 900 5.0 5.0
69 1247 5.0 3.9020326
69 908 5.0 4.8265758
69 1288 5.0 5.0
69 2997 5.0 4.1972723
69 4643 2.0 4.326027
69 1674 5.0 3.8708155
69 2278 3.0 5.0
69 1269 5.0 3.9733717
69 1885 4.0 3.8528047
69 247 4.0 5.0
69 910 5.0 3.6092174
69 969 5.0 3.8275082
69 1264 4.0 5.0
69 2075 5.0 5.0
69 2920 5.0 5.0
69 1251 5.0 2.8864903
69 2919 4.0 2.6913679
69 29 5.0 4.694175
69 1237 5.0 5.0
69 1729 2.0 5.0
69 2064 5.0 3.723374
69 2788 5.0 3.967235
69 3181 5.0 3.4310277
69 3266 5.0 3.0634947
69 3685 5.0 5.0
69 3728 5.0 3.8859537
69 4641 2.0 5.0
69 4361 5.0 4.353421
69 1211 5.0 4.1967735
69 4712 5.0 3.8025079
69 4195 5.0 2.1928222
69 702 5.0 3.2968767
69 909 5.0 2.88771
69 1244 5.0 4.467687
69 125 5.0 3.2736874
69 562 5.0 4.346519
69 668 5.0 4.3487406
69 1104 5.0 5.0
69 2070 5.0 3.4074867
69 2360 5.0 4.7310195
69 3171 5.0 3.0474663
69 3307 5.0 2.9587839
69 3470 5.0 4.485212
69 3588 5.0 3.099784
69 4283 5.0 3.312676
69 4334 4.0 4.7557464
69 4390 5.0 4.2518883
70 198 4.5 3.9632938
70 1127 5.0 4.1624618
70 1198 5.0 4.1330624
70 1206 4.0 3.2955563
70 1215 5.0 4.0746436
70 1265 4.0 4.5212026
70 1748 4.0 3.348887
70 1805 3.0 4.180457
70 1876 3.0 4.201469
70 1994 4.0 4.238028
70 2012 2.5 3.263059
70 2288 4.5 4.00595
70 2692 5.0 4.055429
70 2701 3.5 3.6582506
70 3476 5.0 3.94028
70 2 3.5 3.6247692
70 364 3.5 4.2757993
70 500 3.0 4.1125593
70 1375 4.0 3.7220442
70 1653 4.5 3.3403034
70 1721 4.0 3.0155864
70 3408 4.0 3.2071311
70 356 2.0 3.840256
70 588 4.0 4.0696216
70 595 3.5 4.434919
70 1297 5.0 3.6091447
70 1380 2.0 3.7949493
70 1639 4.0 3.5701618
70 2054 3.0 3.5167205
70 2100 3.0 4.2858605
70 2455 3.5 3.7143748
70 3949 4.5 5.0
70 5952 5.0 4.879921
70 7147 4.0 4.2782655
70 2959 5.0 3.7405183
70 4546 4.5 4.2224984
70 8961 4.0 3.5914116
70 45499 3.5 3.9540136
70 172 4.0 3.9425302
70 2797 4.0 3.8183544
70 235 4.0 3.621818
70 1343 4.0 3.589699
70 1673 3.0 4.3979354
70 2174 3.0 3.7023582
70 2700 3.5 3.5879955
70 3000 5.0 3.4637642
70 3253 4.0 3.5453033
70 3421 4.0 4.3430796
70 4226 5.0 4.720801
70 5445 3.0 4.024721
70 5902 2.0 2.9126096
70 6807 4.0 4.0866213
70 8368 5.0 4.200423
70 8874 5.0 4.5096483
70 912 3.0 3.7067075
70 1967 5.0 3.5727143
70 39183 4.5 3.0992465
70 4718 3.0 4.495678
70 3081 4.0 3.6190374
70 44191 5.0 3.731229
70 788 3.5 3.9021842
70 724 4.0 3.684001
70 1339 4.0 4.148106
70 1717 3.0 3.3251045
70 29 4.5 4.512674
70 322 4.0 4.1757584
70 610 4.0 3.5619254
70 3809 3.0 3.9857504
70 4025 4.0 3.6744003
70 4873 4.0 3.8539994
70 1298 3.5 3.4463468
70 3255 3.0 3.6143587
70 3977 4.0 3.8908486
70 30812 3.0 4.1460395
70 2470 5.0 3.336812
70 52281 4.5 5.0
70 37729 4.0 3.5686364
70 1037 4.0 4.549288
70 2145 4.0 3.692142
70 3863 3.0 4.959377
70 5379 4.0 3.8587403
70 26504 4.0 2.8867142
71 750 3.0 3.2488804
71 1416 4.0 1.9109302
71 5013 4.0 1.1275065
71 2125 4.0 3.0649676
71 40629 5.0 0.5
72 110 3.0 5.0
72 318 4.0 3.5542464
72 1270 3.0 3.4890215
72 1304 4.0 3.6026263
72 497 4.0 3.0126357
72 900 3.0 4.023708
72 928 4.0 5.0
72 1643 2.0 4.5596848
72 903 2.0 5.0
72 904 4.0 3.8138232
72 911 4.0 4.244294
72 922 5.0 3.5341294
72 942 5.0 2.715048
72 1212 4.0 3.5389576
72 1284 5.0 3.1215804
72 29 3.0 4.6487646
72 1175 3.0 3.3960311
72 1222 3.0 4.9976926
72 58 4.0 3.298807
72 1277 4.0 3.3306763
73 1127 3.0 2.8972602
73 1215 4.0 4.2140956
73 1022 2.5 3.7850237
73 410 2.5 4.3813457
73 1225 4.0 4.1336184
73 2278 4.0 3.6733184
73 5945 4.5 2.7554295
73 19 1.5 2.86696
73 4238 4.0 3.5666628
73 5900 2.5 2.7004364
73 67734 0.5 3.223643
73 1061 3.0 3.786109
73 2005 4.0 3.5136855
73 577 3.0 0.96289253
73 86142 3.0 3.2077084
74 260 3.0 3.3092227
74 608 5.0 4.599176
74 830 3.0 2.7086658
74 1084 5.0 4.6311436
74 117 2.0 3.4385974
75 296 5.0 3.4977252
75 367 3.0 3.395856
75 527 5.0 2.6074774
75 541 4.0 4.167778
75 1073 4.0 3.2956612
75 1089 4.0 3.4380577
75 1196 3.0 3.9605637
75 1199 4.0 3.9176579
75 1200 3.0 3.8820672
75 1234 3.0 4.065841
75 1240 3.0 3.8955064
75 1258 3.0 3.722802
75 261 3.0 3.1762617
75 356 1.0 2.2293112
75 377 2.0 3.2646124
75 497 4.0 3.0602553
75 920 3.0 2.5385156
75 1035 4.0 3.459687
75 1296 3.0 4.4087768
75 230 5.0 4.146548
75 292 2.0 3.2242634
75 357 3.0 3.1966636
75 587 2.0 1.9017657
75 733 2.0 3.1955998
75 1090 3.0 3.7881489
75 246 5.0 3.2810326
75 508 3.0 3.9257653
75 551 5.0 3.4962058
75 923 4.0 2.9806232
75 1103 3.0 3.8433623
75 1171 3.0 3.9768205
75 28 5.0 4.2070856
75 930 3.0 3.514714
75 1047 2.0 4.2122073
75 111 3.0 3.4873364
75 382 2.0 2.901692
75 288 1.0 2.888752
75 1093 3.0 4.381024
75 280 3.0 4.087241
75 337 5.0 3.350158
75 555 4.0 3.2890759
75 159 3.0 2.7764642
75 176 5.0 1.8296095
75 232 4.0 3.8147662
75 1298 4.0 4.0016823
75 58 4.0 4.6284184
75 1030 3.0 3.0235498
75 1295 5.0 4.0307436
75 1009 3.0 4.0269327
75 1305 3.0 3.228885
75 458 2.0 4.243281
75 131 3.0 2.545286
75 358 3.0 3.7213678
75 461 3.0 3.3207479
75 650 3.0 3.2124677
75 824 5.0 2.4338176
75 932 3.0 3.271081
75 949 4.0 2.2120314
75 1042 3.0 4.1515594
76 111362 4.0 3.9880347
76 115617 3.5 3.4956138
76 1225 3.0 4.583381
76 92259 4.0 5.0
77 480 4.0 3.851276
77 1291 3.5 3.979017
77 1580 2.5 4.3483787
77 1721 4.0 1.8937776
77 2396 4.5 3.5522146
77 2712 4.0 2.881974
77 898 4.5 4.901662
77 1247 5.0 3.5136204
77 1704 4.0 3.635699
77 4034 4.5 3.1654027
77 5878 5.0 4.4342976
77 308 4.5 3.7389627
77 4223 4.0 2.8554566
77 5010 3.0 2.8404448
77 6323 3.0 3.2438853
77 4446 2.5 3.0112412
77 2621 4.0 3.3784423
77 2908 4.0 2.6057622
77 6039 3.5 4.028608
77 6217 3.5 3.149557
78 296 4.0 3.8899949
78 4306 3.0 3.437184
78 5952 4.5 4.0023365
78 7147 4.5 4.0133657
78 59725 2.0 2.9481626
78 60069 4.0 3.604292
78 4886 3.5 3.717819
78 72998 4.5 3.5961714
78 4011 4.0 2.8135602
78 7361 3.0 3.9974425
78 5890 4.0 3.4908032
78 51255 2.0 3.6222756
78 59784 3.5 3.083105
78 67734 3.5 3.4904351
78 72226 3.5 3.6207352
78 1884 5.0 2.5732849
78 3429 3.5 4.1765394
78 7254 4.5 3.7305205
78 68157 4.5 4.5353146
78 27904 2.5 2.8303654
78 48394 4.0 2.8281846
78 37729 4.0 3.7505496
78 69951 4.0 2.3251352
78 50851 3.5 4.172932
78 7099 4.5 2.7639804
78 6935 3.0 3.7145696
78 8973 2.5 3.1144307
78 27731 4.0 4.4642377
78 32562 4.5 3.8154604
78 44694 2.5 3.0159063
78 46723 3.5 2.7317746
78 52885 4.5 3.1948075
78 57640 3.5 3.5723462
78 70728 2.5 3.34332
78 71264 3.0 3.5259364
78 71462 2.5 4.1038184
79 527 5.0 5.0
79 608 2.0 4.8675528
79 999 2.0 2.980624
79 1199 3.0 4.244055
79 1242 4.0 4.2731357
79 1291 3.0 4.5050464
79 1387 2.0 4.3863487
79 2028 4.0 5.0
79 2987 2.0 3.5371518
79 11 4.0 2.6329665
79 1302 2.0 3.0817034
79 1693 3.0 3.741726
79 1960 3.0 2.848527
79 2628 4.0 1.9903543
79 412 5.0 2.8928592
79 1224 4.0 4.427728
79 2329 5.0 4.180211
79 912 5.0 3.992563
79 41 4.0 4.380329
79 2657 1.0 4.0947876
79 1694 4.0 3.4553576
79 1729 3.0 4.8801875
79 1962 4.0 2.9317822
79 73 3.0 4.2578363
79 307 5.0 4.5531864
79 1366 4.0 4.6863112
79 1244 5.0 3.9949937
