1 32 2.0 3.7289815
1 164 3.0 3.050088
1 198 3.0 4.009151
1 318 3.0 4.174569
1 367 4.0 3.2842236
1 431 2.0 2.9621387
1 474 3.0 3.2946792
1 590 2.0 4.181432
1 648 5.0 3.2181923
1 858 5.0 4.1920776
1 1092 3.0 2.9474013
1 1129 5.0 2.781832
1 1219 5.0 3.1942885
1 1220 4.0 3.4280703
1 1252 4.0 4.1973505
1 1253 3.0 3.245534
1 1261 4.0 3.231175
1 1270 3.0 4.3939877
1 1378 3.0 3.515378
1 1589 3.0 3.6823287
1 1953 4.0 4.215161
1 1965 3.0 4.436355
1 1982 4.0 3.2256007
1 1994 5.0 4.1283803
1 2248 2.0 4.2266803
1 2288 3.0 4.258577
1 2401 4.0 3.5863843
1 2664 4.0 3.7912734
1 2701 1.0 3.0128267
1 2716 5.0 3.5417287
1 2782 4.0 3.4447355
1 2948 4.0 3.160229
1 2951 5.0 3.8548498
1 2985 3.0 2.7123802
1 3018 3.0 3.320919
1 3032 3.0 3.7010663
1 3363 3.0 2.9852488
1 3508 3.0 4.5806704
1 3699 5.0 3.036141
1 3703 3.0 3.1705685
1 3735 3.0 4.0129533
1 4043 3.0 3.5045023
1 4126 3.0 2.296063
1 4128 5.0 4.19229
1 5060 5.0 3.227989
2 858 4.0 4.386497
2 1374 1.5 4.0136647
2 1645 4.0 3.131655
2 1997 5.0 4.4362464
2 1275 5.0 2.1954386
2 1721 4.0 2.3290484
2 2396 4.0 3.9891026
2 3408 3.0 5.0
3 260 5.0 4.3889546
3 1210 4.0 3.5443418
3 34 5.0 4.2186875
3 1777 5.0 3.9944224
3 48 1.0 3.7992349
3 914 5.0 4.202681
3 916 5.0 3.273679
3 928 5.0 3.1614134
3 938 5.0 2.967385
3 1031 3.0 4.825889
3 1032 3.0 3.3958547
3 1485 2.0 4.8325634
3 2038 3.0 2.9617043
3 2054 3.0 4.473487
3 2081 4.0 5.0
4 750 4.0 2.3417244
4 1197 5.0 3.0081449
4 1210 5.0 3.127585
4 1573 2.0 3.4432085
4 3147 4.5 4.0094757
4 5060 3.5 2.174536
4 105 2.0 2.771176
4 3408 4.0 3.631474
4 588 3.0 3.6249416
4 1285 4.0 3.2067556
4 163 4.0 2.7406094
4 345 3.5 4.5826926
4 1246 5.0 4.0262256
4 1268 4.0 2.5745144
4 1499 2.0 3.7814934
4 1961 3.5 3.437172
4 2395 3.5 3.7224987
4 2455 2.5 3.596652
4 2997 1.5 3.172501
4 3897 2.5 2.9811327
4 4621 3.0 3.8201492
4 6365 2.5 2.2831938
4 6711 3.5 3.336786
4 6942 4.0 3.4782343
5 50 4.5 4.26344
5 2565 3.5 4.6831293
5 2959 4.0 2.226881
5 31878 3.0 2.8012335
6 1721 4.0 3.1621764
6 4310 3.5 3.4397907
6 58559 4.0 5.0
6 63992 3.5 3.2868257
6 78264 3.5 3.9442756
6 78772 3.5 2.7937906
6 80615 4.0 1.8626742
6 82461 2.5 3.1412458
6 85261 4.0 3.6228275
6 87876 1.0 4.787694
6 89480 2.5 2.5826678
6 90647 3.0 4.3362436
6 90746 3.5 2.7024384
6 93326 4.0 4.2428923
6 94015 1.5 4.0043764
6 96964 3.5 2.31093
6 97462 3.5 2.5193155
6 100390 3.0 3.1413434
6 101142 4.0 4.124893
6 102125 3.5 2.0329478
6 102720 4.5 4.2391043
6 103335 4.5 4.237423
6 104274 3.0 2.0810273
6 104841 3.0 2.5512764
6 105844 3.5 4.517171
6 106072 3.5 2.8283894
6 108945 1.5 3.1129313
6 109864 2.5 3.9335475
6 110773 0.5 3.5829928
6 111113 2.5 3.7065911
6 111249 3.5 4.0043807
6 111362 4.0 4.36102
6 111759 3.5 2.5285885
6 112138 3.0 4.180974
6 112623 3.5 2.3342195
6 113103 2.0 2.7096622
6 116797 3.5 3.6070461
6 117851 2.5 2.9986627
6 120825 1.5 3.6250796
7 349 3.0 3.732181
7 377 4.0 3.7417014
7 1 5.0 3.996533
7 10 4.0 3.7220764
7 16 3.0 3.510989
7 44 4.0 3.9754903
7 47 5.0 3.8578932
7 74 5.0 2.891643
7 150 4.0 3.8217978
7 172 4.0 3.8171725
7 174 4.0 3.2151053
7 315 4.0 3.6668546
7 343 3.0 4.079487
7 351 1.0 3.4532347
7 355 3.0 3.6180184
7 361 3.0 3.9787705
7 415 3.0 3.8882365
7 454 4.0 3.5676491
7 475 5.0 4.0367017
7 520 4.0 3.852516
7 587 3.0 3.779759
8 260 5.0 3.5639036
8 474 4.0 4.175016
8 541 4.0 3.8132603
8 1200 4.0 3.8924122
8 1210 5.0 3.753315
8 1270 4.0 4.1708755
8 1580 4.0 4.0900946
8 1645 3.0 4.222825
8 2916 2.0 3.3519437
8 2944 5.0 4.375743
8 2947 4.0 3.3127234
8 2948 4.0 3.6736805
8 3703 3.0 4.006253
8 2396 4.0 4.39006
8 1035 5.0 4.4111366
8 1246 5.0 3.878745
8 2302 4.0 3.5139847
8 1088 2.0 3.412797
8 1131 3.0 4.1201034
8 1272 4.0 3.4116187
8 1459 4.0 3.6511405
8 1616 4.0 3.9271748
8 1722 4.0 3.7677066
8 2020 4.0 4.2215495
8 2021 4.0 3.91339
8 2352 4.0 4.139722
8 2949 4.0 3.3159173
8 3072 2.0 4.3878736
8 3198 4.0 3.2976317
8 3246 5.0 2.3447614
8 3256 4.0 3.8432677
9 480 3.0 3.8840945
9 527 5.0 4.4618106
9 105 3.0 3.8706942
9 339 4.0 4.0610566
9 1035 4.0 3.3035789
9 316 3.0 3.681814
9 21 5.0 3.7701988
9 277 4.0 2.813548
9 329 4.0 3.1342735
9 383 4.0 3.5593336
9 454 5.0 3.4779727
9 485 3.0 3.905169
9 529 3.0 3.71717
9 132 3.0 4.0556993
9 140 3.0 3.8049314
9 194 4.0 3.3077838
9 378 3.0 3.651936
9 524 4.0 3.6528294
9 653 3.0 3.2058747
9 805 3.0 3.3409464
9 1094 4.0 3.4509304
9 1095 3.0 3.2902715
10 296 4.0 4.0062723
10 318 3.5 4.444508
10 553 4.0 3.410792
10 592 4.0 3.7898467
10 750 4.5 4.3587623
10 858 4.5 3.9405036
10 1206 3.0 3.7691164
10 1278 4.5 3.996985
10 1304 4.0 3.8750126
10 2194 3.5 3.552497
10 2858 4.5 4.0581617
10 2948 3.5 3.644909
10 3543 3.0 3.6643155
10 2406 2.5 4.463277
10 3100 3.5 3.8142638
10 1035 1.5 4.032918
10 1247 4.0 3.8573163
10 1297 4.5 3.2896323
10 1639 5.0 3.7737029
10 2997 3.5 3.4071321
10 4014 3.5 3.4995153
10 4993 4.0 4.723763
10 1 4.0 3.9126065
10 47 3.5 3.9932842
10 293 4.0 3.9094296
10 272 4.0 3.982239
10 1213 4.5 3.7792628
10 2918 3.5 3.745991
10 3252 3.5 3.433973
10 215 4.0 3.1603284
10 535 4.5 3.771929
10 778 4.0 3.737615
10 1050 4.0 4.073225
10 1228 4.0 3.8372133
10 1885 3.5 3.7163987
10 1921 4.5 3.9394226
10 2019 3.5 3.8114676
10 2329 4.5 4.0346503
10 2699 2.5 3.4555452
10 3253 3.5 3.800031
10 3267 3.5 4.0217566
10 3317 4.0 4.3645387
10 3448 2.5 3.6804807
10 3608 3.5 3.7449224
10 4036 1.5 4.34079
10 4848 2.5 4.214902
10 5812 4.0 3.204149
10 5902 3.5 3.8946643
10 6331 3.5 3.1711018
10 6755 4.0 3.9554183
10 6874 4.5 3.4980595
10 6974 4.5 4.2684407
10 7569 2.5 2.9150817
10 8665 3.5 3.461769
10 32587 4.5 3.8272555
11 553 3.0 3.2050326
11 1304 4.0 3.490597
11 1101 3.0 3.5479379
11 1923 5.0 2.73035
11 19 1.0 3.5203524
11 1537 2.5 3.3650756
12 593 5.0 4.3572426
12 1242 2.0 2.6663187
12 5445 3.0 3.676231
12 5450 2.0 4.377592
12 5481 4.0 3.3889217
12 5968 2.0 3.0882297
13 595 5.0 4.205402
13 838 4.5 3.7744846
13 1022 4.5 3.8255568
13 8961 3.5 3.0464046
13 1203 5.0 4.2442794
13 1517 4.0 3.6110868
13 8464 3.5 3.3872085
13 27706 3.0 3.579774
13 5377 3.5 3.2718098
13 181 3.0 4.0963006
13 837 3.5 3.2685363
13 912 5.0 4.332079
13 1688 3.0 3.7222087
13 2092 3.0 3.8198135
13 2139 3.5 3.2227445
13 3173 4.0 3.5496142
13 3250 3.5 3.6906586
13 3879 3.0 2.958234
13 4308 5.0 3.575191
13 4519 3.5 3.593423
13 5444 3.0 3.3518083
13 6624 4.0 3.8290064
13 7345 3.5 3.5576785
13 8946 3.0 3.5551713
13 26662 4.0 3.2494988
13 32289 2.5 3.827863
13 32770 4.0 3.818238
13 39183 4.0 3.6048353
13 41566 3.5 3.3347058
13 44022 3.5 3.4225905
13 44225 2.5 3.8586857
13 46976 3.5 3.3408597
13 50601 3.5 3.5986083
13 50872 4.5 3.3445632
13 53956 3.5 4.320334
13 56949 3.5 3.2035565
13 57532 1.0 3.2445142
13 60141 3.5 3.8317971
13 61024 1.0 2.9516177
13 63859 3.0 3.7414927
13 66097 3.0 3.5505583
13 68554 2.0 3.443158
13 69253 2.5 4.202184
13 72919 2.5 3.4826412
13 77264 4.0 3.1013014
14 318 5.0 4.967456
14 457 4.0 3.7230241
14 2 4.0 3.5031514
14 500 3.0 3.483803
14 377 3.0 3.7254648
14 595 5.0 4.1355968
14 597 3.0 3.180351
14 316 3.0 3.9997578
14 345 3.0 3.345562
14 292 3.0 3.0642512
14 509 5.0 4.9066343
14 586 3.0 3.1756043
14 246 5.0 4.096984
14 314 4.0 3.389551
14 534 4.0 4.235988
14 28 5.0 3.9267702
14 306 4.0 3.4486926
15 110 5.0 4.491377
15 648 3.0 3.1575475
15 750 4.0 3.9952717
15 913 3.0 3.5934615
15 1073 4.0 3.3762126
15 1196 4.0 4.7102375
15 1252 1.0 2.5239816
15 1580 3.0 4.6937423
15 1997 3.0 3.935858
15 2527 3.0 5.0
15 2529 4.0 3.490993
15 953 5.0 3.6018898
15 1375 3.0 4.074328
15 928 5.0 3.306736
15 1674 3.0 3.8234506
15 931 3.0 2.9533815
15 1248 5.0 2.9533317
15 903 5.0 2.5494776
15 1193 4.0 4.0755634
15 257 3.0 3.3561451
15 905 4.0 5.0
15 910 5.0 4.1035204
15 946 3.0 4.776957
15 1068 3.0 4.2721677
15 1873 5.0 4.1827836
15 2105 5.0 3.8511612
15 2208 5.0 4.1088114
15 2647 5.0 3.251103
15 2967 4.0 3.3231938
15 3075 2.0 4.266364
16 780 5.0 4.0357594
16 736 3.0 3.0466342
16 1 5.0 3.417916
16 832 4.0 4.518505
17 135 2.0 4.731406
18 110 5.0 5.0
18 260 5.0 3.7599852
18 1196 5.0 4.3791914
18 1219 5.0 4.7898746
18 3949 5.0 4.811135
18 4993 5.0 5.0
18 5952 5.0 4.4568233
18 2959 5.0 5.0
18 1203 5.0 2.8197641
18 2329 5.0 3.1300066
18 4226 5.0 4.768181
18 7361 5.0 4.493066
18 904 4.5 4.2560472
18 2428 4.0 4.446229
18 382 4.5 4.2249165
18 4235 4.5 3.8506274
18 6016 5.0 5.0
18 31696 4.5 4.085972
18 36529 5.0 2.6469734
19 608 3.5 4.1909986
19 1092 4.0 4.762644
19 1625 5.0 4.417148
19 3996 4.0 4.169042
19 6711 4.0 3.2835433
19 48385 5.0 4.4171414
19 150 4.0 4.2925887
19 1552 3.5 3.5636008
19 6333 4.0 3.2579598
19 42004 5.0 3.4046843
19 44761 3.0 4.041033
20 608 5.0 2.9124894
20 1219 5.0 2.0623176
20 1266 5.0 3.3554277
20 2012 3.0 4.4149847
21 780 3.0 4.5025835
21 86 4.0 2.5593934
21 628 4.0 3.601334
21 802 4.0 4.1654196
22 762 3.0 3.3109312
22 261 3.5 1.2149235
22 1186 4.0 4.448161
22 1094 5.0 2.8817286
22 5151 5.0 2.4308853
22 724 3.0 1.7919762
22 54190 4.5 0.5
23 527 5.0 3.9413471
23 1258 5.0 3.8124495
23 1356 5.0 2.445817
23 1372 3.0 4.3742266
23 1407 4.0 2.9334304
23 1527 3.0 3.98605
23 1876 3.0 3.2712638
23 1499 3.0 2.7078428
23 165 3.0 3.277043
23 733 2.0 4.58122
23 1518 5.0 2.4971752
23 1544 3.0 3.60842
23 1590 4.0 2.7461228
23 1969 4.0 3.1245415
23 1970 4.0 2.6310983
23 2793 4.0 3.6790423
23 2902 3.0 3.7304046
23 3208 3.0 4.299638
24 1210 5.0 4.0887094
24 1358 5.0 3.666813
24 185 4.0 2.374122
24 344 3.0 3.2098117
24 380 5.0 4.857737
24 475 4.0 3.2026074
24 485 2.0 3.7200823
24 529 5.0 3.9327626
24 802 5.0 4.3827515
24 1513 4.0 3.5584776
25 2701 1.0 3.8502927
25 2716 4.0 2.6424716
25 3408 5.0 3.5466058
25 2997 4.0 2.5364702
25 2856 5.0 4.1029572
25 2676 4.0 4.1907997
25 2013 4.0 3.9484587
25 2147 4.0 3.8900793
25 2881 5.0 4.967118
25 2888 3.0 3.5178103
26 32 3.0 3.4595988
26 50 5.0 3.5338504
26 110 5.0 3.5757575
26 457 4.0 3.2453694
26 480 5.0 3.3861363
26 593 5.0 3.743139
26 150 4.0 3.3853264
26 185 4.0 3.2520099
26 454 4.0 3.9376726
26 586 3.0 3.221727
26 300 4.0 4.3553605
27 2028 4.0 3.47972
27 1148 4.0 2.7780695
27 2300 4.0 4.1079955
27 2706 5.0 2.6583748
27 519 2.0 2.444194
27 2671 4.0 3.4073982
27 33166 5.0 3.6251597
27 57368 3.0 4.7416444
27 64957 4.0 4.0535674
28 260 2.0 4.0681024
28 1199 5.0 3.637655
28 329 1.0 1.7780681
28 1186 3.0 2.8960435
28 1957 4.0 1.7878783
28 2501 4.0 4.868347
28 2065 1.0 4.7580795
29 1214 5.0 5.0
29 1997 5.0 4.14221
29 412 3.0 3.8731916
29 1093 4.0 3.0427647
29 2245 4.0 3.441776
29 2859 5.0 5.0
30 457 4.0 3.951679
30 590 5.0 3.9014783
30 153 4.0 3.3793254
30 440 5.0 2.8753347
30 316 2.0 3.2305126
30 231 4.0 2.3342636
30 355 3.0 4.1112247
30 415 3.0 3.6109114
30 516 3.0 3.9263957
30 540 3.0 2.822842
30 587 4.0 2.9596817
30 161 3.0 3.4421797
30 253 2.0 3.0770702
30 225 4.0 3.7937927
30 24 3.0 2.7478564
30 71 4.0 3.1252975
30 216 4.0 3.9219708
30 555 4.0 4.738404
31 32 4.0 4.83087
31 50 2.0 5.0
31 367 0.5 3.4761517
31 527 3.0 4.7560134
31 541 5.0 4.1883836
31 996 3.0 1.7512577
31 1129 5.0 2.6065235
31 1234 4.0 3.2873511
31 1257 4.0 4.390317
31 1259 3.0 3.537994
31 1276 5.0 2.1073332
31 1347 3.0 5.0
31 1387 4.0 3.5722747
31 1407 0.5 1.777611
31 1500 3.0 3.333383
31 2009 4.0 2.1099083
31 2076 3.0 5.0
31 2194 3.0 3.514999
31 2529 4.0 3.9561076
31 2804 4.0 3.452957
31 2858 0.5 5.0
31 2912 4.5 3.5092225
31 2951 4.0 2.8679993
31 2987 3.0 2.3267767
31 3104 2.0 1.5563995
31 3147 1.5 3.4813647
31 3272 3.0 3.5695057
31 4037 5.0 0.83082885
31 5060 4.5 1.1536834
31 349 2.0 3.8953211
31 364 2.0 3.0642514
31 1653 3.0 2.913209
31 1777 1.0 2.1066642
31 2053 0.5 4.4269705
31 2617 1.0 2.3464663
31 3100 4.0 2.9515905
31 5 0.5 1.7011961
31 356 0.5 2.2978668
31 440 1.0 2.198906
31 1285 4.0 2.5178807
31 163 3.0 4.641392
31 1268 0.5 3.278954
31 1288 4.0 4.295533
31 4014 0.5 2.7747278
31 4643 1.0 2.949058
31 4973 4.0 5.0
31 4993 0.5 3.6121018
31 6250 3.0 1.1417888
31 3744 0.5 3.1796038
31 6283 3.0 3.006442
31 4310 4.0 2.462178
31 79 0.5 2.9762952
31 374 0.5 1.7966707
31 410 4.0 1.3884236
31 1225 5.0 3.2653284
31 1263 5.0 4.6116223
31 1393 0.5 4.863518
31 1411 4.0 3.6027603
31 2278 3.0 3.170396
31 2427 3.0 3.2297773
31 3723 2.0 4.3729672
31 193 5.0 4.71586
31 1084 4.5 5.0
31 1080 5.0 3.5726993
31 1203 2.0 4.9347596
31 1224 4.0 4.8085017
31 1228 5.0 3.5510082
31 1269 3.0 3.5454917
31 1921 4.0 2.295355
31 2871 5.0 3.3348124
31 3052 0.5 3.9039536
31 4011 3.0 5.0
31 4979 4.5 5.0
31 7361 4.5 2.986419
31 8807 4.5 4.016975
31 435 0.5 1.6080108
31 2141 3.0 3.533084
31 2142 0.5 3.0580435
31 3969 0.5 3.9015408
31 51255 3.5 4.9836326
31 253 3.0 0.6024548
31 930 4.0 3.9735298
31 1334 0.5 0.78888077
31 1348 4.0 4.977733
31 1924 1.0 2.8154485
31 2186 4.0 2.8605397
31 2208 4.5 3.5500345
31 2633 2.0 2.7827127
31 3089 4.5 4.6992517
31 2501 3.0 3.3232434
31 784 4.5 3.3056428
31 3081 3.0 3.4838274
31 5378 3.5 4.518693
31 2023 3.0 3.384666
31 1974 1.0 3.677502
31 2986 4.0 2.838012
31 4351 5.0 0.5
31 6893 5.0 2.2783785
31 33166 2.0 2.26849
31 2490 3.0 3.98196
31 2723 1.0 1.0297502
31 333 1.0 3.0078762
31 20 1.5 5.0
31 89 1.0 4.5163727
31 245 4.0 4.351754
31 332 4.0 3.93672
31 365 1.5 4.3397927
31 426 3.0 2.5160084
31 482 3.0 4.2104454
31 565 4.5 3.1941705
31 663 4.0 2.802941
31 714 4.5 3.537063
31 950 3.0 2.9521942
31 1202 5.0 1.6302148
31 1207 0.5 3.9876115
31 1233 5.0 4.743097
31 1254 5.0 4.3384457
31 1281 2.0 3.8282046
31 1301 3.5 1.9662085
31 1391 1.0 2.2007554
31 1785 5.0 4.347156
31 1827 4.0 3.365919
31 1840 4.5 5.0
31 2006 3.0 2.4737182
31 2031 0.5 2.2634294
31 2061 3.0 2.2715514
31 2140 3.0 2.73756
31 2176 4.0 4.195035
31 2273 0.5 5.0
31 2282 4.0 4.2894535
31 2308 3.5 4.027813
31 2315 3.0 2.8088381
31 2377 3.0 4.0646806
31 2385 4.0 3.2095795
31 2403 0.5 1.2428689
31 2420 3.0 1.4058337
31 2511 4.5 1.9508024
31 2513 1.0 2.36433
31 2583 4.0 1.9535007
31 2720 0.5 3.3068893
31 2730 4.0 4.1550107
31 2745 3.0 1.9706585
31 2900 4.5 4.681285
31 3008 3.0 4.091205
31 3034 4.0 2.052878
31 3071 2.0 5.0
31 3120 0.5 4.5083756
31 3121 0.5 4.1494727
31 3143 4.0 2.2018042
31 3200 1.0 3.9320254
31 3213 2.5 2.6674495
31 3247 0.5 4.2865496
31 3275 1.0 2.2285633
31 3355 1.0 2.7368708
31 3427 4.0 4.2916865
31 3429 5.0 1.0778413
31 3479 3.0 4.419218
31 3499 4.0 4.085291
31 3519 1.0 3.7068672
31 3536 0.5 3.554247
31 3654 4.0 4.251193
31 3741 5.0 0.8033614
31 3783 4.0 2.485729
31 3801 5.0 2.2259052
31 3893 2.0 4.9608126
31 3916 0.5 0.6077268
31 3968 3.0 2.7735977
31 4007 4.0 3.5173285
31 4029 3.0 4.5445213
31 4093 1.0 2.3731077
31 4149 3.0 2.1684875
31 4370 3.0 4.2024307
31 4441 5.0 2.3797317
31 4499 1.0 2.2788496
31 4533 4.0 3.3624325
31 4542 2.0 4.2678823
31 4641 4.5 1.0100032
31 4710 4.0 4.415182
31 4751 2.0 1.4580339
31 4791 1.0 2.2702818
31 4799 2.0 3.1001484
31 4881 3.5 3.659276
31 4916 0.5 2.987058
31 4932 1.0 5.0
31 4958 0.5 4.47465
31 5105 0.5 4.30755
31 5199 1.5 3.9753537
31 5323 2.0 4.304091
31 5401 2.0 2.9588883
31 5426 4.5 5.0
31 5479 4.5 3.4625394
31 5507 0.5 2.076211
31 5590 5.0 4.734272
31 5793 0.5 4.093263
31 5847 4.5 3.8099463
31 5867 4.0 4.445743
31 5941 4.0 1.5023073
31 5944 0.5 1.7102376
31 5951 5.0 5.0
31 5986 4.5 3.4861658
31 6058 2.0 2.1331885
31 6162 4.0 1.7027079
31 6387 1.5 2.4066591
31 6401 3.0 5.0
31 6440 5.0 5.0
31 6478 5.0 5.0
31 6537 2.5 1.9293085
31 6615 3.0 2.8909686
31 6620 3.5 4.367457
31 6629 3.5 3.2484488
31 6742 0.5 3.4339767
31 6757 4.0 3.833766
31 6774 5.0 4.1704025
31 6812 5.0 2.2386162
31 6852 4.0 2.716501
31 6862 4.0 2.084507
31 6990 3.0 2.8576477
31 7010 0.5 3.7426708
31 7013 4.5 2.4625885
31 7040 5.0 4.6601286
31 7222 2.0 2.5662131
31 7226 4.5 5.0
31 7247 0.5 2.9342453
31 7317 0.5 0.6955673
31 7368 5.0 2.9078898
31 7419 5.0 5.0
31 8012 5.0 5.0
31 8095 4.0 1.3027377
31 8142 5.0 5.0
31 8169 1.5 2.0573177
31 8257 1.0 5.0
31 8265 1.0 3.8058546
31 8340 4.5 3.0401895
31 8910 4.5 3.3154044
31 26283 5.0 1.2584362
31 26285 3.0 3.6597457
31 26350 5.0 5.0
31 26616 5.0 1.2214282
31 31101 3.5 2.5830166
31 32011 3.5 4.6373167
31 32029 2.0 3.237413
31 36401 4.0 4.6851287
31 37382 5.0 4.671722
31 40412 1.0 4.2053437
31 47646 4.5 3.3083627
31 50794 4.0 1.5737032
31 51540 4.5 4.7101264
31 52462 5.0 2.069001
31 53996 4.0 2.8368711
32 260 5.0 4.511384
32 1197 4.5 4.871086
32 1396 3.5 3.9094946
32 1584 3.5 3.462508
32 48 1.0 2.9011939
32 588 3.0 3.0256655
32 1246 4.0 3.2336078
32 2683 3.0 3.543832
32 4022 3.5 3.2570488
32 5952 5.0 2.9597533
32 4886 4.5 3.6367793
32 1302 3.5 4.2838874
32 1957 4.5 2.5055273
32 2150 5.0 3.8584917
32 2918 4.5 3.7423203
32 1663 4.0 2.1359782
32 919 3.5 4.0920024
32 3114 5.0 4.8082776
32 4896 3.0 3.9386795
32 6947 5.0 3.8843603
32 2376 3.5 2.089149
32 4018 4.0 3.7412755
32 4225 3.5 4.002564
32 4447 4.0 3.7423987
32 4535 4.0 4.1781163
32 6617 4.0 3.3932846
32 7254 0.5 3.8930805
32 7263 4.5 4.143134
33 3418 4.0 2.32514
33 3114 4.0 2.90622
33 37727 4.0 3.3328295
34 110 5.0 3.8787549
34 527 4.0 3.6632023
34 349 4.0 3.7031353
34 597 3.0 3.290854
34 186 3.0 3.5787969
35 318 5.0 4.0061693
35 1240 4.5 3.6893127
35 1876 3.5 3.8310242
35 1909 3.5 3.046948
35 597 2.5 3.4975116
35 586 3.0 3.7719128
35 1552 1.5 3.8568833
35 1148 4.5 3.8685346
36 32 3.0 3.7245257
36 432 1.0 0.5
36 474 2.5 2.3990517
36 592 3.0 2.5104988
36 593 4.5 3.1536164
36 1036 4.0 4.5039115
36 1136 0.5 3.2507272
36 1200 2.0 3.1414926
36 1270 1.0 3.7106977
36 1291 3.0 2.4801512
36 1358 3.0 3.014001
36 1954 1.5 3.5051367
36 2028 4.5 2.6666257
36 2288 0.5 3.8048518
36 105 3.0 1.8493005
36 2406 3.0 2.3117757
36 2640 1.5 2.3668578
36 7153 4.5 4.494497
36 261 3.5 4.5692697
36 1485 1.0 2.119071
36 2054 0.5 3.0601597
36 3897 3.5 3.3889248
36 5952 4.0 4.182447
36 839 4.5 1.7141925
36 8961 3.0 5.0
36 381 5.0 1.7202094
36 1124 2.5 2.8284771
36 2474 3.5 4.709465
36 4034 2.0 5.0
36 5349 3.0 3.8943334
36 5989 3.0 3.0531273
36 8464 2.0 2.658191
36 8636 3.5 2.52392
36 8983 4.5 1.7849851
36 3499 4.0 0.9461549
36 3916 4.5 3.97078
36 4239 2.5 2.0819943
36 4776 2.0 1.8131688
36 30707 5.0 4.3442736
36 1388 1.0 3.1692936
36 8970 3.5 2.6928973
36 8981 3.0 3.9131582
36 27873 5.0 3.6308842
37 260 4.0 3.3193443
37 858 4.0 3.3390307
37 1197 5.0 5.0
37 3578 3.0 4.2367654
37 1653 5.0 3.9391818
37 1380 3.0 3.5170498
37 2054 2.0 3.1891832
37 4306 4.5 3.741737
37 60069 5.0 4.3241434
37 45499 3.5 3.2097268
37 4011 3.5 4.163988
37 4226 4.0 4.676507
37 7361 5.0 4.014549
37 41566 2.5 3.1306727
37 51255 2.5 4.468547
37 68954 5.0 4.567636
37 4878 2.0 4.1450973
37 2301 4.0 4.235807
37 4980 3.5 3.5187545
37 30707 4.5 4.078177
37 33493 2.5 4.3836803
37 53996 3.0 4.4745917
37 7254 3.5 3.6653976
37 575 4.0 3.21933
37 8644 3.5 3.9377565
37 55820 2.5 3.695624
37 68358 5.0 4.6305156
37 71535 5.0 4.8870087
38 1196 4.5 4.180956
38 4993 5.0 5.0
38 72998 4.5 3.4443352
38 5445 4.5 3.6892645
38 8636 4.0 3.6630056
38 3107 3.0 3.8217332
38 1357 4.0 3.5223696
38 49278 4.0 3.2813241
38 70286 4.5 3.6834455
39 260 4.0 3.5801744
39 1136 3.5 2.581413
39 1610 3.5 2.1253927
39 1732 4.0 0.8768347
39 73321 3.5 2.6795352
39 91529 1.5 1.2560617
39 97913 3.0 3.4650273
39 106696 0.5 2.233074
39 293 4.0 1.6108173
39 5445 4.0 2.641515
39 44191 4.5 2.330897
39 49272 3.0 4.77374
39 71535 3.5 1.8110825
39 26614 3.0 0.5
39 48394 2.5 1.9734054
39 78499 4.0 1.8709596
39 88140 1.0 2.853186
40 480 4.5 3.556224
40 1136 3.5 3.9601579
40 1259 3.5 3.398983
40 1261 2.0 2.4394264
40 1876 3.0 2.8495717
40 2011 3.0 3.528427
40 3424 0.5 4.1873355
40 1101 3.0 4.0719457
40 1721 3.0 4.0310874
40 595 4.0 4.170426
40 1032 4.0 3.4531193
40 1059 2.5 3.8234215
40 1380 2.0 4.5886874
40 2395 5.0 3.4641764
40 4993 5.0 5.0
40 6942 3.5 2.9767146
40 7147 4.5 3.5052419
40 7293 2.0 3.3717859
40 45499 3.0 3.5858366
40 72998 4.0 3.5122511
40 78893 3.0 4.094063
40 90866 4.0 3.5009468
40 102125 4.5 3.063841
40 104841 3.5 3.708522
40 109673 2.5 2.8158817
40 111759 4.5 2.6678858
40 112175 4.0 3.5538507
40 112852 4.0 4.4003477
40 454 3.0 4.2292337
40 1682 4.0 3.1481342
40 3176 4.0 3.5067794
40 3256 2.0 3.7494016
40 1080 3.5 3.8849368
40 1274 3.0 4.1356273
40 3052 4.0 3.7089372
40 4979 4.5 3.283135
40 7438 1.0 3.8600678
40 8636 3.5 3.2607503
40 104 2.5 3.237446
40 5502 3.5 3.9932725
40 2138 3.5 4.313304
40 4896 3.0 3.6508908
40 4963 3.0 3.799052
40 6377 4.0 2.8274705
40 8360 3.0 3.4469755
40 44195 4.0 4.343373
40 46578 3.0 3.5277858
40 63131 5.0 3.6050422
40 76093 4.0 3.4359396
40 2657 2.5 3.6639802
40 34437 3.0 3.757226
40 44191 5.0 3.1548414
40 216 2.0 3.3169844
40 337 4.0 4.2237577
40 2720 2.5 2.893522
40 4015 2.0 4.11189
40 4232 2.0 3.1676831
40 5449 2.0 3.8135889
40 6040 3.0 3.7260559
40 7247 3.5 3.3194141
40 8528 3.0 2.7995164
40 8910 4.5 3.262066
40 34405 5.0 3.664151
40 49272 2.0 2.7244234
40 5816 3.0 2.645365
40 6373 3.0 4.416787
40 77561 4.5 3.0312462
40 7502 4.0 4.0563526
40 86332 4.5 3.3243442
40 88140 3.5 3.3338842
40 96079 3.0 3.4596405
40 2313 4.0 2.5548122
40 3285 3.5 4.130795
40 3489 5.0 4.156359
40 3581 3.0 3.4460046
40 4270 3.0 4.1671743
40 4792 3.0 3.6834984
40 7742 3.5 2.873248
40 8331 4.0 2.8468375
40 8782 3.0 3.5602448
40 27772 4.5 4.450082
40 27839 3.0 2.304591
40 37830 5.0 3.9280725
40 46530 3.5 3.8726633
40 48082 2.5 2.8733428
40 52435 3.0 3.9429417
40 52722 3.0 2.8940794
40 55269 4.5 3.1512024
40 56145 4.0 3.1987762
40 56921 4.5 3.008227
40 61132 3.0 3.455404
40 61240 3.5 4.063621
40 63072 2.5 3.8602428
40 64497 3.5 3.5127091
40 64983 3.0 3.8101988
40 70336 3.0 3.337194
40 71106 4.0 3.8441634
40 72171 4.5 3.919
40 74789 4.0 2.5260959
40 82095 3.0 2.994441
40 84732 3.0 3.9188936
40 84954 4.0 4.7438545
40 86882 5.0 3.1214345
40 87192 4.0 4.2240257
40 87232 3.5 4.5756364
40 87234 4.5 2.8103492
40 92192 2.5 2.7457385
40 93805 2.0 3.1642964
40 93840 4.0 2.293846
40 94959 3.5 4.008349
40 95088 4.5 3.7212465
40 95167 4.0 3.1524322
40 101864 4.0 2.8742263
40 103688 3.5 3.4303815
40 106920 5.0 3.0747614
40 108932 4.0 4.2929664
41 364 5.0 4.2115808
41 1721 4.0 4.4757786
41 595 5.0 3.460563
41 918 3.0 4.588468
41 1380 5.0 4.499203
41 2102 5.0 2.9240355
41 1713 4.0 3.7258527
41 1397 5.0 4.0072246
42 480 3.0 2.9859092
42 500 3.0 1.7543647
42 236 3.0 2.4449415
42 339 4.0 2.7342682
42 11 3.0 2.2029138
42 587 3.0 2.3200743
42 300 4.0 2.392374
42 551 1.0 3.253172
42 337 3.0 3.5139117
43 296 5.0 3.7729394
43 590 3.0 4.060393
43 592 3.0 3.2150624
43 497 4.0 4.1796274
43 150 3.0 4.30468
44 296 4.0 4.0850587
44 480 4.0 4.158319
44 780 4.0 4.279343
44 1210 4.5 3.6813107
44 1374 3.0 3.776144
44 1610 3.5 4.054224
44 2001 3.5 4.105784
44 2011 4.0 3.8246245
44 2288 4.5 3.591901
44 2716 4.5 3.1803792
44 2791 3.5 3.956351
44 3699 3.5 4.0336003
44 5218 4.5 4.0343356
44 7153 4.5 4.915326
44 356 4.0 3.9809349
44 2100 3.5 3.6870673
44 3481 3.5 3.795673
44 58559 4.5 3.7628865
44 59315 3.5 3.4515517
44 72998 4.5 3.6057498
44 74458 5.0 3.705252
44 89745 4.5 4.5397067
44 103042 4.5 3.6535234
44 103253 3.5 4.454633
44 105504 4.5 3.794885
44 109673 2.5 4.684941
44 168 3.0 3.460057
44 223 4.0 3.9403584
44 778 4.5 3.5897162
44 4011 4.0 4.003972
44 6874 4.0 3.622269
44 44191 4.5 4.3918843
44 63082 4.5 3.6459901
44 1207 4.0 3.9336529
44 2006 3.0 3.9001427
44 54286 3.0 3.1151779
44 68358 4.5 3.8100884
44 52281 3.0 4.2856803
44 68237 3.5 4.119453
44 48394 5.0 4.2374573
44 96610 3.5 3.4819975
44 84152 4.0 4.6588054
44 87306 3.5 4.031892
44 101864 3.0 3.5243466
44 106489 3.5 3.3083978
44 81788 3.0 3.8448906
44 103980 4.5 3.389128
44 104879 4.0 4.4594326
45 110 3.0 4.752712
45 198 3.0 2.993493
45 968 4.0 2.8095353
45 1129 4.0 4.012137
45 1240 4.0 3.7444966
45 1258 5.0 3.7260175
45 1573 3.0 3.9312446
45 1580 3.0 4.4289255
45 1953 4.0 3.8649209
45 1965 4.0 3.968426
45 2003 2.0 3.1999474
45 2467 4.0 3.4238958
45 2987 4.0 3.210237
45 3044 4.0 2.699629
45 3702 4.0 4.0857334
45 3793 4.0 3.182329
45 1375 2.0 3.621126
45 497 4.0 4.7369013
45 588 4.0 4.608878
45 1059 2.0 3.487384
45 2054 1.0 3.5364525
45 2081 4.0 4.0342216
45 345 5.0 3.3921497
45 2395 4.0 4.5902705
45 2683 4.0 5.0
45 2709 4.0 4.049697
45 2997 5.0 3.5235147
45 4014 4.0 3.4024112
45 10 4.0 3.324855
45 196 2.0 4.1718645
45 442 2.0 4.0724015
45 1183 3.0 5.0
45 1299 4.0 4.488883
45 1302 3.0 3.1364655
45 2020 4.0 4.512572
45 2628 4.0 2.6688478
45 535 3.0 3.9671254
45 778 4.0 3.6924486
45 1060 4.0 3.1288679
45 1188 5.0 3.8353453
45 2474 4.0 2.9258657
45 3361 4.0 4.865974
45 3421 4.0 3.764547
45 4027 5.0 3.63073
45 912 4.0 4.8234406
45 919 5.0 3.7809134
45 2139 4.0 3.701993
45 2142 5.0 2.2893145
45 2761 4.0 4.2423716
45 3114 5.0 3.920273
45 452 3.0 3.4219828
45 3088 5.0 3.2184217
45 745 5.0 4.506087
45 1320 3.0 4.4416256
45 1591 3.0 4.4901476
45 2717 3.0 3.5638664
45 2986 3.0 3.6124225
45 2686 5.0 3.8966482
45 1235 4.0 4.4156685
45 29 4.0 3.5035675
45 232 4.0 3.8865762
45 599 4.0 4.6380625
45 1175 5.0 3.8992615
45 1202 4.0 3.0931184
45 1233 5.0 4.335916
45 1391 3.0 2.9737353
45 1884 4.0 4.563612
45 1912 4.0 2.916883
45 2022 5.0 5.0
45 2116 3.0 4.8886137
45 2403 5.0 2.759016
45 2420 2.0 4.280297
45 2598 1.0 3.4603405
45 3019 4.0 3.7940733
45 3429 5.0 3.7477999
45 2137 3.0 4.180743
45 1357 5.0 3.8821154
45 82 5.0 4.861056
45 94 4.0 4.2183585
45 121 3.0 2.532647
45 379 2.0 3.705464
45 514 4.0 3.3046038
45 1077 4.0 3.6214821
45 1295 4.0 3.2074318
45 1306 4.0 3.5925605
45 1594 4.0 3.6623807
45 2450 3.0 3.0670476
45 2471 3.0 3.231611
45 2735 3.0 3.697896
45 3060 5.0 4.108628
45 3185 4.0 3.1248918
45 3287 3.0 4.2569723
45 3569 5.0 3.9389048
45 3910 4.0 4.1083155
46 527 5.0 3.3736656
46 1805 3.0 3.9648736
46 3273 3.0 3.1788602
46 1721 5.0 2.795876
46 3481 5.0 3.3224468
46 3317 4.0 4.2043962
46 2428 3.0 3.4632456
46 3300 4.0 2.6341486
46 3535 5.0 3.5463781
46 3717 5.0 3.5452645
46 3510 4.0 2.465138
46 2338 3.0 3.7013507
46 2891 3.0 2.5858388
46 2995 2.0 2.8534229
47 349 4.0 3.3000116
47 185 3.0 3.8400521
47 344 2.0 4.1645346
47 434 3.0 3.1747887
47 454 3.0 3.3604827
47 161 4.0 3.8399827
48 367 5.0 3.1145277
48 592 5.0 4.0262337
48 593 4.0 3.842383
48 1097 3.0 3.3267138
48 1196 5.0 4.267331
48 1215 4.0 5.0
48 1261 3.0 4.18462
48 1376 3.0 3.6688666
48 1580 5.0 4.1938076
48 2529 4.0 4.143441
48 2916 5.0 4.599704
48 3471 3.0 3.7124891
48 3527 5.0 4.356883
48 3827 3.0 4.3056164
48 4105 3.0 2.9808855
48 1777 3.0 3.4249027
48 2294 3.0 3.794652
48 2406 3.0 3.8703299
48 39 2.0 4.243234
48 934 3.0 4.533565
48 1028 3.0 4.516779
48 1282 3.0 3.6286395
48 1307 3.0 3.3991973
48 2087 3.0 2.9153478
48 62 5.0 3.1600065
48 783 3.0 4.1057224
48 3398 3.0 2.390872
48 329 4.0 3.9755297
48 344 5.0 4.0766454
48 434 5.0 4.076386
48 539 2.0 3.8433926
48 455 3.0 3.945772
48 551 3.0 3.046343
48 1274 5.0 3.6385806
48 3671 5.0 4.4548035
48 3751 3.0 3.9766963
48 19 5.0 4.870791
48 986 3.0 4.068956
48 1588 3.0 3.4375398
48 1907 3.0 3.8289955
48 2123 3.0 4.0187144
48 2139 2.0 4.7210727
48 2355 4.0 2.9083471
48 969 2.0 3.831043
48 2501 4.0 4.405903
48 2792 5.0 3.4808807
48 3082 5.0 3.6921399
48 2004 4.0 4.2173176
48 216 5.0 4.0629835
48 70 4.0 3.8877192
48 1025 4.0 4.1995406
48 1665 5.0 4.3811517
48 2273 5.0 3.583164
48 2394 3.0 5.0
48 2694 4.0 3.9573708
48 2720 3.0 3.2570214
48 2953 3.0 3.489952
48 3034 4.0 3.770674
48 3809 4.0 4.351899
48 3955 4.0 4.4559417
48 4370 4.0 3.010432
48 2137 2.0 3.1420116
48 543 4.0 4.5568113
48 3510 4.0 3.7861524
48 3033 5.0 2.8813584
48 3489 4.0 4.010998
48 2421 4.0 3.9673262
48 2471 4.0 2.7600114
48 54 3.0 3.9940948
48 60 3.0 3.3596506
48 63 3.0 3.9684126
48 833 4.0 2.7333534
48 1009 3.0 4.0013537
48 1016 3.0 3.2696033
48 1021 3.0 2.4516156
48 1049 4.0 3.0100875
48 1359 3.0 2.6426158
48 1453 3.0 3.3404465
48 1707 3.0 3.8971515
48 2253 4.0 3.9237678
48 2363 3.0 3.793364
48 3157 3.0 3.6057856
48 3439 5.0 3.7772117
48 3440 4.0 3.3868878
48 3638 4.0 3.748279
48 3986 5.0 4.13842
48 4343 4.0 4.061687
49 480 3.0 3.594965
49 913 5.0 3.0724106
49 1953 4.0 3.3156123
49 2395 4.0 4.40208
49 1135 3.0 3.0662289
49 2706 4.0 3.5608156
49 3016 3.0 3.8655915
49 3826 2.0 3.7508507
49 3326 2.0 3.8594222
50 2571 5.0 3.691739
50 2384 4.5 3.8033237
50 2081 3.5 4.017257
50 2683 5.0 4.8502965
50 2997 2.0 3.704392
50 4022 3.5 4.3417397
50 5952 5.0 4.2682924
50 2359 4.0 3.7831526
50 3751 5.0 4.167084
50 5459 5.0 3.4987845
50 6266 4.0 3.4768527
50 2657 5.0 2.6760862
50 3967 3.5 3.5128675
50 3146 3.0 4.0688148
50 2671 2.0 3.2885873
50 2394 4.0 3.5713398
50 5991 3.5 3.1332269
50 4890 3.0 3.7575946
50 3156 3.0 4.0103173
50 3159 3.5 4.9699426
50 5316 4.5 3.6996756
51 50 5.0 5.0
51 1036 5.0 4.6104813
51 1259 5.0 2.9323263
51 1387 3.0 4.123413
51 1407 3.0 3.6997528
51 1610 1.0 2.9271724
51 1982 4.0 4.4694653
51 1997 5.0 4.2232585
51 2571 4.0 3.910564
51 2580 4.0 3.7410796
51 2987 3.0 2.842871
51 953 1.0 3.2728868
51 261 4.0 4.339883
51 588 3.0 4.160404
51 1285 5.0 3.4390976
51 2096 4.0 2.610563
51 1246 4.0 3.8370445
51 4022 4.0 2.386605
51 4621 3.0 2.76601
51 1393 3.0 4.535729
51 2174 4.0 3.8328679
51 2329 5.0 3.0475857
51 4011 4.0 4.839712
51 5349 4.0 5.0
51 1967 5.0 2.6519792
51 2355 5.0 4.090397
51 3081 2.0 5.0
51 1717 3.0 3.1071196
51 2739 5.0 4.19815
51 3203 4.0 2.4747267
51 2671 2.0 4.9284863
51 3745 3.0 3.307547
51 4239 3.0 3.141243
51 2324 5.0 3.8385186
51 1061 3.0 2.4076805
51 3526 4.0 4.2394347
51 60 3.0 3.6036677
51 213 5.0 4.012102
51 1330 1.0 1.25557
51 1991 2.0 4.9068704
51 2447 2.0 4.6758976
51 2771 3.0 1.0899522
51 3993 4.0 3.1375666
51 5111 3.0 2.9434211
52 750 5.0 2.9808831
52 1097 4.5 4.5242195
52 1261 3.0 1.7977788
52 1396 4.0 3.8263655
52 1982 4.0 2.9304554
52 2571 4.0 3.540547
52 2968 3.5 3.3253245
52 3550 3.5 3.3723853
52 4128 2.0 3.8731806
52 4993 4.0 3.4855714
52 2160 4.0 2.9896965
52 2174 1.5 2.442736
52 5679 2.0 2.8789346
52 8636 4.5 2.4867568
52 1334 3.0 3.4892774
52 1348 3.0 4.186265
52 2525 3.5 2.237003
52 2867 2.0 4.118291
52 832 3.0 3.5057092
52 3081 4.0 4.1908135
52 724 3.0 3.1441388
52 1320 3.5 3.3865237
52 1339 2.0 2.3180716
52 1973 2.5 4.3154306
52 2614 1.5 1.2269744
52 2902 3.5 3.8591669
52 177 2.5 3.1315396
52 332 3.5 3.4479675
52 1999 4.0 1.2935475
52 2456 3.0 1.0203292
52 2606 3.0 2.620669
52 3587 4.5 2.726871
52 3970 3.5 2.761109
52 4437 5.0 3.2294939
52 4852 2.0 2.0934956
52 5165 4.0 2.3197958
52 5323 3.0 4.206168
52 6741 2.5 2.480309
52 6774 4.5 1.3588916
52 6880 4.5 1.6735294
52 7029 4.0 4.1920447
52 7235 3.5 2.7849712
52 7347 3.5 3.8037019
52 8491 5.0 3.6025486
52 7454 3.0 2.9584038
52 532 0.5 2.010497
52 2122 3.0 3.0927668
52 742 2.5 2.9290993
52 1105 2.0 3.1097305
52 1241 3.5 3.54351
52 1255 3.0 3.044034
52 1324 0.5 5.0
52 1623 2.0 2.0078063
52 1972 3.0 2.4743998
52 1978 2.5 4.144863
52 1985 3.0 4.927193
52 2097 4.0 2.0502627
52 2367 3.0 2.9071147
52 2461 2.0 3.9021924
52 2465 2.5 2.0127437
52 2530 3.5 3.374555
52 2787 1.0 5.0
52 3493 4.0 3.4383721
52 3692 2.5 3.8791466
52 3695 2.0 4.276851
52 3770 3.5 2.7996523
52 3772 3.0 3.177818
52 3923 3.0 5.0
52 3938 2.0 4.145175
52 3940 1.5 3.9008164
52 3961 1.5 3.4343028
52 3981 3.0 3.2694128
52 4030 1.0 2.9606402
52 4213 3.0 3.5850368
52 4388 1.5 3.731135
52 4412 2.0 4.7355843
52 4425 2.0 3.6777773
52 4665 3.0 4.841738
52 4685 2.0 4.4183483
52 4744 3.0 3.7754023
52 4752 4.0 4.2844086
52 4753 1.0 2.8987658
52 4827 3.0 3.0125678
52 4839 2.5 1.6994585
52 4986 1.5 3.747856
52 5163 3.5 4.6085486
52 5192 2.0 4.2493186
52 5410 3.5 3.2300549
52 5544 4.0 3.627681
52 5546 2.5 3.2688434
52 5595 1.5 2.7086842
52 5717 3.0 4.4446607
52 5734 0.5 4.761033
52 5738 0.5 3.8452592
52 5740 1.0 2.8582702
52 5754 2.5 4.145388
52 5774 2.0 4.0906663
52 5797 1.0 2.6414137
52 5981 3.0 4.9845047
52 6066 2.0 3.4021132
52 6094 0.5 3.1701748
52 6120 3.0 2.77243
52 6530 3.5 3.2905605
52 6659 2.0 5.0
52 6848 3.0 4.009579
52 7024 2.0 2.3603947
52 7289 3.0 5.0
52 7342 1.5 3.0867183
52 8222 3.5 3.0286133
52 8369 0.5 2.5451615
52 8861 2.5 1.7055311
52 8885 2.5 2.841886
52 8889 3.5 3.05159
52 8893 3.5 3.339901
52 8932 2.0 4.3248806
53 260 5.0 3.5940344
53 785 3.0 4.1386523
53 2706 4.0 2.0317974
53 2770 4.0 4.3051977
53 3863 4.0 2.5156486
53 2995 1.0 1.7377095
54 968 3.5 3.5689487
54 163 4.0 3.4071739
54 44 0.5 3.0712605
54 8665 4.5 3.5829957
54 531 0.5 3.8495245
54 36529 4.5 4.711821
54 1222 4.5 4.0641437
54 55118 5.0 4.3575325
54 71535 4.0 2.95687
54 74685 4.5 4.475277
54 59369 5.0 2.5622962
54 64614 5.0 4.591069
54 81788 4.5 3.506317
54 1241 4.0 2.0006285
54 421 0.5 4.3218656
54 53000 5.0 3.8689601
54 55765 5.0 4.2438016
54 72980 4.0 3.3670044
55 480 3.0 4.105534
55 858 4.0 3.7767692
55 924 4.0 4.6665
55 2067 5.0 4.0478463
55 265 5.0 2.3651161
55 588 5.0 5.0
55 899 5.0 4.352648
55 1204 4.0 4.8705897
55 903 5.0 4.5312934
55 919 5.0 3.5615628
55 808 3.0 3.5694344
55 1545 5.0 4.1560745
55 4178 5.0 3.5539103
55 4970 5.0 3.2291384
56 50 4.0 4.397561
56 1198 5.0 4.9626274
56 1258 2.0 3.9876947
56 5060 5.0 3.991195
56 1230 4.0 3.1378603
56 2997 5.0 4.408848
56 1225 3.0 4.2908916
56 1148 5.0 3.348952
56 1223 5.0 3.6366794
56 1641 3.0 2.9828434
56 1250 5.0 3.3350122
56 2501 4.0 4.5416207
56 1207 5.0 4.0011954
56 2620 2.0 3.7772167
57 2478 2.0 1.475734
57 7153 4.0 3.779894
57 11 4.0 2.9733887
57 2150 4.0 2.2781646
57 2108 3.0 2.729147
57 6378 4.0 2.6401036
57 6373 3.5 3.8792603
57 45722 2.5 2.4680312
57 3259 4.0 3.949705
57 8533 4.5 2.2716458
58 3 4.0 4.498159
58 830 5.0 3.8846958
58 1 4.0 4.0696955
58 837 3.0 3.6883788
58 628 4.0 2.5513475
58 802 3.0 2.7224076
58 765 3.0 3.0554438
58 808 3.0 5.0
58 1488 5.0 3.6711771
59 1441 3.0 3.0708306
59 4148 5.0 2.0952861
59 3317 5.0 3.917049
59 111 1.0 4.5761228
59 3948 3.0 2.8239176
59 1093 4.0 3.0528383
59 4019 5.0 2.4932132
59 4167 4.0 2.4270315
59 3617 1.0 3.9653203
59 64 3.0 2.974429
59 3953 2.0 3.7111123
59 4061 3.0 4.8505106
59 4062 3.0 3.116118
59 4181 1.0 4.9910016
60 1129 3.5 4.4504147
60 762 1.5 2.748414
60 7153 4.5 4.5158043
60 3949 2.0 4.409206
60 2021 4.0 3.686953
60 1120 4.0 3.8904564
60 3552 4.0 3.2459905
60 4226 3.5 3.3099983
60 4979 4.0 4.1592903
60 5618 4.0 4.4991846
60 1193 4.0 4.7106967
60 3173 4.5 4.009855
60 2551 4.0 3.683963
60 48516 5.0 4.49088
60 288 4.5 3.417563
60 68237 4.0 4.050574
60 2161 4.0 3.675999
60 61240 4.5 4.860094
60 765 3.5 3.8016493
60 2330 3.5 4.0910325
60 4407 4.5 2.9166384
60 26228 4.0 2.9266772
60 26729 4.5 3.9757175
61 736 1.0 2.7798107
61 17 5.0 5.0
61 497 5.0 3.2126598
61 708 3.0 4.138285
61 348 3.0 3.8301506
61 1 5.0 4.2970796
61 282 3.0 3.9050124
61 300 4.0 5.0
61 508 5.0 4.1124783
61 537 4.0 2.5493023
61 707 4.0 4.626043
62 1304 3.0 3.8766747
62 1732 3.0 3.0999782
62 2194 3.0 3.5013986
62 920 2.5 2.5644186
62 653 2.0 2.0802407
62 1704 2.0 2.7628238
62 2355 4.0 3.6726754
62 4995 3.0 5.0
63 750 5.0 3.8997965
63 1127 3.0 2.4773185
63 1198 4.0 3.851203
63 1200 4.0 4.134342
63 1201 4.0 3.515004
63 1291 4.0 3.8507109
63 1394 4.0 4.5674987
63 1953 4.0 3.8197196
63 2000 4.0 4.442666
63 2009 3.0 2.6996584
63 1947 3.0 3.2068756
63 1961 3.0 3.3112373
63 1131 4.0 3.408838
63 1293 4.0 3.6752725
63 1299 4.0 3.4564455
63 1957 5.0 3.9075491
63 2021 3.0 3.353368
63 1079 4.0 4.3611193
63 1080 3.0 3.670199
63 1207 5.0 4.2378597
63 1949 3.0 3.4202938
63 2006 3.0 4.35763
63 1295 4.0 2.8462527
63 615 3.0 3.9391952
63 1150 3.0 3.125459
63 1173 4.0 3.8799107
63 1238 4.0 3.8331747
63 1918 4.0 3.0959237
63 1956 3.0 3.5769563
63 1958 3.0 3.8507373
64 1569 3.5 4.3527713
64 69406 4.5 3.373013
64 68954 5.0 2.8632705
64 55290 4.0 4.676492
64 69844 4.0 3.173919
64 3791 2.0 4.576779
64 5296 4.0 2.8650737
64 69712 4.5 4.5761924
65 1321 4.5 3.151493
65 2791 4.0 2.3391345
65 3386 4.0 3.1540904
65 6953 2.5 4.0768886
65 1690 3.5 3.5594873
65 1479 1.0 3.0044117
65 3107 1.0 2.8993723
65 5049 4.5 4.34094
65 8169 2.0 2.4991395
65 3070 2.0 3.354218
65 3153 2.5 2.7585652
65 34004 3.5 5.0
65 53207 3.0 3.269435
66 32 5.0 4.1054487
66 457 5.0 3.4900017
66 364 2.0 3.4647884
66 594 5.0 3.3347268
66 595 4.0 3.2925668
66 95 3.0 3.3289232
66 150 5.0 4.408097
66 208 3.0 3.705669
66 383 5.0 2.972611
66 733 4.0 4.3237233
67 110 5.0 3.5720532
67 480 3.0 3.5501993
67 592 3.0 2.3182857
67 153 3.0 3.0941308
67 349 3.0 4.050852
67 597 3.0 2.8920536
67 434 4.0 3.5322115
68 527 5.0 4.859293
68 1617 5.0 4.2863708
68 500 4.0 4.024256
68 2291 3.0 4.033909
68 2278 5.0 3.2503254
68 1704 5.0 3.954825
68 1834 5.0 2.7477078
68 1271 3.0 3.1976092
69 593 5.0 5.0
69 968 5.0 3.3467035
69 1252 5.0 5.0
69 1589 1.0 4.1774077
69 1732 4.0 4.04332
69 2542 4.0 4.188795
69 2701 3.0 3.9728982
69 3362 5.0 4.051483
69 3681 5.0 4.568409
69 2712 1.0 4.318295
69 1230 5.0 3.2275078
69 1307 4.0 3.9460788
69 1639 5.0 5.0
69 509 5.0 4.8373
69 778 5.0 3.868883
69 1641 5.0 5.0
69 1945 5.0 3.3004823
69 2160 5.0 4.0800896
69 2871 5.0 5.0
69 1193 5.0 5.0
69 919 5.0 3.7738059
69 922 5.0 4.334983
69 926 5.0 3.9173555
69 1212 5.0 5.0
69 2863 5.0 3.679094
69 3038 5.0 3.6093657
69 3365 4.0 3.7432668
69 4235 3.0 3.756527
69 2023 4.0 5.0
69 1235 5.0 4.0484405
69 2132 5.0 5.0
69 176 5.0 2.1104834
69 599 5.0 5.0
69 1175 5.0 3.697139
69 1207 5.0 4.511479
69 1233 5.0 4.361908
69 2730 3.0 4.9500937
69 2905 5.0 4.2879343
69 3030 5.0 5.0
69 3067 5.0 3.5819721
69 4329 4.0 2.7502565
69 4321 3.0 5.0
69 1061 5.0 3.3694549
69 1300 5.0 4.847105
69 680 5.0 3.5634246
69 4407 5.0 2.9101748
69 458 1.0 5.0
69 334 5.0 2.7697961
69 948 5.0 3.5375466
69 1904 5.0 3.4403462
69 2239 5.0 2.8802025
69 2285 5.0 1.9480723
69 2495 5.0 4.1832657
69 3473 5.0 4.928807
69 3507 5.0 3.614848
69 3655 5.0 3.8631494
69 4179 5.0 5.0
69 4325 5.0 4.0513916
69 4422 5.0 3.4445336
70 110 4.0 4.9907503
70 260 5.0 4.1336703
70 589 3.0 3.7464547
70 1092 4.0 3.889602
70 1136 5.0 4.3651114
70 1197 5.0 4.1009464
70 1240 5.0 4.2437286
70 1261 4.5 3.5627253
70 1954 3.0 4.590701
70 2003 4.0 3.2929924
70 2167 4.5 4.5959005
70 2916 4.0 4.197074
70 3578 3.5 4.2705474
70 1101 4.0 3.8513448
70 1275 5.0 3.3310308
70 1584 4.5 3.9538016
70 2396 4.0 3.9939575
70 3996 4.5 4.3951297
70 597 5.0 3.1853096
70 934 4.0 4.606233
70 1059 5.0 3.1767688
70 1243 4.5 4.305954
70 1282 4.0 3.7156126
70 1307 5.0 4.1464763
70 1968 5.0 4.087436
70 2081 3.0 4.38223
70 1246 4.0 4.127504
70 1961 3.0 3.6589844
70 4014 4.0 3.9859328
70 185 3.5 4.3038783
70 208 4.0 3.5978246
70 586 3.0 3.3591337
70 587 4.0 3.8492074
70 1370 4.0 3.341807
70 1393 4.0 3.9748764
70 1411 4.0 4.7275395
70 2150 4.0 3.1938996
70 852 3.5 3.8394394
70 223 5.0 3.8318079
70 1517 3.0 4.44582
70 2160 4.0 3.2663443
70 2699 3.0 3.7126992
70 6333 5.0 3.4698472
70 6539 5.0 3.8225152
70 32587 5.0 3.3499057
70 919 3.0 4.2789164
70 1367 3.5 3.765917
70 2138 4.0 4.585785
70 4896 4.0 3.7365897
70 253 5.0 3.5508993
70 1690 3.5 3.9048946
70 2710 3.0 4.4269447
70 786 3.0 3.5638864
70 2746 3.0 4.0228214
70 2723 3.0 3.3522804
70 1391 3.0 3.500678
70 1587 5.0 2.7560935
70 1711 4.0 3.328048
70 1801 4.0 3.4720137
70 3175 4.0 3.7184384
70 3704 5.0 3.7309952
70 4370 3.0 3.584944
70 34405 5.0 3.1209044
70 4321 3.0 5.0
70 4361 3.0 3.6098638
70 7143 4.5 3.8364244
70 2541 3.5 4.229105
70 31658 5.0 3.8984058
70 1077 3.5 3.821999
70 2005 5.0 3.6436353
70 880 3.5 3.4690926
70 4975 4.0 4.1612277
70 1952 3.5 4.171416
70 728 4.0 4.1557617
70 2581 4.0 3.385202
70 4642 5.0 3.761038
70 6583 5.0 4.1073585
70 7099 5.0 3.6241112
71 5015 4.0 2.5714552
71 3798 5.0 3.3579211
71 4270 5.0 2.997992
71 1476 3.0 3.7975574
71 3298 0.5 3.2120502
72 32 2.0 4.0899363
72 527 5.0 3.4642568
72 913 4.0 4.129341
72 1136 4.0 3.5614948
72 1197 3.0 3.8711314
72 1242 5.0 2.9099064
72 1610 3.0 2.852271
72 953 3.0 3.0644782
72 908 4.0 3.577339
72 319 3.0 3.4088764
72 475 4.0 3.2682354
72 1131 3.0 3.0751956
72 1293 3.0 3.8206348
72 1224 4.0 2.7735615
72 1248 4.0 2.9405022
72 926 4.0 4.6115513
72 1178 5.0 4.276126
72 1422 2.0 4.7990413
73 2791 4.5 2.9873168
73 588 3.0 2.8307586
73 150 4.5 4.2731967
73 1693 4.0 2.196344
73 2150 4.0 2.6898582
73 3072 4.0 4.2772675
73 6624 0.5 1.2988389
73 7173 1.5 4.0319004
73 333 3.0 3.1300766
73 74789 4.0 4.142144
73 2539 2.5 4.3517327
73 6383 1.0 2.3980138
73 4748 0.5 1.1657231
73 47725 4.0 2.7684977
74 527 5.0 4.6984587
74 590 4.0 3.703874
74 454 3.0 4.277948
74 25 5.0 3.7418575
74 41 5.0 2.8567502
74 515 5.0 4.68597
74 628 4.0 4.057829
74 1399 4.0 4.3718977
74 728 3.0 4.146971
75 350 3.0 3.753892
75 593 3.0 3.7008536
75 780 1.0 3.061717
75 1092 1.0 4.2237988
75 1197 3.0 3.710098
75 1219 3.0 3.5648675
75 1252 5.0 3.1276407
75 1356 3.0 3.5275238
75 17 3.0 2.9066963
75 440 3.0 3.1995842
75 916 3.0 3.4641955
75 1247 3.0 3.7191935
75 1639 3.0 3.5032487
75 441 3.0 3.1351721
75 11 3.0 3.6295137
75 112 3.0 3.7118113
75 208 2.0 3.5614865
75 351 3.0 4.1678357
75 1183 5.0 3.4976344
75 1186 4.0 3.4583526
75 1213 4.0 3.6184592
75 1299 4.0 3.8083231
75 1411 4.0 3.1080737
75 52 3.0 3.0257578
75 141 2.0 3.6654165
75 300 3.0 3.2507954
75 1094 5.0 4.237792
75 1124 3.0 3.4962382
75 1080 3.0 2.6156795
75 1203 3.0 4.8871384
75 1449 3.0 3.9502788
75 919 3.0 3.3082452
75 256 3.0 2.8237827
75 452 4.0 2.7417796
75 927 4.0 3.2050261
75 1086 3.0 3.1322186
75 1041 4.0 3.0535548
75 1235 4.0 4.1340694
75 1273 4.0 3.297962
75 1147 4.0 3.4752576
75 1189 5.0 3.9258528
75 1254 4.0 3.8557732
75 1391 3.0 3.4453995
75 218 2.0 3.4270248
75 720 5.0 1.9017017
75 1466 3.0 3.6600518
75 1099 3.0 3.6665583
75 1150 5.0 3.2179964
75 1244 3.0 3.9663098
75 506 3.0 2.8488677
75 562 3.0 4.0515456
75 149 3.0 3.9361358
75 211 3.0 3.9240413
75 422 2.0 3.126553
75 448 4.0 3.2766747
75 766 4.0 3.8027356
75 936 3.0 3.9896543
75 1177 3.0 4.2790284
76 50 3.0 5.0
76 1198 3.5 3.4916005
76 1291 3.5 3.7782679
76 2571 4.0 3.6596498
76 89745 4.0 5.0
76 91529 4.0 3.6934705
76 68358 3.5 3.7826436
76 78499 5.0 4.191943
76 102445 4.0 3.765802
77 110 4.0 4.2970986
77 260 4.5 3.3041859
77 1527 3.5 4.0391126
77 1645 3.5 2.7282438
77 1876 3.0 4.397124
77 2028 4.0 4.7523866
77 2167 2.5 5.0
77 2571 4.5 4.044571
77 3408 4.0 4.115439
77 1961 4.5 3.455754
77 6365 4.0 3.030449
77 2959 4.5 4.150018
77 2762 4.0 4.9406147
77 2002 2.0 3.9426494
77 2150 4.5 2.686653
77 25 4.5 4.026906
77 4027 4.5 3.5608065
77 4226 4.5 3.8046954
77 5902 3.5 3.4730818
77 1193 4.5 3.8535385
77 2336 4.5 4.298504
77 5991 5.0 3.7109673
77 5816 3.5 3.148447
77 3155 3.5 3.8006463
77 5983 3.0 3.7892907
77 2605 3.0 4.192586
77 2540 2.0 2.5230887
77 2961 3.5 2.6629124
77 6238 3.5 3.0804496
78 593 2.5 4.578086
78 3897 4.0 3.9132228
78 4014 4.0 2.9623663
78 51662 4.0 3.3877528
78 68319 3.0 3.438996
78 89745 3.0 5.0
78 47 3.5 3.5925415
78 4226 5.0 3.9896128
78 26662 4.0 4.1194863
78 54503 4.0 3.3576708
78 69644 2.0 3.8830626
78 2105 2.5 4.096904
78 2633 2.5 3.7129674
78 30707 1.5 4.7965374
78 68237 3.0 3.2693975
78 5971 4.0 2.994068
78 3581 3.0 4.033064
78 27660 2.5 3.6137817
78 31658 3.0 4.698596
78 58998 3.5 4.3334303
78 63072 3.0 3.692606
78 65261 4.5 3.5984526
78 68952 3.0 3.160056
78 71464 4.5 3.4617598
78 73017 3.0 3.9180279
78 97304 4.5 4.157373
78 1753 4.5 4.2554173
78 71899 4.0 3.7700434
78 3646 3.5 3.8175914
78 6291 4.0 3.819338
78 37240 4.5 3.653215
78 59387 3.5 3.5517926
78 67087 4.5 4.20193
78 69481 3.0 4.606016
78 76210 2.0 4.469657
79 1136 4.0 3.8100512
79 1198 4.0 4.1780167
79 1210 5.0 3.2956119
79 1215 4.0 2.919213
79 1219 4.0 2.6143305
79 1258 5.0 4.693455
79 1261 4.0 3.124182
79 1266 4.0 3.323963
79 1610 3.0 3.8051255
79 1059 4.0 2.8530638
79 1569 4.0 2.8682165
79 1961 4.0 2.8814983
79 1411 4.0 3.3352559
79 2371 4.0 3.6376083
79 903 5.0 5.0
79 1917 1.0 2.0155687
79 26 4.0 3.434938
79 2105 3.0 4.520833
79 2859 3.0 3.8317463
79 741 2.0 4.465691
79 1222 3.0 3.7538025
79 2064 4.0 3.4031823
79 2372 4.0 5.0
79 2420 1.0 3.3758173
79 2504 3.0 5.0
