1 22 3.0 3.3594265
1 50 5.0 3.426498
1 110 4.0 4.87138
1 296 4.0 3.0962634
1 303 3.0 3.8687296
1 366 2.0 2.7730591
1 492 3.0 2.7314954
1 589 5.0 4.112402
1 592 3.0 2.3425043
1 593 5.0 3.7721536
1 731 1.0 3.0047317
1 780 5.0 3.2169917
1 913 3.0 2.9606333
1 968 4.0 3.0758483
1 999 4.0 3.3183684
1 1034 3.0 4.13559
1 1197 4.0 4.341434
1 1200 3.0 3.0780513
1 1215 4.0 3.558917
1 1234 5.0 3.5630727
1 1265 4.0 2.6819236
1 1276 3.0 4.043129
1 1321 5.0 4.365357
1 1347 5.0 3.0490112
1 1387 5.0 4.082101
1 1500 4.0 2.7717717
1 1527 3.0 3.3252594
1 1573 5.0 3.0466132
1 1689 3.0 2.5174732
1 1732 2.0 3.3334398
1 1748 2.0 2.7018542
1 1805 3.0 4.2456865
1 1892 3.0 3.037087
1 2001 3.0 3.5440838
1 2391 4.0 2.8929708
1 2553 3.0 3.0032065
1 2692 2.0 3.3806283
1 2764 2.0 3.5739725
1 2804 5.0 4.3539863
1 2812 3.0 2.7785194
1 2947 4.0 3.4164639
1 3476 2.0 3.7313402
1 3550 3.0 3.4930518
1 3668 3.0 4.2757792
1 3706 2.0 4.1260743
1 4082 3.0 3.3823953
1 4086 3.0 3.1552372
2 1356 1.0 3.7331874
2 2028 4.0 5.0
2 2268 4.0 3.1511517
2 153 4.0 4.2470975
2 364 5.0 3.8474953
2 953 5.0 4.5213184
2 1923 5.0 4.2511888
2 2067 5.0 3.6514463
2 2115 4.0 4.532475
2 2291 5.0 4.040659
2 2617 4.0 4.6113396
2 2712 3.0 3.7731884
2 3623 4.5 4.4555874
3 1196 3.0 4.8923492
3 500 5.0 3.9750743
3 7 4.0 3.0629532
3 39 4.0 5.0
3 265 4.0 4.530041
3 266 5.0 4.3500977
3 417 4.0 3.7544994
3 708 4.0 4.279366
3 899 5.0 3.5900688
3 901 5.0 3.1029003
3 1247 5.0 4.7420263
3 1285 3.0 4.1674914
3 1441 4.0 4.140818
3 1639 3.0 3.1196005
3 1947 5.0 4.250173
3 1951 3.0 3.3172896
3 2017 5.0 4.19383
3 2049 5.0 2.3243992
4 590 3.5 3.8827083
4 2529 2.5 3.6521466
4 2985 3.5 2.8620076
4 7153 5.0 4.011017
4 62 4.5 3.6502223
4 316 3.5 3.2569125
4 2302 4.0 4.7032824
4 3160 4.0 4.5442963
4 3949 0.5 3.5406067
4 5952 5.0 4.600207
5 318 3.5 4.207714
5 1416 2.5 4.4164605
5 4448 2.0 3.2902045
5 4546 2.5 3.3035173
5 4902 5.0 4.2234926
5 45720 4.0 3.863471
5 59725 2.5 3.7099993
6 364 4.0 3.1648288
6 7153 4.0 2.983398
6 4306 3.5 1.6961881
6 2762 3.5 3.112446
6 4886 4.0 2.976081
6 8961 4.0 3.6174035
6 69406 3.5 3.7399974
6 72641 3.5 2.597975
6 74458 4.0 3.1054099
6 79132 4.5 3.1268754
6 85056 4.5 3.3539076
6 87430 3.5 3.009756
6 88785 3.0 1.879755
6 90057 4.0 3.6212585
6 90405 4.0 2.9645994
6 91529 4.0 2.5478618
6 92422 1.0 3.445076
6 95067 3.0 3.2628765
6 97913 3.5 3.5064929
6 98400 3.5 2.7268467
6 99145 4.0 3.702081
6 101577 3.5 3.4339504
6 102481 3.5 4.3052745
6 103384 3.0 4.10786
6 104312 3.5 3.2028565
6 105504 3.5 3.7425208
6 105954 3.0 3.6641233
6 106918 3.0 4.1246037
6 108190 3.5 3.7887914
6 110553 2.5 3.3080604
6 111360 2.5 2.7743409
6 111375 3.5 3.2663195
6 112006 4.0 3.329933
6 113604 2.0 2.972521
6 116397 2.5 3.1691473
6 118696 2.5 4.0478835
6 119141 0.5 4.074348
6 119948 2.5 3.7228909
7 296 4.0 3.7042415
7 527 5.0 4.527
7 589 4.0 4.5637665
7 593 4.0 4.3234305
7 153 4.0 4.0743504
7 364 5.0 3.6889427
7 261 4.0 4.5031147
7 594 4.0 4.4334292
7 316 4.0 4.0268087
7 21 3.0 3.952056
7 79 5.0 4.003823
7 95 5.0 3.8487566
7 119 3.0 3.575836
7 122 4.0 3.8830183
7 158 3.0 3.0586224
7 185 4.0 3.0277295
7 293 4.0 3.630146
7 329 3.0 3.9200504
7 374 3.0 3.7763484
7 445 4.0 3.9073184
7 460 3.0 4.001472
7 468 5.0 3.5312476
7 491 3.0 3.0354545
7 494 4.0 4.4551096
8 6 5.0 3.8596454
8 589 4.0 4.5769486
8 593 5.0 3.861082
8 780 4.0 4.4327426
8 1089 1.0 4.293859
8 1198 5.0 3.5691574
8 2000 4.0 4.243556
8 2529 4.0 3.9343557
8 2571 5.0 3.9870543
8 2858 4.0 4.325781
8 1377 2.0 3.996347
8 1296 3.0 4.3073874
8 345 2.0 3.7712078
8 2959 2.0 4.4266844
8 2762 3.0 4.044281
8 10 4.0 4.3434544
8 11 4.0 4.0976524
8 150 4.0 4.1243463
8 272 4.0 4.565333
8 897 4.0 3.9933078
8 1213 3.0 3.9872584
8 1263 4.0 3.7037857
8 1293 5.0 3.522713
8 1370 4.0 3.574574
8 1408 3.0 3.8659592
8 1687 5.0 3.7131815
8 1960 4.0 3.296141
8 2278 4.0 3.1314213
8 2353 5.0 3.2087402
8 2918 4.0 4.6566606
8 3418 4.0 4.043431
8 3733 4.0 3.702732
9 6 3.0 2.9508805
9 110 5.0 4.8797255
9 303 3.0 3.5236
9 457 4.0 4.628643
9 593 4.0 4.568098
9 1097 4.0 3.587914
9 236 3.0 4.103526
9 266 4.0 4.3919263
9 594 3.0 4.4454875
9 597 4.0 4.1029844
9 150 4.0 4.236075
9 249 4.0 3.0341346
9 471 3.0 3.8425512
9 475 5.0 3.7313578
9 520 3.0 2.9091516
9 586 3.0 3.142542
9 36 3.0 3.8222601
9 1090 3.0 4.338058
9 141 4.0 4.534359
9 161 4.0 3.0065222
9 203 3.0 3.612872
9 299 4.0 3.9485524
9 412 3.0 3.825939
9 508 5.0 4.054014
9 534 3.0 3.5810108
9 1078 4.0 3.8166022
10 527 4.0 3.950535
10 589 3.5 3.7444408
10 593 3.5 3.8836877
10 1089 3.5 3.5015223
10 1196 3.5 4.9676013
10 1240 3.5 4.428434
10 1259 4.0 4.103579
10 1266 4.5 3.7446399
10 1291 4.0 3.7971864
10 1394 4.5 4.52529
10 1500 5.0 4.0385113
10 2248 3.5 4.8003325
10 2580 3.5 3.4712732
10 2804 4.0 4.339106
10 2968 4.5 4.509276
10 3386 4.0 3.9095383
10 3681 4.0 4.060961
10 3793 2.5 3.6232076
10 5060 3.5 4.305023
10 1653 4.0 2.979798
10 2396 3.5 3.8376029
10 265 4.0 4.1076674
10 928 3.0 3.9913528
10 1747 3.5 3.8345246
10 1288 4.5 3.8374689
10 1961 3.5 3.6613445
10 454 3.5 4.299199
10 1090 2.5 4.297376
10 508 2.0 3.579278
10 223 5.0 4.3201623
10 1060 2.0 4.038676
10 1204 4.0 3.4943168
10 1224 3.5 3.1518524
10 1517 3.5 3.6899304
10 1673 4.0 4.242638
10 1704 4.0 4.1174893
10 2108 5.0 3.604096
10 2303 4.0 3.151877
10 2371 3.5 3.705683
10 2502 3.0 4.012653
10 3000 3.5 4.404088
10 3261 3.0 3.8505478
10 3360 5.0 3.802096
10 3552 4.0 3.5709896
10 3751 4.0 3.5210845
10 3994 3.0 4.4023113
10 4009 3.0 4.1350136
10 4011 4.5 3.2185423
10 4034 4.5 3.4313161
10 4226 4.0 3.3752031
10 5013 4.0 3.740217
10 5464 4.0 3.2223132
10 5618 4.5 3.6879075
10 5673 5.0 3.5792131
10 5782 4.0 3.960068
10 5820 3.0 4.1347847
10 5945 1.5 4.114773
10 6104 3.5 3.677858
10 6306 4.5 3.4062076
10 6870 4.0 3.9176133
10 7256 4.5 3.4816911
10 7361 4.5 4.8456144
10 8368 4.0 3.9877114
10 8464 4.0 3.9889798
10 27706 3.5 3.4635258
11 4306 5.0 3.2130759
11 235 4.0 3.7182002
11 1080 5.0 3.2954316
11 1784 4.0 2.9489512
12 5364 2.0 3.9958117
12 3671 4.0 2.4542394
12 1193 4.0 4.3584614
13 318 4.0 4.019988
13 1097 2.0 3.3318684
13 364 4.5 3.52555
13 1032 3.5 4.298135
13 158 3.0 3.3855247
13 344 3.5 3.1816683
13 6539 4.5 4.0871577
13 145 3.0 3.4916413
13 661 3.5 3.7109227
13 673 4.5 3.5249445
13 965 4.0 3.2384012
13 1064 4.0 3.5250301
13 1917 3.5 3.6351106
13 1967 2.5 3.7530098
13 2424 3.5 3.3917432
13 2761 3.0 3.5373244
13 3483 3.5 3.79163
13 3945 3.5 4.3064485
13 3990 3.5 3.693909
13 4238 3.5 3.9790254
13 4963 4.0 3.5453546
13 5048 3.5 3.6973903
13 6502 5.0 3.1929
13 6593 3.5 3.9405117
13 7164 3.5 3.3968794
13 7444 4.0 2.8094804
13 8641 4.5 3.6959789
13 8811 4.0 4.0358305
13 31193 4.0 3.2132993
13 38061 3.5 4.021547
13 43560 3.5 3.9006546
13 44195 4.0 3.8179631
13 47516 0.5 3.2978914
13 48522 5.0 3.4659111
13 50149 3.0 3.6544774
13 50442 4.0 3.3153763
13 56367 4.0 3.742176
13 58347 4.0 3.937396
13 59014 0.5 3.3711133
13 59784 3.0 3.4985416
13 68194 4.0 3.796886
13 69757 4.0 3.7267601
13 72011 4.0 3.589033
14 296 4.0 4.6366076
14 527 5.0 5.0
14 590 4.0 4.36904
14 349 3.0 3.2369156
14 261 5.0 3.5409539
14 62 4.0 2.8965647
14 186 3.0 3.067838
14 249 3.0 3.110934
14 277 3.0 3.3237288
14 357 4.0 3.1994543
14 374 3.0 3.6612668
14 434 2.0 3.6619236
14 529 4.0 3.7026951
14 41 4.0 3.976852
14 207 4.0 2.8675559
14 452 4.0 2.9103594
15 474 3.0 4.9519734
15 1130 3.0 2.4502268
15 1197 5.0 4.615238
15 1201 1.0 4.2124014
15 1240 3.0 2.9749212
15 1242 3.0 2.7944305
15 1270 5.0 4.5765443
15 1304 2.0 4.836778
15 1321 3.0 2.90119
15 1374 5.0 3.3962903
15 1573 5.0 4.0613384
15 2553 4.0 2.133484
15 2664 5.0 3.6859214
15 3362 4.0 4.347889
15 595 4.0 4.3895917
15 380 4.0 3.6870458
15 733 5.0 4.183682
15 1087 4.0 3.8066838
15 1945 3.0 4.1727643
15 904 5.0 4.92024
15 943 2.0 3.536121
15 957 5.0 3.8310947
15 1260 5.0 4.9528003
15 1348 5.0 4.1415725
15 1938 5.0 4.897896
15 1942 5.0 4.2314663
15 2075 2.0 4.8025537
15 2201 3.0 3.079824
15 2362 5.0 3.9520726
15 2366 5.0 4.5067053
15 2488 4.0 3.4635482
15 2519 5.0 3.7328112
15 2612 4.0 4.970747
15 2856 4.0 4.110912
15 2863 5.0 4.4944024
15 3038 5.0 4.5504775
16 260 5.0 3.6502874
16 17 3.0 4.697197
16 708 3.0 3.593967
16 782 1.0 3.358968
16 1047 3.0 2.9971426
17 2944 3.0 2.53594
17 1027 0.5 4.19884
17 2094 3.5 3.899359
17 3967 4.0 2.778244
18 608 5.0 5.0
18 1197 3.5 5.0
18 908 5.0 5.0
18 4973 5.0 4.7031407
18 3498 4.0 4.3313584
18 1193 5.0 4.1433496
18 761 2.0 3.795697
18 1019 4.0 3.7593865
18 3083 4.5 4.162152
18 4878 5.0 4.101701
18 27773 5.0 3.9096038
18 39292 4.5 4.569441
19 6 4.0 4.055366
19 296 4.0 4.0683517
19 356 4.5 4.3846345
19 163 3.5 2.9790583
19 5445 3.5 4.3908634
19 5902 4.0 3.305108
19 4878 4.0 3.817208
19 784 1.0 3.394508
19 3948 3.5 4.4722633
19 34437 4.0 4.564728
19 42718 4.0 3.6822238
19 45728 5.0 3.7553053
20 296 4.0 4.017354
20 553 3.0 2.851797
20 1220 3.0 3.690122
20 1374 3.0 3.7521074
20 2791 3.0 3.808428
20 953 5.0 3.8077202
20 1917 4.0 2.2492666
20 904 5.0 4.215508
20 420 2.0 3.0960398
20 2706 3.0 4.753443
20 3105 5.0 3.6316319
21 608 4.0 5.0
21 858 5.0 3.7473137
21 62 4.0 4.0527835
21 95 3.0 3.6126044
21 36 5.0 3.365973
21 376 3.0 3.3727295
21 647 4.0 4.454897
21 745 5.0 3.4000037
21 788 5.0 2.4230642
22 592 0.5 1.9579735
22 1210 0.5 1.8307928
22 830 4.5 4.9272556
22 1 4.0 2.9757423
22 344 4.5 3.7229097
22 6953 5.0 3.1326003
22 273 3.0 5.0
22 2505 5.0 0.86097777
22 39231 3.0 3.7480981
23 366 4.0 4.012663
23 1198 5.0 3.848935
23 1321 5.0 4.08435
23 1617 3.0 3.175417
23 2288 5.0 2.9662626
23 2916 5.0 3.8898494
23 442 3.0 2.797069
23 1370 4.0 3.3283222
23 1690 4.0 3.582747
23 786 3.0 2.8815424
23 1385 5.0 4.1561775
23 1591 3.0 4.1407986
23 1717 3.0 2.7799888
23 1987 3.0 3.346175
23 2717 3.0 3.9500575
23 2746 4.0 3.0467103
24 762 1.0 2.994144
24 45 4.0 4.474751
24 10 4.0 3.0908132
24 246 5.0 5.0
24 1673 4.0 3.9912045
24 1508 3.0 3.177085
25 1270 4.0 3.815338
25 3160 4.0 4.4471045
25 1093 1.0 4.7921557
25 2688 5.0 3.661661
25 2702 3.0 3.3983371
25 2770 3.0 3.1907408
25 2975 4.0 3.5802994
25 3203 5.0 3.665152
26 590 3.0 3.8734112
26 356 5.0 3.389726
26 377 3.0 2.7516963
26 344 3.0 3.3443286
26 357 3.0 4.6713133
27 1089 5.0 3.8599288
27 3527 4.0 3.9295819
27 48385 4.5 4.230013
27 1 4.0 4.087043
27 3751 4.0 3.8362386
27 4754 5.0 4.893094
27 5419 1.0 1.9533108
27 6264 2.5 1.0748961
28 535 5.0 3.516995
28 2502 5.0 3.6560738
28 2490 5.0 2.2629535
29 924 5.0 4.245087
29 1197 3.0 5.0
29 3543 4.0 3.5209332
29 3699 4.0 4.039375
29 3108 5.0 3.7717254
29 919 5.0 3.6856143
29 969 5.0 4.2199707
29 678 5.0 3.4050832
29 781 4.0 3.7494144
29 1273 5.0 3.2969291
29 2439 4.0 3.356314
29 3420 4.0 3.7487729
29 3626 3.0 3.0612411
30 296 5.0 3.8162968
30 303 4.0 3.587419
30 553 5.0 3.642435
30 364 4.0 3.1257415
30 377 4.0 3.109738
30 413 3.0 3.483546
30 112 4.0 3.4856184
30 165 3.0 2.8609846
30 520 2.0 5.0
30 300 3.0 4.3602705
30 371 3.0 4.4028983
30 455 1.0 3.297179
30 551 4.0 2.4210691
30 585 3.0 3.0167038
30 288 1.0 4.2266493
30 519 1.0 3.8724675
30 147 3.0 3.4171824
30 276 3.0 3.309624
30 550 4.0 3.938626
31 198 5.0 3.6561794
31 260 3.0 3.2352023
31 303 4.0 3.296699
31 366 1.0 2.6566246
31 431 3.0 5.0
31 480 2.0 3.1652567
31 553 2.0 3.4901173
31 648 3.0 3.037289
31 750 5.0 4.4094872
31 913 5.0 3.6564515
31 924 5.0 3.253013
31 968 3.0 2.8709362
31 1127 2.0 2.284559
31 1197 4.0 2.7999465
31 1201 5.0 3.7386606
31 1210 3.0 2.9925785
31 1215 4.0 5.0
31 1258 5.0 5.0
31 1283 0.5 3.4589598
31 1291 4.0 3.043826
31 1333 4.5 3.6114674
31 1799 1.0 4.6309385
31 1909 3.0 2.6270273
31 1965 5.0 2.9998133
31 1997 5.0 4.665763
31 2012 2.0 1.8109308
31 2167 3.0 3.4378707
31 2288 5.0 3.7869496
31 2478 0.5 2.4588034
31 2692 4.0 2.2110536
31 2716 3.0 2.360934
31 3386 3.5 3.8066392
31 3476 2.0 3.8278031
31 3527 2.0 3.4854426
31 3578 4.0 4.0537395
31 3703 5.0 4.2512236
31 3706 4.5 2.377685
31 3793 3.0 3.0147865
31 4128 3.0 0.61172324
31 1377 0.5 3.780415
31 2712 5.0 1.0459452
31 3996 3.5 4.4736443
31 920 0.5 0.5
31 2054 2.0 0.5
31 441 3.0 2.947635
31 1246 0.5 3.5802076
31 3160 4.0 4.097226
31 3328 5.0 5.0
31 4008 5.0 3.1065896
31 4022 3.0 5.0
31 3513 5.0 3.9295042
31 2762 0.5 2.7409344
31 16 5.0 3.0691862
31 21 3.0 3.074529
31 47 4.0 3.1061609
31 112 0.5 1.585821
31 165 3.0 2.432663
31 170 1.0 1.5978351
31 319 4.0 3.1986375
31 380 2.0 3.9445136
31 466 3.0 3.5380461
31 1213 5.0 2.7623286
31 1682 3.0 2.1767564
31 52 1.0 4.733031
31 132 5.0 4.61378
31 246 4.0 4.4634466
31 455 0.5 3.225044
31 223 2.0 2.6398525
31 1050 3.0 4.4227285
31 1204 3.0 2.861737
31 2599 4.5 4.305378
31 3360 4.0 3.2126772
31 4027 3.5 3.9783337
31 4034 4.0 3.1558077
31 4036 2.0 4.0995717
31 5013 3.0 4.13184
31 5464 0.5 1.8557522
31 5618 3.5 2.4778125
31 6003 4.5 2.70419
31 7073 4.0 4.9566503
31 7438 5.0 2.109304
31 8622 4.5 4.9931316
31 903 5.0 4.3586993
31 313 0.5 2.1716976
31 2138 5.0 3.8122022
31 4519 3.0 1.3968297
31 4963 3.0 2.659474
31 6502 2.0 3.6715012
31 911 0.5 3.0068486
31 1250 3.5 1.9343159
31 1340 3.0 3.4707487
31 2428 2.5 1.821323
31 2519 2.0 4.8732886
31 2551 5.0 1.9840913
31 4718 2.5 2.455039
31 111 4.5 0.5
31 4878 3.0 1.959033
31 48516 4.0 3.4133465
31 2706 2.5 4.22302
31 849 4.0 2.137564
31 1882 0.5 3.6752717
31 3208 2.0 4.414568
31 4754 2.0 4.6272535
31 6979 2.5 2.6110263
31 1235 0.5 3.177804
31 2439 4.0 3.2837691
31 18 3.0 5.0
31 177 3.0 3.0618014
31 322 0.5 5.0
31 473 0.5 1.6861125
31 488 4.5 2.5176928
31 659 0.5 1.4672122
31 709 1.0 3.426301
31 735 5.0 5.0
31 741 5.0 1.6495063
31 954 2.0 4.647412
31 1011 0.5 3.0265243
31 1017 2.0 2.4261777
31 1025 3.0 3.2218401
31 1245 5.0 4.7982635
31 1327 0.5 3.488277
31 1603 3.0 4.9642763
31 1615 4.0 2.503897
31 1672 0.5 5.0
31 1801 0.5 5.0
31 1834 4.0 3.5374792
31 1946 3.0 3.9513576
31 1949 3.0 4.0199494
31 1950 4.0 1.9480137
31 2050 0.5 2.1400335
31 2066 4.0 3.358011
31 2074 5.0 3.2139049
31 2077 2.0 4.75355
31 2089 1.0 2.697772
31 2143 0.5 3.132703
31 2178 4.5 3.4602828
31 2402 0.5 5.0
31 2413 4.0 2.0895877
31 2560 4.5 0.5468029
31 2600 4.0 3.9429
31 2844 2.0 2.5186563
31 2965 0.5 4.1479654
31 2970 5.0 4.4726
31 3020 1.0 4.675788
31 3039 1.0 4.8089004
31 3182 5.0 3.4549007
31 3248 0.5 4.1300907
31 3300 3.0 0.9030671
31 3339 5.0 4.1371355
31 3352 4.5 5.0
31 3435 5.0 0.5
31 3466 0.5 3.338663
31 3494 3.5 4.7676415
31 3555 1.0 2.3868911
31 3697 2.5 4.8856063
31 3726 5.0 5.0
31 3798 0.5 2.97032
31 3809 3.0 5.0
31 3840 2.0 5.0
31 3884 0.5 3.3118575
31 3970 5.0 3.4915028
31 4019 2.0 4.438899
31 4033 2.0 5.0
31 4047 2.0 4.16672
31 4065 3.5 5.0
31 4144 5.0 3.860855
31 4161 1.0 2.4694855
31 4212 1.0 3.9259257
31 4255 5.0 4.331464
31 4298 5.0 3.243488
31 4387 2.0 2.5504105
31 4419 4.5 4.185638
31 4479 4.5 2.5183735
31 4515 0.5 3.2535813
31 4518 4.5 1.8981442
31 4553 5.0 3.1496258
31 4574 3.0 5.0
31 4640 5.0 3.5958626
31 4645 4.5 4.446879
31 4650 1.5 2.0772982
31 4725 1.0 3.910501
31 4756 0.5 2.1418405
31 4833 0.5 2.6139903
31 4873 3.0 1.438797
31 4911 2.0 2.322727
31 4914 4.0 4.4688263
31 4956 3.0 4.132034
31 5010 2.0 4.3545628
31 5017 4.0 5.0
31 5049 4.5 5.0
31 5110 3.5 2.9710264
31 5120 4.0 2.955501
31 5142 4.0 2.713695
31 5170 1.0 4.1920457
31 5266 2.0 4.530123
31 5268 5.0 3.383646
31 5325 4.0 5.0
31 5329 2.0 1.9994746
31 5388 1.0 2.7274568
31 5420 0.5 3.009385
31 5609 0.5 4.326176
31 5632 4.0 1.8434466
31 5653 5.0 4.3801417
31 5678 3.0 5.0
31 5680 4.0 4.2563643
31 5785 4.0 4.65583
31 5853 4.0 0.8957586
31 6040 0.5 3.0849035
31 6184 4.5 5.0
31 6185 3.5 3.9235208
31 6188 3.0 2.6085722
31 6196 2.0 4.7385178
31 6229 5.0 2.7115152
31 6242 5.0 3.2011008
31 6288 4.0 5.0
31 6484 3.5 2.1946259
31 6548 5.0 2.5966723
31 6610 1.5 5.0
31 6630 0.5 0.5
31 6703 2.5 3.2860801
31 6709 4.0 3.0251405
31 6731 5.0 2.9497716
31 6741 3.0 3.5990837
31 6748 5.0 2.9379256
31 6777 1.0 1.243503
31 6920 5.0 2.2233927
31 6947 4.5 3.8150434
31 7076 4.5 2.1204622
31 7123 4.5 5.0
31 7215 3.5 2.5523663
31 7236 5.0 3.1610727
31 7278 5.0 4.0376124
31 7300 4.5 4.3485804
31 7318 1.5 5.0
31 7346 1.0 5.0
31 7360 5.0 5.0
31 7413 3.0 5.0
31 7418 3.0 4.2917047
31 7442 2.0 4.032868
31 7460 5.0 3.7387893
31 7587 4.5 0.5
31 7700 1.0 4.014252
31 7918 0.5 3.7291222
31 7932 4.5 1.6433135
31 7951 3.5 5.0
31 8011 4.0 2.39709
31 8016 4.0 4.648775
31 8495 4.5 3.8430984
31 8501 4.0 4.091993
31 8512 3.0 1.9543569
31 8528 3.5 3.7044656
31 8618 3.5 2.8454592
31 8623 2.0 5.0
31 8865 3.5 3.454037
31 8917 1.0 2.5332882
31 26349 4.5 4.1314564
31 30846 5.0 3.7108514
31 31086 3.5 5.0
31 33834 5.0 2.7559733
31 34405 4.0 2.7255442
31 41569 4.0 3.817132
31 47830 1.5 2.2793388
31 52241 3.5 2.765047
31 55118 4.5 2.7160048
32 527 1.5 4.270014
32 1372 4.0 3.383841
32 1374 3.5 3.237982
32 1610 3.5 3.7765143
32 2968 4.5 3.251899
32 1923 3.0 3.9951398
32 1307 4.0 3.9466734
32 1961 4.5 3.6736336
32 2100 4.0 2.7501972
32 2302 3.0 4.5123496
32 3897 4.0 4.1599216
32 539 3.5 4.03685
32 4979 2.5 3.0230193
32 5418 4.5 3.9330904
32 2085 2.5 2.846478
32 6593 3.0 3.719976
32 3809 4.5 4.3507657
32 1298 1.0 3.5972295
32 1395 2.5 3.6695168
32 1962 4.0 3.222535
32 2137 3.0 3.5013068
32 2324 4.5 3.1649797
32 2469 4.5 2.7284245
32 3066 3.0 2.9515293
32 4321 3.5 4.040722
32 4361 4.5 3.5432916
32 6753 4.5 3.5313182
33 48 3.5 4.67986
33 520 3.5 3.637288
33 145 3.5 3.8317354
33 40815 4.0 4.2009053
34 474 3.0 3.3147228
34 500 4.0 2.6868794
34 316 4.0 2.2303336
34 317 3.0 3.7153685
34 368 3.0 2.7282095
35 736 2.5 2.1904902
35 316 3.5 3.3288977
35 5952 4.5 3.7619188
35 5445 3.5 3.7107997
35 1320 4.0 3.7386844
36 527 4.5 4.0564013
36 1097 4.0 4.519153
36 1259 3.5 4.4673786
36 1376 1.0 3.1552794
36 2268 4.0 3.0316312
36 3147 4.0 4.099651
36 3471 1.5 3.6930218
36 3793 2.5 2.836683
36 364 3.0 3.9500625
36 1584 4.0 3.2554927
36 5218 4.0 3.0553756
36 5299 2.0 2.2357693
36 4014 3.5 4.2455997
36 4993 4.5 4.5429997
36 5014 4.0 5.0
36 7147 2.0 3.2682378
36 342 4.0 3.6223402
36 36 4.5 5.0
36 2700 0.5 3.237861
36 3421 0.5 3.2782662
36 5418 4.5 5.0
36 5669 3.5 2.686795
36 8622 3.0 4.5299735
36 19 2.5 2.7161586
36 3988 1.0 3.5951777
36 1320 2.0 3.190485
36 1544 2.0 2.433551
36 6893 4.5 2.8516097
36 1371 1.0 3.3694308
36 1779 1.0 3.940334
36 2953 0.5 3.2335
36 4223 3.0 1.4405394
36 4720 3.0 4.671637
36 1962 2.5 3.4744864
36 58 2.5 3.6071491
36 2125 3.0 1.9554234
36 4646 1.5 5.0
36 6385 4.0 2.8117795
36 7139 3.5 4.3247557
36 8958 4.5 4.1200056
36 30812 2.5 4.2562523
37 924 1.5 4.137032
37 1097 3.0 3.4797027
37 1196 3.5 4.400861
37 1265 4.5 3.082583
37 2692 4.5 4.4395604
37 736 2.5 2.6423862
37 2115 3.5 4.4014025
37 3949 3.0 4.2737875
37 4022 3.5 3.8293269
37 4973 3.5 4.7466393
37 5952 5.0 4.8382707
37 48385 4.0 3.5591664
37 51662 4.0 3.3073106
37 72998 4.0 3.245106
37 1 5.0 4.0762672
37 10 4.5 3.5879548
37 6539 4.0 4.247133
37 6807 4.5 4.17575
37 8665 4.0 3.854456
37 4963 4.5 4.0494466
37 35836 4.5 3.671774
37 44195 2.5 3.8157017
37 33166 4.5 3.1730957
37 2335 4.0 3.5998333
37 7143 4.0 3.6654334
37 53464 3.0 2.6198359
37 59615 2.5 1.9555787
38 541 5.0 4.482427
38 1199 4.0 3.917929
38 1261 4.0 3.4744432
38 2571 5.0 4.031844
38 3793 4.0 4.0331345
38 60069 4.5 4.4441295
38 79132 5.0 4.5653224
38 616 4.0 4.5957465
38 193 1.0 3.4668484
38 8914 4.0 3.9477198
38 2641 4.0 4.263288
38 27611 4.0 3.9912133
38 55908 4.0 3.3095577
38 60161 4.5 4.6236005
38 68237 4.5 3.3327298
39 1221 0.5 4.2426505
39 1240 4.5 3.8728971
39 1748 3.5 3.2077541
39 2542 3.5 3.6539888
39 2858 3.0 0.8862707
39 2916 3.5 2.3223956
39 3703 3.5 3.791916
39 1923 2.0 2.9100432
39 597 0.5 2.384076
39 4886 5.0 3.5086474
39 2502 3.5 4.3126383
39 3114 4.0 2.8292885
39 45517 4.0 4.0758586
39 56174 0.5 5.0
39 3275 2.0 1.8984494
39 3704 3.0 4.2162294
39 7022 4.0 4.72729
39 47997 3.5 5.0
39 96079 3.5 1.395507
40 110 4.0 4.1079593
40 1097 3.5 2.9545264
40 1196 3.5 4.112633
40 1210 4.0 4.140314
40 1527 4.0 3.2689676
40 1732 3.0 4.2596893
40 2028 4.0 3.1609292
40 2716 3.5 3.5027218
40 5299 3.0 4.1017
40 48 4.0 3.0252123
40 588 4.5 4.4042253
40 597 2.0 2.2562604
40 1022 3.0 3.552329
40 3897 4.0 4.133815
40 48385 3.0 3.3225613
40 51662 5.0 3.6100032
40 4886 3.0 4.274878
40 8961 3.5 2.8761628
40 59315 4.0 3.6160607
40 74458 4.5 3.4190528
40 79132 4.5 4.114879
40 106072 3.5 3.3358152
40 106487 4.0 3.3464584
40 108945 4.0 2.0138419
40 471 4.0 4.527968
40 551 4.0 2.521108
40 4011 4.5 3.3715398
40 5902 3.5 4.1419554
40 30810 5.0 4.017326
40 32587 4.0 4.499358
40 4519 4.0 2.278731
40 5444 2.5 4.1201086
40 66097 4.0 3.8160136
40 66934 4.0 2.5704775
40 67734 4.0 3.493467
40 68554 3.0 3.5149853
40 68954 3.5 4.111695
40 4878 4.0 3.7242186
40 3081 4.5 4.099192
40 31410 3.5 2.2650344
40 2710 4.0 3.6293163
40 6264 3.0 4.7251077
40 3247 3.5 2.9573257
40 3698 2.0 2.1315746
40 4223 3.5 2.9975872
40 6378 3.5 3.675484
40 6709 3.5 3.3509815
40 6754 3.0 3.0682087
40 8914 3.5 2.9141407
40 33493 3.5 3.973907
40 51540 4.0 3.4749267
40 8784 4.0 3.2128677
40 6934 2.0 3.9336252
40 48774 4.0 3.5025408
40 68358 5.0 4.490512
40 55908 5.0 3.51148
40 1702 2.0 3.7275422
40 2193 3.5 3.7358418
40 3033 2.5 3.7187588
40 4016 3.5 3.4090228
40 4366 3.5 3.5481284
40 4638 4.0 3.4036508
40 5072 5.0 2.8194792
40 6218 2.5 4.764631
40 7454 3.5 3.309933
40 7812 3.0 4.815068
40 8607 3.5 3.56467
40 8640 3.5 3.3829842
40 31545 4.0 3.4555216
40 31658 4.0 4.447857
40 33615 3.0 3.8623486
40 34111 4.0 2.726288
40 35347 2.0 3.8422654
40 40278 4.0 3.4754598
40 42002 5.0 2.6075788
40 45672 3.0 3.5170164
40 52973 4.0 2.8834312
40 53125 4.0 2.622439
40 54259 2.0 4.094697
40 55768 2.5 3.3601043
40 57502 3.5 4.220327
40 59995 4.5 3.3535607
40 60074 4.0 3.3946187
40 62912 1.0 3.9404466
40 65261 5.0 4.006017
40 66544 3.5 3.2475421
40 74754 5.0 3.5800614
40 78759 3.0 2.728441
40 79251 2.5 3.2721326
40 79702 5.0 2.8017948
40 81845 4.5 3.3278735
40 92058 0.5 3.0829508
40 93475 3.0 4.1400585
40 94018 2.5 1.6727966
40 95207 0.5 3.476545
40 100163 4.0 2.613047
40 102445 5.0 5.0
40 103659 4.0 4.2461753
40 106195 4.0 3.1826339
40 106489 4.0 4.484239
41 900 4.0 4.3477793
41 1022 4.0 4.756729
41 1035 5.0 4.5950766
41 2080 4.0 4.3185697
41 2087 4.0 3.669182
41 783 3.0 4.183629
41 1081 3.0 4.5986047
41 551 2.0 3.311116
41 107 5.0 3.4602017
41 2941 2.0 3.1130502
42 261 4.0 3.5522282
42 265 5.0 2.9059832
42 266 3.0 3.3549507
42 356 4.0 3.4697845
42 597 3.0 1.8754199
42 317 3.0 2.4853983
42 509 5.0 2.7503488
42 539 4.0 3.08289
42 586 2.0 3.6696293
42 508 5.0 3.7339346
42 288 3.0 1.6156585
43 349 4.0 3.44367
43 316 3.0 2.9430647
43 292 3.0 3.1177382
43 380 3.0 4.1458077
43 434 3.0 3.5111535
43 223 5.0 3.5008528
43 535 5.0 3.4013135
44 50 5.0 4.2647862
44 593 4.5 3.9423301
44 858 4.0 4.127239
44 1097 5.0 3.7032871
44 1127 4.0 4.344541
44 1198 4.5 3.9310298
44 1214 4.5 3.3405383
44 1219 4.0 3.8103595
44 1240 4.0 3.5650213
44 1252 4.5 3.340821
44 1258 4.5 3.8531265
44 1291 4.5 3.7139823
44 1356 3.5 4.4486637
44 2291 5.0 3.560532
44 3996 4.5 3.9704878
44 5299 4.0 4.4760175
44 4973 5.0 4.374316
44 7147 5.0 4.1276994
44 91529 4.0 4.403349
44 99145 3.5 3.527307
44 102125 3.5 3.3546152
44 103141 3.5 3.4262831
44 106487 4.0 3.8519497
44 106696 4.5 4.312466
44 106782 5.0 4.468858
44 21 3.0 3.1091006
44 150 3.5 4.0255194
44 1213 4.0 4.2451
44 1263 4.0 3.8533332
44 2797 3.5 4.3395348
44 3176 4.0 3.28951
44 551 5.0 3.622948
44 4226 4.5 4.038459
44 4855 3.0 3.7673445
44 5618 4.5 4.0710397
44 6539 4.0 4.1221976
44 4896 3.0 3.5317705
44 69644 3.5 4.0612526
44 910 3.5 3.6197636
44 5878 4.0 4.0547175
44 48516 5.0 4.337589
44 33794 4.0 3.7145565
44 34405 3.5 4.21988
44 48774 3.5 3.9293673
44 68157 4.0 4.1245723
44 85414 5.0 3.585636
44 37729 4.0 4.094699
44 103249 3.0 3.978821
44 8529 3.5 3.7948241
44 47610 4.0 4.590384
44 55442 4.5 4.6732154
44 91535 2.5 3.723018
44 91630 3.0 3.2679098
45 260 4.0 3.9502127
45 589 4.0 3.1564825
45 780 3.0 2.3872156
45 1036 4.0 4.3467426
45 1127 3.0 4.355603
45 1197 5.0 4.536269
45 1208 5.0 3.830545
45 1215 5.0 4.07753
45 1262 5.0 3.3283672
45 1270 3.0 4.1474333
45 1356 4.0 4.3705196
45 1374 5.0 3.0795944
45 1909 3.0 3.565373
45 1997 4.0 4.687003
45 2000 4.0 4.58811
45 2011 2.0 3.9873395
45 2194 4.0 4.1687665
45 2268 3.0 2.2665358
45 2391 3.0 3.682974
45 2529 4.0 4.1182175
45 2858 5.0 3.0702236
45 2968 4.0 4.093337
45 3471 5.0 3.8978279
45 3578 5.0 2.4122872
45 34 5.0 3.982276
45 1249 4.0 2.85831
45 1653 4.0 3.3155305
45 1923 3.0 4.3134975
45 2115 4.0 4.1924105
45 2712 3.0 2.55112
45 3408 4.0 3.3730655
45 39 3.0 4.0499916
45 1243 5.0 3.3891947
45 1307 4.0 3.2540631
45 1947 5.0 3.2650564
45 441 3.0 3.866593
45 1246 5.0 4.1686616
45 1288 5.0 4.7006717
45 1961 3.0 4.096955
45 2455 4.0 3.819341
45 2959 4.0 4.935398
45 16 2.0 4.5059686
45 173 2.0 3.5593657
45 329 3.0 3.7133389
45 475 4.0 4.321689
45 2728 4.0 3.89799
45 3072 4.0 4.526889
45 246 4.0 4.431254
45 1079 5.0 3.3282416
45 1103 4.0 3.6485436
45 1148 5.0 4.4121447
45 1223 5.0 3.2120287
45 1228 4.0 4.8245893
45 1289 3.0 3.4414043
45 1641 4.0 4.4159217
45 2019 4.0 3.4551792
45 2174 5.0 3.5214646
45 2699 4.0 3.7590947
45 3360 4.0 3.9363317
45 4011 5.0 4.939311
45 4102 3.0 4.1851788
45 661 4.0 4.5444937
45 2085 5.0 3.2130187
45 2141 4.0 3.3218288
45 3988 3.0 2.932092
45 31 2.0 3.5491269
45 1256 4.0 4.121118
45 2366 4.0 3.667816
45 1831 3.0 1.8789185
45 1345 4.0 4.382628
45 1882 2.0 3.640915
45 3082 3.0 2.5878325
45 1041 4.0 3.7962847
45 678 5.0 3.3425717
45 2857 4.0 3.5937476
45 2859 5.0 4.4399486
45 537 1.0 3.6418257
45 709 3.0 4.1444597
45 1676 3.0 3.4537303
45 1729 4.0 4.066963
45 2064 4.0 3.3727605
45 2089 3.0 4.474541
45 2090 5.0 3.5775468
45 3683 5.0 3.4300666
45 3893 4.0 2.619613
45 2324 1.0 4.201803
45 58 5.0 4.4136033
45 2470 4.0 4.5557866
45 218 3.0 3.2363932
45 720 5.0 3.621808
45 1037 1.0 3.6932154
45 1277 2.0 4.2398167
45 1382 3.0 4.2689643
45 1730 5.0 4.4161334
45 2110 4.0 4.1047626
45 2421 2.0 3.7976272
45 2468 3.0 3.0482702
45 2677 4.0 3.784296
45 2693 4.0 2.9379442
45 3163 5.0 4.463725
45 3452 4.0 4.565825
45 3863 5.0 4.472929
45 4084 3.0 4.2544174
46 1215 4.0 3.2383628
46 1407 4.0 4.664925
46 1645 5.0 4.3745933
46 3578 4.0 2.6197445
46 1584 5.0 3.6742256
46 2617 4.0 4.726488
46 3897 4.0 3.985648
46 2762 5.0 3.9710858
46 196 4.0 3.6639724
46 3146 2.0 3.2978456
46 2710 4.0 4.2699814
46 1339 4.0 5.0
46 2606 3.0 4.788099
46 3555 5.0 2.8872895
46 3753 4.0 3.8686273
46 3977 5.0 4.5349393
46 3185 4.0 4.420102
46 799 4.0 3.2683973
46 2120 3.0 4.3057127
46 3316 3.0 3.0237403
46 3617 4.0 3.6577847
46 3755 4.0 4.644957
46 3861 4.0 4.1185994
46 3946 3.0 3.7492795
47 296 3.0 4.517057
47 593 3.0 4.739461
47 153 3.0 3.5808434
47 316 3.0 3.0005033
47 380 4.0 4.980038
48 260 5.0 4.8543787
48 457 5.0 3.8086686
48 1073 4.0 4.142273
48 1197 5.0 4.1358814
48 1220 4.0 4.587198
48 1265 4.0 3.2650158
48 1597 4.0 3.5097914
48 1689 4.0 4.519041
48 1954 4.0 3.844922
48 2011 5.0 2.7571743
48 2571 5.0 3.5890436
48 2692 5.0 4.550456
48 2985 4.0 4.227041
48 2987 4.0 3.7352705
48 4121 4.0 4.258595
48 364 4.0 3.34402
48 1101 4.0 4.2811174
48 588 4.0 3.7480614
48 597 3.0 4.2098813
48 1032 3.0 3.4640536
48 596 3.0 3.6527848
48 2100 3.0 3.4741197
48 2709 4.0 3.2266624
48 4306 5.0 5.0
48 1 5.0 3.875659
48 173 5.0 3.5650237
48 185 5.0 3.588797
48 231 5.0 3.1516864
48 317 4.0 3.6170316
48 586 4.0 3.1328995
48 1722 5.0 3.5369656
48 585 4.0 3.6725662
48 673 4.0 3.6392648
48 1033 2.0 3.6612787
48 1917 3.0 3.8984656
48 2018 2.0 3.1836865
48 256 3.0 4.631607
48 832 5.0 3.6605737
48 1831 5.0 3.3902583
48 3269 3.0 3.631612
48 788 4.0 3.9426856
48 1544 4.0 4.286539
48 1882 5.0 3.4271362
48 3438 4.0 3.8643525
48 2335 4.0 3.2971141
48 2723 4.0 3.4276009
48 473 4.0 2.4584076
48 1603 4.0 3.7134078
48 1920 3.0 3.6422787
48 2006 4.0 3.4847255
48 2027 4.0 4.2509923
48 2090 3.0 3.6839743
48 2431 5.0 3.153042
48 3535 1.0 3.7152958
48 4019 5.0 3.2918499
48 4149 4.0 3.4721792
48 4366 4.0 3.9410684
48 4446 4.0 3.1633892
48 4638 4.0 3.1555598
48 3755 2.0 3.413777
48 8 3.0 3.6747992
48 12 5.0 3.4117813
48 248 3.0 3.182932
48 743 4.0 3.8695738
48 798 5.0 3.1855693
48 810 2.0 4.954302
48 813 3.0 3.1645532
48 880 4.0 4.6694465
48 1495 2.0 3.180406
48 2378 3.0 3.3603742
48 2572 3.0 4.193327
48 3399 2.0 3.1959138
48 3412 3.0 3.440755
48 3450 4.0 3.5326316
48 3500 4.0 3.979519
48 3821 2.0 3.465866
48 4006 5.0 4.149628
48 4153 4.0 3.3085454
49 260 5.0 3.3957653
49 2722 2.0 4.1951003
49 2688 3.0 3.0486262
49 2881 3.0 3.9448297
50 2542 3.5 3.0005045
50 1282 3.5 3.2392073
50 4643 4.5 3.252564
50 1722 4.0 3.7463608
50 3176 4.0 4.1026435
50 5445 4.5 4.565289
50 3987 2.5 3.2778745
50 5378 4.5 3.0558937
50 3717 4.0 2.328238
50 6294 5.0 4.536127
50 4018 3.5 4.8100543
50 3510 4.0 3.234375
50 6503 5.0 2.8443017
50 7311 4.0 2.7223277
51 296 5.0 4.2641306
51 350 4.0 2.3618054
51 1097 5.0 3.2735422
51 1200 4.0 4.0278134
51 1219 5.0 4.095481
51 1805 4.0 4.1017027
51 3273 3.0 2.5922904
51 1249 5.0 3.2180586
51 2617 2.0 2.5773542
51 265 4.0 4.879068
51 356 3.0 2.659984
51 377 2.0 3.313396
51 1381 1.0 1.1286196
51 1499 1.0 3.3311133
51 1644 1.0 3.470624
51 185 2.0 2.6261227
51 468 1.0 3.028409
51 1079 5.0 4.2291694
51 1343 4.0 1.9917588
51 1921 5.0 4.519536
51 4034 5.0 4.13555
51 2747 2.0 3.3497474
51 2710 4.0 2.5679328
51 2702 3.0 4.270008
51 3005 3.0 4.054416
51 709 3.0 3.710724
51 2006 1.0 2.6119168
51 2513 3.0 4.0312147
51 2798 2.0 3.7901123
51 3535 3.0 3.7183852
51 4776 5.0 4.0484896
51 2338 1.0 2.8662148
51 3755 3.0 5.0
51 4090 5.0 3.6979635
51 2133 4.0 3.8680992
51 2672 1.0 3.2464306
51 3835 2.0 4.2327332
51 4712 3.0 4.1254783
51 4951 4.0 4.181037
52 32 4.0 3.2504613
52 541 4.5 2.908069
52 924 4.5 2.7995355
52 968 3.5 1.8263104
52 1130 3.5 2.823687
52 1199 4.0 2.5759206
52 1200 3.0 2.8723187
52 1278 3.5 3.1329608
52 1304 3.0 2.5048726
52 1333 4.5 2.2252743
52 2012 3.0 3.1122108
52 2288 3.5 1.4692597
52 3273 2.0 2.9466097
52 3576 1.5 2.66128
52 3793 2.0 2.8871815
52 4105 5.0 3.6015778
52 2455 4.0 2.4809365
52 16 2.5 3.248767
52 112 2.5 1.6075832
52 7569 3.5 3.7262185
52 253 1.5 3.984265
52 1690 3.0 3.0265112
52 2010 3.0 2.0997322
52 2105 3.5 4.045552
52 2454 3.0 2.4136097
52 2488 3.0 3.9424622
52 1345 3.0 3.7283916
52 1590 3.0 1.9061692
52 1717 2.0 1.9897072
52 2746 1.5 2.0877783
52 3959 3.5 1.8448777
52 70 3.5 2.7271533
52 1301 3.5 2.9631464
52 2900 3.5 2.8274198
52 3727 4.5 1.5720117
52 4553 4.0 3.776367
52 4833 5.0 2.6297657
52 4865 3.0 1.60028
52 5853 4.0 2.3311446
52 5891 3.0 1.14252
52 6058 0.5 2.6211433
52 6132 3.5 3.5173368
52 6242 3.0 4.228061
52 6615 3.0 3.1260648
52 6731 3.5 3.6165602
52 6742 2.5 2.4904077
52 7123 4.0 4.449726
52 1388 0.5 3.1771564
52 3033 2.5 2.9140205
52 6952 3.0 2.134733
52 879 1.5 3.9189334
52 1991 3.0 2.5882795
52 4541 4.0 2.7590113
52 611 3.0 3.7802594
52 680 3.0 4.0218816
52 1323 3.0 3.285121
52 1326 3.5 3.7281604
52 1328 0.5 3.2414334
52 1346 3.5 2.453723
52 1655 1.5 2.681951
52 1756 1.5 3.4214237
52 1981 1.5 3.4134312
52 1983 2.0 4.46122
52 1988 2.5 2.6249592
52 1993 2.5 4.7290974
52 2121 3.5 3.3468463
52 2159 3.5 2.4299276
52 2163 3.5 4.4655066
52 2327 3.0 3.1447222
52 2346 2.5 3.24126
52 2452 1.0 2.5863738
52 2516 1.5 2.3410115
52 2548 2.0 2.6250844
52 2656 2.0 4.097874
52 2754 2.5 3.2963984
52 2780 1.0 3.892768
52 2851 3.5 1.7986736
52 2854 2.5 3.4842908
52 3459 3.5 2.8094137
52 3485 2.5 4.2403975
52 3696 3.0 2.988128
52 3918 3.5 3.7861843
52 3932 4.0 4.617092
52 3962 0.5 3.1223807
52 4138 2.5 4.4772625
52 4222 2.0 3.8120983
52 4494 1.5 2.0738475
52 4497 1.5 2.542823
52 4561 2.5 2.6655445
52 4689 4.0 2.8090787
52 4697 3.5 4.2752886
52 4715 2.5 2.472499
52 5128 0.5 3.094399
52 5305 1.5 3.8798215
52 5306 1.5 2.66131
52 5433 1.0 5.0
52 5476 3.0 2.2616162
52 5691 2.0 5.0
52 5695 4.5 2.5023413
52 5784 3.0 4.125837
52 5862 1.0 3.126576
52 5998 1.5 3.1113396
52 6243 1.5 2.4333582
52 6304 2.5 3.9616807
52 6736 2.0 4.006099
52 6888 1.0 2.6214368
52 6910 3.0 3.9322698
52 6987 4.0 3.8313887
52 7046 3.0 3.852832
52 7984 3.5 4.0077143
52 7991 4.0 2.4658482
52 8062 2.0 3.4025776
52 8507 3.5 3.5288713
52 8770 4.0 1.3616879
52 8854 3.0 3.9356997
53 2028 5.0 3.1400878
53 3578 5.0 4.9829607
53 3623 4.0 0.7203708
53 3175 2.0 3.6902227
53 1466 3.0 2.74846
53 1911 2.0 4.859093
53 3113 1.0 2.6811361
53 2597 3.0 2.5914366
53 2861 1.0 1.6214763
54 110 4.0 1.8566197
54 2571 4.0 3.0811265
54 4973 4.5 3.6912808
54 74458 5.0 3.8086188
54 1293 4.0 4.0105658
54 1080 1.5 5.0
54 69122 5.0 4.626926
54 327 0.5 3.324984
54 68237 4.0 4.1368985
54 56145 4.5 3.8485687
54 44665 4.5 3.5974405
54 47610 4.5 3.6320221
54 3638 3.5 2.9637957
54 5672 0.5 2.1507246
54 6902 4.0 3.3314576
54 26444 2.0 5.0
54 48872 4.5 3.18794
54 56339 4.0 3.0133238
54 62203 5.0 4.288533
54 73168 5.0 3.6188307
54 74228 3.5 4.2915463
55 260 3.0 3.9346611
55 918 5.0 2.534863
55 908 5.0 5.0
55 1172 4.0 4.0429235
55 2160 5.0 3.1875587
55 1217 5.0 2.9871562
55 2398 5.0 3.74387
55 1019 3.0 5.0
55 1207 4.0 5.0
55 3546 5.0 3.860307
55 917 5.0 3.390994
55 940 4.0 3.5371568
55 971 5.0 3.1861143
55 3462 5.0 3.232944
56 1136 4.0 5.0
56 1196 5.0 4.055374
56 1221 4.0 2.9847755
56 1270 5.0 4.470376
56 1276 5.0 3.7163575
56 1304 5.0 3.8845837
56 2396 4.0 3.6279368
56 1247 4.0 4.5718365
56 16 3.0 4.462697
56 1172 5.0 3.5398457
56 1193 5.0 4.2904406
56 2863 4.0 3.2013495
56 745 5.0 2.5891287
56 3157 3.0 4.048365
57 1721 4.0 3.1854866
57 805 3.0 3.3847573
57 1343 1.0 2.678243
57 58 4.0 3.4433045
57 8132 4.0 2.9475021
57 3155 4.5 3.6609564
57 6879 3.0 3.5660803
58 79 3.0 3.8824348
58 1518 4.0 3.8517108
58 141 5.0 4.17578
58 376 3.0 3.2946193
58 1049 4.0 3.3121674
58 113 3.0 3.1694515
59 474 4.0 3.9731927
59 4086 3.0 3.5838132
59 1307 3.0 4.3480225
59 647 4.0 3.488675
59 1480 1.0 2.7776248
59 3968 2.0 4.2931247
59 3260 3.0 4.315006
59 4060 2.0 2.7192845
60 318 4.0 4.0306463
60 858 4.5 4.8727384
60 1221 4.5 3.5109715
60 2395 4.5 3.9560041
60 4973 4.0 3.6247296
60 5952 4.5 4.5438476
60 3421 4.5 5.0
60 3504 4.5 3.79806
60 3671 4.0 4.655259
60 30810 4.0 5.0
60 62376 4.0 3.4314528
60 72011 4.0 3.8544552
60 4718 3.0 3.1529932
60 31410 4.5 2.8397207
60 3087 4.0 3.949035
60 3730 5.0 3.4518716
60 6620 5.0 3.2151341
60 6774 5.0 4.491003
60 7123 4.0 4.0533385
60 7460 4.5 2.992652
60 37733 4.5 3.9547422
60 3977 3.0 4.365331
60 55820 4.5 3.3827417
60 69640 4.5 3.1093657
60 69849 4.0 3.191809
61 350 3.0 2.6632411
61 780 3.0 3.2347403
61 762 2.0 2.9029179
61 62 4.0 3.5340536
61 150 5.0 4.4362288
61 151 4.0 3.7390368
61 246 5.0 4.007021
61 299 3.0 4.270113
61 371 3.0 3.7600574
61 991 4.0 4.3691535
62 1196 3.0 3.6983619
62 4085 2.0 3.492764
62 357 3.0 2.0193326
62 52 1.5 4.141951
62 919 5.0 3.4645357
63 1196 4.0 4.1071734
63 1227 5.0 4.2088265
63 1252 5.0 4.96785
63 1262 5.0 3.3768919
63 1230 5.0 3.3359227
63 1247 4.0 4.0397167
63 1132 4.0 3.7596586
63 1172 4.0 3.3385997
63 1225 4.0 3.5404427
63 1302 3.0 3.2113385
63 1674 3.0 3.0350218
63 1224 4.0 2.9527771
63 1228 5.0 3.3421202
63 1264 3.0 3.8986614
63 1882 1.0 3.0822399
63 1371 4.0 3.0775473
63 659 4.0 2.7931094
63 1185 4.0 3.6157231
63 680 4.0 3.642423
63 909 4.0 2.9935553
63 1948 3.0 3.5683043
64 902 4.5 3.5790865
64 4757 1.5 2.2666652
65 924 4.0 2.6776788
65 3363 2.0 2.0971327
65 1186 4.0 2.3494267
65 1459 3.0 1.5170434
65 1663 1.0 2.2037709
65 3210 1.5 2.7804203
65 1367 1.0 2.8297663
65 2761 1.0 2.3186736
65 55282 3.0 2.6254456
65 969 3.0 1.6015697
65 6787 4.5 3.6845236
65 2792 2.5 3.0118623
65 7419 4.0 2.254522
65 2133 2.0 3.7658687
65 2971 3.5 2.941058
65 3710 2.5 3.2371502
65 55391 3.0 5.0
66 474 4.0 3.2666733
66 377 3.0 3.6477609
66 44 4.0 2.1601956
66 173 3.0 2.0604215
66 380 4.0 4.4057875
66 376 2.0 3.474354
66 71 2.0 4.1319156
66 741 5.0 3.345845
67 185 4.0 2.2293646
67 344 3.0 2.3753223
67 19 2.0 2.2862434
68 318 5.0 3.2739298
68 589 4.0 4.4151464
68 1210 5.0 4.2585096
68 1265 3.0 4.3778505
68 1610 5.0 3.4865355
68 1584 2.0 3.9362648
68 1777 3.0 3.451193
68 1608 4.0 4.468655
68 1343 4.0 4.0995893
68 2142 2.0 3.240095
68 111 5.0 3.9516687
69 296 5.0 5.0
69 590 4.0 3.9017324
69 750 5.0 5.0
69 1234 5.0 3.8040879
69 1276 5.0 4.411676
69 1304 5.0 5.0
69 2948 5.0 4.361638
69 2973 4.0 4.602639
69 3272 4.0 4.934385
69 3471 4.0 3.5665803
69 1721 1.0 3.1533148
69 920 5.0 4.6649485
69 4306 3.0 4.5986934
69 1090 4.0 4.782596
69 1228 5.0 5.0
69 2303 5.0 3.201322
69 3253 5.0 3.8628185
69 4246 4.0 4.781572
69 904 5.0 4.5054984
69 1217 5.0 3.457171
69 2203 5.0 2.5662487
69 2238 5.0 3.2417703
69 1041 5.0 4.1564603
69 2245 3.0 5.0
69 162 5.0 3.1407788
69 3384 5.0 3.0607638
69 4262 5.0 2.911991
69 4282 5.0 2.2395773
69 4326 2.0 3.0814705
69 4624 5.0 4.09182
69 6184 5.0 2.718372
69 2158 5.0 3.9191837
69 2159 5.0 4.2145567
69 3676 5.0 4.2608175
69 3461 5.0 4.865216
69 1958 5.0 3.5985608
69 1194 5.0 4.601714
69 2131 5.0 3.127911
69 2830 5.0 5.0
69 2969 5.0 4.157758
69 3036 4.0 4.3968244
69 3167 5.0 2.7388825
69 4190 5.0 2.326484
69 4292 3.0 2.834231
69 4327 4.0 3.4100313
69 4708 5.0 4.065126
70 296 5.0 4.0226445
70 593 5.0 4.8346014
70 648 3.5 3.993509
70 750 4.0 4.4571633
70 1097 4.0 3.0675225
70 1129 5.0 3.7560859
70 1196 5.0 4.0204496
70 1200 3.5 4.385124
70 1220 5.0 3.7590623
70 1387 3.0 3.6986039
70 1527 5.0 4.3457117
70 1610 3.0 3.8711195
70 1732 2.0 4.464616
70 1965 3.0 3.5718756
70 2268 4.0 2.9769669
70 2529 4.0 4.6352015
70 2580 5.0 3.707399
70 2968 4.0 4.3789496
70 2987 3.0 3.9741364
70 3147 5.0 3.06076
70 4128 5.0 4.291833
70 5060 3.5 4.884321
70 34 3.0 3.4928749
70 1249 5.0 3.4539912
70 1777 4.0 4.4854035
70 1923 4.0 3.7730834
70 2294 4.0 3.6908076
70 2640 4.0 4.055329
70 2712 3.5 3.035302
70 5218 4.0 4.1067185
70 377 4.0 4.2320766
70 1285 3.0 3.5384588
70 1835 4.0 2.7842593
70 1499 3.0 3.4596705
70 2997 4.0 3.432835
70 4022 3.5 3.68731
70 4993 5.0 3.813864
70 6711 3.0 3.5042584
70 48385 5.0 4.0580263
70 1 4.0 4.589217
70 11 4.0 3.5399897
70 170 4.0 3.3649175
70 353 3.5 3.8101854
70 471 4.5 3.791404
70 509 4.0 4.4618187
70 539 3.5 4.4286118
70 616 4.0 4.779388
70 1088 3.5 3.5236413
70 1552 4.0 3.523077
70 1608 3.5 4.222439
70 2763 3.5 4.2509007
70 3252 4.0 3.9937375
70 193 3.0 3.025962
70 1120 4.5 3.4547608
70 2144 5.0 4.1374917
70 2502 3.5 4.1211057
70 5349 3.5 3.465749
70 5418 4.0 3.1907907
70 5617 5.0 3.5864408
70 5679 4.5 3.824559
70 6874 5.0 4.0816727
70 7090 5.0 3.502915
70 7438 5.0 3.9868076
70 8622 4.0 2.6934457
70 5459 3.0 4.2344933
70 5481 3.0 4.396792
70 2078 3.0 3.5602362
70 2355 4.0 4.095557
70 4308 4.0 3.1070595
70 4963 5.0 4.5569634
70 6377 4.0 3.8410926
70 41566 4.0 3.7746205
70 1873 4.0 4.628193
70 2528 5.0 3.7144055
70 4995 4.5 3.5642328
70 45728 5.0 3.9003792
70 2706 4.0 4.605356
70 3257 3.0 3.331759
70 6979 5.0 4.685627
70 1779 4.0 3.6730292
70 2420 4.0 3.0795422
70 4019 4.0 3.657368
70 4571 5.0 4.2389407
70 6378 4.5 3.6849265
70 33004 4.0 3.598051
70 33493 3.0 3.5554342
70 4447 4.0 3.3743484
70 7254 4.0 2.9621556
70 5991 4.0 3.8595936
70 6373 4.0 4.0125136
70 6934 3.0 4.520179
70 8644 3.5 3.747159
70 45722 3.0 4.098236
70 2161 3.0 3.7281399
70 2232 4.5 3.7401798
70 3785 4.0 3.876001
70 1100 3.0 3.5949981
70 2681 5.0 3.14737
70 5026 4.5 3.3569095
70 7743 5.0 4.7178636
70 47952 3.5 3.7483764
71 1721 5.0 1.449861
71 4993 5.0 2.7005186
71 1693 4.0 4.6774435
71 3536 4.0 2.7363296
72 457 3.0 4.651997
72 1283 4.0 3.3366585
72 1387 5.0 3.1020951
72 1 3.0 4.3282127
72 1183 4.0 4.718186
72 1225 4.0 4.4638333
72 1272 3.0 3.6757243
72 154 4.0 4.186203
72 1204 3.0 4.230313
72 1256 5.0 4.321543
72 1479 3.0 5.0
72 950 4.0 4.2055607
72 1603 3.0 3.9005377
72 1211 4.0 2.9025955
72 1515 1.0 3.6509867
72 940 4.0 2.3477461
73 1200 4.0 3.350602
73 1333 4.5 2.6772585
73 4085 3.5 2.6302333
73 51662 4.0 3.6035037
73 2058 3.0 2.3974218
73 1203 5.0 3.4782145
73 1274 4.5 2.455294
73 585 2.0 4.7369866
73 54997 3.5 2.0167394
73 2694 3.0 2.879561
73 3535 3.5 1.9269402
73 8169 3.5 2.743228
73 27660 4.0 2.7745986
73 3755 3.5 3.0063012
73 700 3.0 3.1754434
73 4565 3.0 3.0377738
73 33629 4.0 3.7625744
73 62049 4.0 3.2976367
74 296 5.0 4.5331335
74 593 5.0 3.6331089
74 509 5.0 3.778159
74 1183 5.0 3.4101784
74 659 3.0 4.628652
75 32 3.0 3.667131
75 260 3.0 3.348768
75 318 5.0 4.1562133
75 924 3.0 3.6017072
75 968 3.0 3.4717789
75 1127 3.0 3.3016047
75 1198 3.0 3.5571806
75 1214 3.0 3.577122
75 1227 2.0 3.11243
75 1242 3.0 2.7419994
75 1270 3.0 4.059777
75 1333 3.0 3.9445794
75 349 2.0 2.1537828
75 953 3.0 3.7990806
75 417 2.0 2.558988
75 594 3.0 3.4222174
75 595 5.0 2.7973185
75 899 3.0 3.2212446
75 934 3.0 4.108628
75 62 2.0 2.653682
75 345 5.0 3.4687696
75 348 5.0 3.1613557
75 908 3.0 2.8186479
75 1246 3.0 3.607273
75 150 3.0 3.6813602
75 355 3.0 2.7649956
75 454 2.0 2.9100778
75 468 3.0 3.4172037
75 475 3.0 4.230994
75 509 5.0 3.1047027
75 272 4.0 2.9767272
75 1172 3.0 3.9625995
75 1408 3.0 2.7925637
75 14 3.0 3.4976094
75 25 3.0 3.0290816
75 35 4.0 3.5442789
75 305 3.0 3.1777885
75 314 3.0 2.9403353
75 412 4.0 3.6246264
75 534 3.0 3.599117
75 1248 3.0 3.9186685
75 661 3.0 3.7372918
75 1367 3.0 4.550647
75 515 5.0 3.8835325
75 531 3.0 2.2018352
75 969 4.0 3.072012
75 1264 3.0 3.361403
75 273 3.0 3.3042939
75 800 5.0 4.2087073
75 848 3.0 3.0203178
75 1357 4.0 3.4737868
75 994 4.0 3.0196059
75 1300 3.0 4.3084474
75 213 4.0 4.043432
75 971 4.0 4.196846
75 425 4.0 2.7132063
75 43 3.0 4.3799753
75 363 4.0 3.2398844
75 125 3.0 3.3980398
75 728 3.0 2.3516266
75 369 3.0 2.6354537
75 549 3.0 3.244666
75 947 4.0 3.6618955
76 260 4.5 4.4951367
76 3793 3.0 4.273345
76 4306 3.0 4.5304785
76 4226 4.5 4.623701
76 97304 3.5 3.4607105
77 457 4.0 3.7237904
77 541 3.0 4.5211725
77 1196 4.0 4.8653574
77 2529 2.5 3.6047475
77 3578 4.0 2.76831
77 3996 4.5 4.027841
77 17 4.0 3.7379534
77 356 5.0 4.0148983
77 4306 4.0 4.888688
77 5952 4.0 5.0
77 1722 3.0 4.354949
77 2353 4.0 3.95223
77 6333 2.5 3.9392974
77 2355 3.5 3.7194023
77 2324 4.5 3.9688542
77 6156 2.5 4.571929
77 3148 3.5 3.9320328
77 30 3.5 4.1339135
77 1619 3.5 4.2998815
78 32 4.0 3.4791634
78 1136 4.0 3.6895657
78 2571 4.0 3.6875663
78 7153 4.5 4.1082797
78 3481 4.0 4.4146504
78 2959 3.5 3.2546835
78 58559 4.5 3.3650403
78 79139 3.5 4.2310185
78 778 3.0 4.245208
78 3000 3.0 2.980553
78 27706 4.5 4.0176997
78 5225 4.5 2.5202477
78 46578 2.0 3.6595988
78 50872 3.0 3.6489878
78 6016 5.0 3.791367
78 4873 5.0 2.8443346
78 8957 4.0 3.77085
78 59615 2.0 3.2880948
78 71535 2.5 4.4507813
78 70286 4.0 2.597974
78 3285 4.0 2.8849065
78 8607 5.0 3.843472
78 26903 4.0 3.8791568
78 74789 1.5 3.4066787
78 76251 3.5 4.464434
78 64614 4.0 3.609259
78 67255 3.0 4.4688344
78 3174 4.5 2.7403486
78 4975 5.0 3.3247883
78 5128 3.5 3.107333
78 67508 4.0 3.238872
78 6223 4.5 2.631179
78 6350 4.0 4.6534038
78 6482 3.5 3.6236255
78 8117 4.0 2.3666596
78 47491 4.0 3.643617
78 57504 3.0 3.921213
78 61236 5.0 2.6863241
78 67429 4.5 4.873953
78 72209 3.0 3.2322834
78 74677 4.0 2.204781
78 85179 2.5 4.406585
79 318 5.0 4.2701225
79 541 4.0 4.7223773
79 1208 5.0 5.0
79 1221 4.0 4.6804304
79 2011 3.0 3.9273329
79 2716 2.0 3.144633
79 1653 3.0 3.7414405
79 2291 2.0 3.4770143
79 17 4.0 4.0944037
79 1230 5.0 3.7724814
79 1307 4.0 2.825725
79 344 2.0 1.9700549
79 36 3.0 4.2449203
79 1272 4.0 3.8097632
79 1552 2.0 2.4700053
79 1674 4.0 3.1378708
79 2918 4.0 4.823861
79 508 4.0 4.156492
79 778 4.0 3.9648774
79 1103 4.0 2.9485297
79 2355 3.0 3.1704724
79 2470 3.0 2.603366
79 2373 2.0 2.9906533
