1 6 2.0 3.5878615
1 432 2.0 2.7099118
1 521 3.0 5.0
1 541 4.0 3.8617573
1 553 3.0 4.351679
1 996 2.0 3.1830025
1 1073 3.0 4.1119666
1 1097 5.0 3.3725505
1 1196 4.0 4.431588
1 1206 4.0 3.6980026
1 1210 3.0 3.6791523
1 1240 5.0 3.5919073
1 1257 5.0 3.120817
1 1258 5.0 3.2791002
1 1283 4.0 2.2198162
1 1304 4.0 3.5615017
1 1356 3.0 2.735303
1 1358 3.0 3.7270844
1 1394 2.0 4.0263085
1 1580 5.0 4.504514
1 1610 3.0 3.4970384
1 1627 3.0 3.8187566
1 1754 2.0 3.0676434
1 1909 3.0 2.4778178
1 2009 5.0 3.7136304
1 2011 4.0 4.4675803
1 2028 3.0 3.4069846
1 2076 3.0 3.14614
1 2407 5.0 4.259471
1 2527 3.0 4.223213
1 2571 4.0 4.419361
1 2580 3.0 3.7837148
1 2901 5.0 4.5138893
1 2944 4.0 4.7865252
1 3044 4.0 3.0220835
1 3104 4.0 3.6329057
1 3147 4.0 3.8114164
1 3272 1.0 1.7879908
1 3362 3.0 4.2954426
1 3386 3.0 2.6926708
1 3424 2.0 3.4896894
1 3682 3.0 2.425677
1 3701 3.0 3.042441
1 3702 3.0 4.8425746
1 3763 4.0 4.322486
1 3793 2.0 3.6424787
1 3836 3.0 2.2990084
1 4041 4.0 2.9182978
1 4105 5.0 4.1071935
2 32 3.0 4.130331
2 2 4.0 4.498893
2 105 5.0 3.930567
2 349 4.0 4.419496
2 736 3.0 3.6110485
2 762 2.0 3.5981176
2 1101 3.0 4.1878757
2 1584 4.0 2.3128164
2 1894 3.0 3.7964003
2 2053 3.0 4.9030485
2 2406 4.0 4.740637
2 2640 5.0 3.5685248
2 3100 5.0 3.5409367
2 3101 5.0 5.0
2 5218 4.0 4.5272093
3 367 2.0 4.7718525
3 1073 5.0 4.68713
3 3 4.0 4.080286
3 17 4.0 4.200571
3 236 5.0 4.216209
3 289 3.0 4.2916455
3 339 5.0 4.680403
3 356 5.0 4.79983
3 440 4.0 4.021917
3 594 5.0 4.6177087
3 595 5.0 4.4560385
3 597 4.0 3.9601343
3 830 5.0 4.601447
3 838 3.0 4.680215
3 934 5.0 4.3133116
3 955 5.0 4.7722707
3 1282 3.0 4.6057057
3 1297 4.0 3.8947427
3 1747 3.0 4.1681595
3 1968 5.0 5.0
3 2014 4.0 3.7798195
3 2084 2.0 3.0509822
3 2087 3.0 4.425333
4 780 4.0 2.4434872
4 2804 4.5 3.7913768
4 2858 3.5 3.3967826
4 3527 3.0 3.7352545
4 2617 2.0 2.5592184
4 39 3.5 3.743118
4 48 2.0 3.260576
4 920 4.5 4.230577
4 908 4.0 3.6363463
4 1288 3.5 4.1233277
4 2100 3.0 3.9669209
4 3481 3.0 4.683387
4 4014 4.5 3.9728236
4 4148 3.0 3.2900174
4 4306 5.0 3.6062016
4 4487 3.5 3.1560857
4 4703 4.5 3.0579724
4 6250 1.0 4.140062
4 6565 4.0 4.1872687
5 915 3.5 3.004901
5 2775 4.5 3.2777526
5 5015 2.5 3.1268494
5 6283 2.0 4.274086
5 8781 0.5 5.0
5 48385 2.5 3.707121
6 68319 3.5 3.2038798
6 74698 2.5 3.6613503
6 79139 3.5 2.4194963
6 83132 3.5 2.7632053
6 85367 3.5 3.1352503
6 85397 2.5 1.9903868
6 90249 3.0 4.371539
6 91978 3.0 2.9921958
6 92507 3.5 5.0
6 93242 3.5 3.8072321
6 93272 4.0 3.4321084
6 96655 3.5 2.5438669
6 97938 3.5 5.0
6 101360 3.5 3.016766
6 103141 4.0 2.8285837
6 103253 3.5 3.4598222
6 106487 3.5 4.246975
6 106782 3.5 3.4983807
6 110771 4.0 5.0
6 114180 3.5 5.0
6 114182 3.5 3.5747416
6 114795 4.0 4.0559897
6 114935 2.0 3.0345252
6 115170 5.0 4.55497
6 115569 1.5 2.676495
6 115617 4.5 2.8773873
6 117590 1.5 4.498291
6 118760 3.5 2.7513714
7 22 4.0 3.7485602
7 110 5.0 4.023681
7 500 4.0 3.8565536
7 356 3.0 4.4478393
7 112 4.0 4.558148
7 165 3.0 2.8933413
7 170 4.0 4.3215246
7 186 4.0 4.0002675
7 208 3.0 3.4828308
7 230 4.0 3.8428872
7 231 4.0 3.8290825
7 282 5.0 4.4480176
7 292 4.0 3.3077834
7 317 4.0 3.1765077
7 342 3.0 3.4612105
7 370 4.0 3.6583855
7 383 3.0 3.938554
7 419 4.0 3.7854846
7 433 4.0 3.7699277
7 466 4.0 3.649226
7 516 4.0 3.9648354
7 540 3.0 3.0149143
7 586 3.0 4.3571687
7 616 5.0 3.3728695
8 1092 4.0 2.9354475
8 1259 4.0 3.68613
8 1527 3.0 2.8721266
8 1876 3.0 3.2263572
8 1909 5.0 3.7013695
8 3527 4.0 4.255717
8 349 4.0 3.1538663
8 377 4.0 3.9659185
8 1747 4.0 3.7274415
8 1968 4.0 4.789149
8 1961 4.0 4.5803256
8 2997 2.0 4.004248
8 380 3.0 4.5098987
8 539 3.0 3.7699816
8 40 4.0 4.163509
8 1132 4.0 3.9796083
8 1172 4.0 4.1277843
8 1183 5.0 3.9176233
8 1438 2.0 4.284184
8 1518 5.0 4.432791
8 1552 4.0 3.8218813
8 1693 3.0 3.3132396
8 2002 4.0 3.090049
8 2058 4.0 4.265803
8 2150 4.0 4.099254
8 2427 3.0 3.6266928
8 3498 5.0 3.3083177
8 3723 4.0 3.9710128
9 318 5.0 4.0924807
9 474 4.0 3.3413863
9 780 4.0 2.7672362
9 349 4.0 3.3499582
9 500 3.0 3.4726183
9 552 4.0 2.9200418
9 224 4.0 3.490072
9 417 4.0 4.1637506
9 440 3.0 3.4823644
9 10 4.0 3.7595634
9 11 4.0 3.6638856
9 185 3.0 2.606759
9 237 4.0 4.530241
9 381 4.0 2.232225
9 491 4.0 3.391671
9 509 5.0 3.959658
9 587 5.0 3.4758708
9 144 4.0 3.4627826
9 168 4.0 3.1574829
9 222 3.0 3.3511188
9 371 3.0 4.067225
9 505 3.0 3.7648134
9 852 4.0 3.441155
9 1081 4.0 4.3431077
9 1096 5.0 3.024821
9 1124 5.0 3.9964733
9 1135 3.0 3.4616563
10 50 5.0 3.448118
10 1198 4.0 3.4704745
10 1257 3.5 3.6575034
10 1283 4.0 3.5524917
10 1387 3.5 3.7397168
10 2571 4.5 3.111383
10 2716 3.5 3.3178403
10 3424 4.0 3.6665225
10 3996 4.0 3.9625142
10 1032 3.0 4.213024
10 3897 4.0 4.277585
10 6711 4.0 3.1584806
10 2762 4.0 3.4729192
10 249 2.5 3.468685
10 370 3.0 3.9212294
10 2278 4.0 3.3046825
10 300 4.5 4.1162744
10 1125 3.0 3.55548
10 199 1.5 2.7339444
10 902 4.0 4.071722
10 931 3.5 3.0181854
10 1080 4.0 3.3956816
10 1120 3.0 3.7133038
10 1148 3.5 4.0592384
10 1171 4.5 3.4446516
10 1203 4.0 3.5856388
10 1223 3.5 4.4327126
10 1269 3.5 3.8433104
10 1343 3.5 3.2669768
10 1449 3.5 3.737681
10 1643 3.5 3.7759547
10 2160 3.5 3.7789507
10 2184 4.0 3.9433746
10 2289 4.5 3.9860296
10 2700 4.5 3.3219535
10 2795 3.5 3.9632025
10 2993 3.0 4.2710395
10 3098 4.0 3.9527972
10 3108 3.5 3.6547441
10 3129 4.0 3.7338803
10 3396 4.5 3.649942
10 3504 4.0 4.0981956
10 3911 4.0 2.9681032
10 4027 4.5 3.7774384
10 4979 4.5 3.8972049
10 5989 3.5 3.3972697
10 6003 3.5 4.1713715
10 6296 2.5 3.7717192
10 6333 4.0 3.7535028
10 6807 3.5 3.4225855
10 7073 4.5 3.5538309
10 7090 5.0 3.3652232
10 7137 4.0 3.1159108
10 8364 3.5 3.657883
10 8983 4.0 3.7758439
10 30810 4.0 3.897086
10 30898 4.0 3.1375604
11 3793 3.5 4.028795
11 3 2.5 1.8911927
12 5225 4.0 2.5437438
12 5377 4.0 4.5778217
12 5502 3.0 3.6004786
13 2 4.0 3.625084
13 2384 3.0 3.076749
13 7153 4.5 3.5575516
13 588 5.0 3.3455877
13 1285 4.5 3.8550525
13 2014 2.5 4.0929623
13 596 4.0 3.8199878
13 2302 4.5 3.6157796
13 3897 4.0 3.976509
13 4993 4.5 3.543733
13 520 4.0 3.2357259
13 2949 3.0 2.612189
13 1274 4.0 3.6044629
13 4027 3.5 3.9372303
13 4979 3.0 4.14199
13 19 3.5 3.5870986
13 585 3.0 3.678023
13 986 3.5 3.523924
13 1005 3.0 3.8293324
13 1592 3.5 2.8536935
13 1806 3.5 3.2907283
13 2059 3.5 3.228952
13 2085 4.0 3.94028
13 2142 3.5 3.4808264
13 2354 3.5 4.677943
13 4039 3.0 3.6686788
13 4246 3.5 3.7839053
13 4386 4.0 3.5175123
13 5151 3.5 3.5992677
13 5810 4.0 3.1490202
13 6297 4.5 3.127619
13 6794 3.5 3.505151
13 6798 4.0 3.1223416
13 7173 3.0 3.5140724
13 8643 3.0 4.052967
13 31502 1.0 3.5176752
13 45106 3.5 4.3179374
13 47518 4.5 4.362704
13 51255 4.5 3.3069615
13 55250 3.0 3.6883183
13 56788 4.0 2.9613383
13 57669 3.5 3.7386522
13 62718 3.5 3.108555
13 70282 3.0 4.1905146
14 367 3.0 3.2084827
14 34 5.0 3.5991125
14 185 3.0 3.1974902
14 208 3.0 3.532596
14 237 4.0 3.6541753
14 361 4.0 3.0686097
14 539 4.0 4.0912113
14 151 5.0 3.5008738
14 168 3.0 3.3169081
14 222 5.0 2.8832726
14 31 3.0 3.2472773
14 247 4.0 2.9198725
15 260 4.0 4.4183154
15 541 3.0 4.141277
15 589 4.0 3.1596937
15 592 5.0 4.0585656
15 924 3.0 2.4357383
15 1200 5.0 3.5331886
15 1262 4.0 4.232453
15 1291 3.0 4.082444
15 2000 3.0 3.9197962
15 2968 5.0 3.5124092
15 2985 5.0 2.1279912
15 2987 5.0 2.0919797
15 2640 5.0 4.467054
15 1288 5.0 4.1558933
15 2455 4.0 2.4580157
15 36 4.0 1.7263738
15 911 4.0 3.350388
15 926 4.0 3.0709455
15 969 4.0 4.219993
15 1086 4.0 1.401435
15 1178 4.0 3.7571292
15 1217 3.0 4.5505285
15 1340 5.0 4.3502197
15 1940 5.0 4.304981
15 2010 5.0 4.0410495
15 2186 5.0 3.9925945
15 2203 4.0 4.0984945
15 2206 3.0 3.8153586
15 2238 1.0 5.0
15 2428 3.0 4.283406
15 2454 5.0 3.7086432
15 2528 4.0 2.9850268
15 2551 2.0 3.24412
15 2649 5.0 2.250753
15 2657 3.0 3.4551394
15 2920 2.0 2.728769
15 3088 3.0 2.5880053
15 3219 3.0 3.0684566
15 3334 3.0 4.2572274
15 3340 2.0 3.2526836
15 3365 3.0 2.5332537
16 648 4.0 4.576476
16 95 3.0 2.9402933
16 733 4.0 3.003352
16 1444 1.0 3.8503864
17 306 3.0 3.0710497
17 1831 5.0 1.9453069
17 2722 1.0 2.0475426
18 1089 5.0 3.7985468
18 1208 3.0 3.2728112
18 2028 5.0 3.6761875
18 2692 5.0 4.4634824
18 111 3.0 4.0948906
18 2183 5.0 3.9383533
18 3484 4.5 2.8541725
18 6679 4.0 4.9011087
18 48516 5.0 5.0
19 527 5.0 4.1140833
19 1653 4.5 3.9623275
19 1230 4.0 4.3209624
19 5952 4.5 4.3407817
19 293 4.0 3.3736968
19 2329 4.5 3.840207
19 5418 4.0 3.6420665
19 5989 3.5 4.3094287
19 6874 4.0 3.0440016
19 8949 4.5 4.6869836
19 4963 4.0 3.6128147
19 6016 4.5 4.5903373
19 7445 4.0 4.0255013
19 31410 5.0 3.6196306
19 33794 4.0 4.169572
19 40583 4.0 3.8182936
20 1258 5.0 2.920878
20 2571 5.0 4.865102
20 2858 3.0 4.7722173
20 594 4.0 5.0
21 1073 4.0 4.509243
21 5 4.0 4.494154
21 494 4.0 3.424055
21 733 5.0 2.459832
21 661 5.0 4.886715
21 9 3.0 3.4612677
22 480 3.0 3.6425412
22 589 1.0 3.9319077
22 780 4.0 2.9742954
22 356 5.0 1.1405101
22 4643 2.5 1.5232756
22 150 3.0 2.9664125
22 5810 5.0 3.7473452
22 49932 0.5 5.0
22 53318 5.0 4.074367
22 68650 1.0 1.3105453
23 457 5.0 5.0
23 1573 4.0 4.4146147
23 1610 5.0 3.893049
23 2791 4.0 4.672558
23 163 2.0 4.244005
23 316 4.0 2.4377038
23 173 2.0 1.6334004
23 329 3.0 4.9992313
23 434 4.0 2.5281718
23 485 4.0 3.0002334
23 1722 3.0 4.078721
23 3256 4.0 2.9965568
23 3418 3.0 3.9949396
23 3751 5.0 4.9242787
23 2657 3.0 4.568766
23 1831 3.0 3.5631793
23 1320 4.0 4.8641973
23 1479 4.0 3.8389752
23 1480 4.0 2.89304
23 1971 4.0 3.3081653
23 1975 3.0 3.8896723
23 2497 1.0 4.216652
23 2616 2.0 4.431572
23 3082 4.0 3.5442
23 3107 3.0 4.60773
23 3257 3.0 3.8059132
24 110 5.0 4.275266
24 318 5.0 5.0
24 1617 5.0 4.2380223
24 34 5.0 3.6272848
24 17 5.0 4.2477117
24 1678 5.0 3.6148562
24 237 4.0 4.350806
24 1682 5.0 2.3929524
24 52 4.0 2.8501894
24 305 1.0 3.141198
24 1094 5.0 5.0
24 778 3.0 5.0
24 1704 5.0 4.3268456
24 585 4.0 4.2123375
24 1041 5.0 3.2201889
24 1051 4.0 3.7215257
24 1399 4.0 1.9886793
25 7 4.0 5.0
25 2762 5.0 5.0
25 1193 5.0 4.5355268
25 2276 3.0 2.8141472
25 2686 4.0 4.5111527
25 2714 4.0 5.0
25 2724 4.0 5.0
25 2734 4.0 3.5578065
25 3005 4.0 4.0536513
25 3111 4.0 5.0
26 296 3.0 4.013005
26 592 3.0 3.7776582
26 21 4.0 2.6720817
26 47 3.0 3.8340354
26 329 3.0 4.5220714
27 356 4.5 3.7721117
27 3052 4.0 4.1437807
27 986 3.5 3.4058805
27 2792 3.5 3.3062153
27 1010 3.0 2.042203
27 2382 1.5 3.69639
27 3868 3.0 3.660498
27 3959 4.0 3.3326426
27 6893 5.0 3.9342594
27 6979 4.0 5.0
28 1374 2.0 3.5229514
28 1376 2.0 2.1546779
28 1375 2.0 3.6493301
28 1721 1.0 4.721022
28 1923 5.0 3.1199563
28 1373 1.0 3.9805646
28 2335 4.0 4.0489707
28 2723 3.0 4.1942234
29 3362 4.0 3.8976095
29 1957 5.0 5.0
29 2424 5.0 1.9194982
29 1235 4.0 3.5708303
29 1251 4.0 5.0
29 1995 2.0 2.8307278
29 2072 3.0 4.419223
29 3251 3.0 3.2523897
29 3841 4.0 4.3296614
30 110 5.0 3.8850088
30 350 2.0 2.974056
30 367 5.0 3.9228373
30 480 5.0 4.420756
30 589 5.0 3.7564065
30 592 4.0 2.6846027
30 593 4.0 4.1282535
30 780 5.0 2.7828662
30 2 3.0 3.031784
30 349 3.0 3.5074708
30 500 3.0 3.1057446
30 356 5.0 3.7277875
30 588 5.0 4.4319534
30 44 4.0 3.4211662
30 353 4.0 2.1064117
30 370 2.0 3.4092438
30 380 4.0 3.2066858
30 383 3.0 3.8743243
30 454 3.0 3.2035904
30 466 2.0 3.1671567
30 548 3.0 3.250218
30 223 4.0 3.9296746
30 19 4.0 1.8625156
30 104 4.0 4.716272
30 420 3.0 3.4594052
30 333 4.0 3.0233123
30 337 5.0 4.047694
30 546 1.0 4.890624
31 318 2.0 4.797665
31 474 3.0 2.0170865
31 590 3.0 1.615156
31 858 5.0 4.348919
31 1034 5.0 2.5178745
31 1036 4.0 4.077457
31 1136 5.0 3.7258856
31 1214 3.0 3.0067806
31 1220 5.0 2.7257245
31 1266 5.0 2.4707878
31 1358 4.0 3.072133
31 1580 3.0 2.5280428
31 1610 3.0 1.5095394
31 1748 2.0 2.1871045
31 2001 4.0 3.1681504
31 2467 3.0 5.0
31 2571 3.5 2.1853633
31 2901 4.0 4.6376743
31 2947 2.0 3.0396981
31 3362 3.0 4.6862636
31 3735 3.5 3.986392
31 3836 4.5 2.2845764
31 500 0.5 3.5600886
31 1101 1.0 1.7293723
31 1721 1.0 4.2002845
31 3623 1.0 0.5
31 497 4.0 4.478576
31 588 2.0 1.4498339
31 914 3.0 4.8968973
31 1247 4.0 4.0170994
31 1296 0.5 2.632571
31 1307 0.5 4.0608163
31 1947 0.5 3.0814161
31 2124 3.0 0.5
31 3481 3.5 2.079445
31 4306 1.0 3.6748672
31 5952 0.5 3.7918067
31 6365 3.5 3.3287015
31 6863 2.0 1.2466229
31 2959 4.0 2.997951
31 4448 3.0 2.846954
31 8961 4.0 4.3116455
31 1 3.0 3.6097586
31 95 2.0 1.4157077
31 150 4.0 0.6922992
31 293 1.5 3.9698658
31 464 3.0 3.2830262
31 485 3.0 1.3386359
31 520 3.0 0.8335949
31 1090 4.0 4.692728
31 1408 4.5 2.9216864
31 1674 3.0 1.7032558
31 1687 0.5 2.2774172
31 1960 3.0 2.7473474
31 2058 2.0 4.5543094
31 2952 5.0 3.8676677
31 3246 5.0 1.8995763
31 161 3.0 0.5
31 653 0.5 2.1271806
31 1095 5.0 2.5804327
31 551 3.0 5.0
31 923 4.5 2.7348125
31 1079 4.0 5.0
31 1231 4.5 3.962979
31 1274 4.0 1.083021
31 2019 4.0 3.2912312
31 2300 4.5 5.0
31 3000 3.0 3.1748323
31 3253 3.0 4.9298
31 3504 4.5 4.270267
31 4009 3.5 3.5883644
31 4294 5.0 1.7391466
31 5617 3.0 1.7644223
31 6104 4.0 1.7854264
31 7156 5.0 2.4400902
31 8636 3.0 3.1573348
31 8665 5.0 3.7512722
31 5502 0.5 5.0
31 5506 3.0 1.1991515
31 2082 0.5 3.0529644
31 2123 2.0 3.3892205
31 2139 4.0 3.6198723
31 4308 3.0 3.640803
31 6794 0.5 3.3201752
31 8641 4.5 1.4937813
31 26 2.0 3.1307557
31 306 2.0 3.6503575
31 1178 5.0 3.098102
31 1284 5.0 2.4399843
31 1941 2.0 4.6676126
31 2105 3.0 1.9378731
31 2644 2.0 3.7137768
31 832 2.0 3.554134
31 107 0.5 4.7184935
31 1831 0.5 0.61492276
31 3083 3.0 5.0
31 3269 0.5 3.1843688
31 3484 0.5 3.0185146
31 4235 5.0 3.8314142
31 6016 5.0 3.3717163
31 7445 4.0 3.7852366
31 33794 2.0 2.6139843
31 44199 5.0 2.533935
31 2616 3.0 4.1149316
31 3016 4.5 2.0773
31 1010 0.5 3.5582004
31 1273 5.0 2.3006094
31 2072 3.0 2.793761
31 3196 4.0 4.221121
31 3712 0.5 4.39015
31 555 4.0 0.9030418
31 70 4.0 2.9474342
31 162 5.0 3.6971548
31 176 0.5 4.620992
31 188 0.5 2.2112224
31 308 2.0 4.148453
31 407 5.0 3.185551
31 481 0.5 3.6579888
31 694 0.5 2.967168
31 1007 0.5 4.5990586
31 1012 3.0 1.6520405
31 1015 0.5 3.033445
31 1128 2.0 1.136903
31 1147 3.0 2.957323
31 1162 4.0 1.6029414
31 1218 4.0 3.4483116
31 1279 3.5 4.006217
31 1342 3.0 3.6496565
31 1483 5.0 2.4568212
31 1587 5.0 5.0
31 1665 0.5 2.5299532
31 1676 5.0 2.9278002
31 1694 5.0 4.1282234
31 1889 5.0 5.0
31 1920 0.5 3.2259955
31 2027 0.5 1.2879896
31 2048 2.0 2.9914105
31 2051 0.5 2.8851058
31 2090 2.0 5.0
31 2119 2.0 3.9652631
31 2275 3.0 2.5578237
31 2301 3.0 4.2239637
31 2344 3.0 1.2467512
31 2348 5.0 2.6993206
31 2394 0.5 3.679122
31 2459 5.0 3.060873
31 2460 4.5 3.4213948
31 2561 4.0 4.793149
31 2596 2.0 4.504261
31 2606 4.0 1.7720906
31 2707 1.5 2.8044617
31 2718 3.0 4.4584703
31 2732 0.5 3.2875676
31 2788 4.0 2.188579
31 2798 0.5 2.7090998
31 2810 0.5 3.8658981
31 2892 5.0 4.0307693
31 2924 3.0 4.200861
31 2953 0.5 4.3584266
31 2976 5.0 5.0
31 3030 5.0 2.570581
31 3067 4.0 3.6493402
31 3181 4.5 3.9360325
31 3238 4.5 1.3604031
31 3262 5.0 3.7999554
31 3431 3.5 3.3792393
31 3441 4.0 2.9146435
31 3521 5.0 3.989789
31 3622 4.0 5.0
31 3704 2.0 3.416524
31 3717 1.0 3.0089805
31 3727 5.0 3.74265
31 3730 5.0 3.8877249
31 3753 0.5 4.356009
31 3760 3.0 1.6726136
31 3802 2.0 4.4803805
31 3811 5.0 3.2534294
31 3837 3.5 3.0053546
31 3838 3.5 4.441128
31 3873 5.0 3.3007543
31 3892 3.0 3.1340647
31 3955 0.5 1.6921883
31 4020 3.0 4.556567
31 4066 0.5 0.5
31 4113 0.5 3.870218
31 4232 2.0 2.9734204
31 4299 4.0 3.2948427
31 4329 5.0 3.2252004
31 4380 3.5 5.0
31 4406 5.0 5.0
31 4498 2.0 1.3831964
31 4571 3.0 3.0923605
31 4616 3.0 5.0
31 4649 4.0 4.785698
31 4698 4.5 5.0
31 4776 3.0 4.988873
31 4816 3.0 3.2598732
31 4826 5.0 5.0
31 4862 0.5 5.0
31 4901 2.0 3.7977026
31 4980 3.5 4.4553385
31 5102 0.5 4.2170744
31 5137 3.0 4.652665
31 5165 2.0 3.922672
31 5184 4.5 3.545099
31 5293 0.5 5.0
31 5500 3.0 1.4009045
31 5509 5.0 4.5779448
31 5531 2.0 4.8843036
31 5602 3.5 3.6244733
31 5692 2.5 3.198543
31 5712 2.0 5.0
31 5780 4.5 3.5273964
31 5808 4.5 4.45355
31 5891 0.5 3.8531175
31 5909 5.0 4.5758305
31 5959 4.5 3.499283
31 6047 3.5 2.962958
31 6148 5.0 3.4174197
31 6213 2.0 2.8608954
31 6222 4.5 4.9670057
31 6290 5.0 2.22637
31 6378 2.0 4.07016
31 6500 3.5 5.0
31 6534 1.0 4.345613
31 6552 2.0 1.6717954
31 6618 3.5 1.438683
31 6666 4.0 3.1753137
31 6721 3.5 5.0
31 6817 5.0 4.4287095
31 6820 2.0 3.1609635
31 6857 4.5 5.0
31 6873 5.0 3.327823
31 7056 4.5 3.328433
31 7104 3.5 2.866252
31 7223 3.5 3.8096838
31 7235 5.0 2.1137178
31 7286 4.5 3.1187882
31 7347 3.0 4.2496257
31 7439 2.5 4.6791534
31 7897 4.5 1.445843
31 8042 5.0 4.964578
31 8198 4.0 4.4444933
31 8370 4.5 1.6796143
31 8527 5.0 2.9179525
31 8711 3.0 2.3135316
31 26172 4.0 3.3297322
31 30707 5.0 0.5
31 31485 3.0 2.7579658
31 32371 3.0 3.8556135
31 32892 4.5 2.5809193
31 34319 5.0 4.6378226
31 37386 2.5 1.8351953
31 37733 5.0 1.9877523
31 53127 5.0 3.6698668
32 432 4.0 3.5017986
32 1198 5.0 3.7693331
32 2011 5.0 4.297072
32 3363 4.0 4.160996
32 1101 4.5 4.180565
32 2384 3.5 5.0
32 7153 5.0 5.0
32 7 3.0 4.1770983
32 3481 3.5 5.0
32 6863 4.0 4.841641
32 529 4.0 2.8566089
32 1225 5.0 4.317547
32 1393 3.5 2.3641589
32 2352 3.5 4.145459
32 3448 4.0 3.0319428
32 2094 4.0 3.6838222
32 1562 4.0 3.8189728
32 4002 4.5 4.40446
32 2915 2.5 4.123443
32 3255 3.0 3.4064956
33 1372 4.0 3.427132
33 1282 3.0 3.3780599
33 596 2.5 3.2599015
33 4886 4.5 4.089904
33 38038 0.5 3.48862
33 39435 4.0 3.1947818
34 593 4.0 3.2011578
34 165 4.0 3.0131764
34 434 3.0 2.6639442
34 442 3.0 3.2384987
34 168 3.0 2.7368836
35 48 3.0 2.9080384
35 8961 3.5 3.7935262
35 145 4.0 3.1314077
35 3948 3.5 2.5629444
35 2006 2.5 4.445121
36 260 2.0 2.8805754
36 457 4.0 4.451233
36 480 3.0 3.5814354
36 1127 4.0 3.4445667
36 1214 2.0 3.760337
36 1610 2.5 3.5994108
36 1909 4.0 4.203719
36 2012 1.5 4.0620513
36 2407 3.0 2.9391513
36 3408 4.0 3.140418
36 265 4.5 2.977219
36 4022 2.0 2.7203147
36 2565 3.5 2.9644997
36 4886 3.5 4.4517927
36 282 4.0 4.3093033
36 1302 2.5 2.518722
36 2353 2.5 3.22172
36 161 2.5 1.9456906
36 508 4.0 3.7892926
36 3994 3.0 1.9906636
36 4226 0.5 1.5690725
36 5377 3.0 2.9211316
36 4246 3.0 3.5543516
36 5995 1.0 3.8240333
36 6979 3.0 2.4445734
36 2140 3.0 4.0630364
36 4019 3.5 2.8050551
36 5010 5.0 3.4659894
36 8798 3.0 5.0
36 33493 2.0 2.4545782
36 1061 2.5 2.9764414
36 1271 3.0 2.9832852
36 2336 3.5 3.0594487
36 3179 4.0 2.6477475
36 4465 4.0 2.7735384
36 5064 2.5 5.0
36 7162 3.5 2.8616776
36 7579 2.0 3.0114453
37 541 4.0 2.9405067
37 780 5.0 3.606638
37 1198 4.5 4.713723
37 1219 3.0 4.6127853
37 2571 5.0 4.8625145
37 2716 3.5 3.5799282
37 2948 3.0 4.0162535
37 2617 2.5 3.8450968
37 7153 5.0 4.8783517
37 1961 4.0 4.190358
37 5446 2.0 3.5836456
37 2959 5.0 4.3948183
37 58559 2.0 4.1806316
37 74458 3.5 4.0530405
37 2502 5.0 4.270033
37 8636 3.0 3.627964
37 1193 4.0 3.7709272
37 2657 1.0 4.440051
37 44191 5.0 3.9235604
37 2706 4.0 3.9030232
37 56174 3.0 3.9493904
37 40815 4.0 3.98881
37 4623 3.5 3.5597377
37 4994 3.0 3.73136
37 6373 4.0 3.2868927
37 6934 3.5 3.7428463
37 52245 4.0 4.5230503
38 32 4.5 4.6042504
38 260 4.5 5.0
38 1580 4.5 3.9155855
38 647 3.5 3.1322355
38 4226 4.5 4.2199426
38 5349 4.0 4.0775356
38 68954 4.0 3.8866687
38 1479 3.0 4.555831
38 2490 3.0 4.7549644
38 68358 4.5 4.0881147
38 27904 4.0 3.9687338
38 52281 5.0 4.8964567
38 80917 4.0 3.4301836
39 457 1.5 1.5570624
39 1199 3.5 3.2258627
39 1262 3.5 3.380566
39 6365 0.5 2.3847835
39 2959 4.0 2.933169
39 58559 2.5 2.5315802
39 106487 0.5 2.6518989
39 1 5.0 3.3607194
39 1225 4.0 5.0
39 1302 3.5 2.689628
39 4011 3.0 2.6497226
39 4226 3.0 3.677526
39 6934 0.5 5.0
39 5971 4.0 2.6675096
39 91542 1.0 2.1084528
39 109487 2.5 5.0
40 589 4.0 3.461939
40 1321 3.5 4.0376577
40 1356 4.0 3.8821
40 1580 3.5 3.3928661
40 2692 3.5 3.577093
40 3578 3.5 3.6866643
40 2 4.0 2.936691
40 2291 4.5 2.4306135
40 7153 5.0 3.4722924
40 1230 3.0 3.3177326
40 1282 3.0 3.4700434
40 180 4.0 3.8116703
40 2683 3.0 3.8574564
40 4306 2.0 3.5416415
40 2959 3.0 3.9546635
40 97752 5.0 3.209841
40 103253 3.5 2.8654938
40 158 3.0 3.3218875
40 2329 2.0 4.05593
40 2700 2.0 2.756902
40 3671 4.0 3.962217
40 4226 4.0 3.570665
40 5349 4.0 3.5222187
40 8874 3.5 3.4002628
40 673 3.5 3.3207924
40 1917 3.0 3.700505
40 2018 3.0 3.5328653
40 6502 4.0 3.9824378
40 35836 3.5 3.348231
40 39183 5.0 3.3677378
40 45517 3.0 3.5825047
40 61024 4.0 2.7155762
40 69122 2.0 3.3146951
40 784 3.0 3.6746883
40 4754 2.5 3.5536473
40 709 3.0 3.2705212
40 1202 4.5 3.4200568
40 1342 4.0 3.8288608
40 2033 2.0 3.8371243
40 2694 2.0 3.4879587
40 3034 3.0 3.3496346
40 4103 4.0 4.4979324
40 4816 3.5 2.9944055
40 4865 4.0 3.056902
40 34048 3.5 3.43816
40 8644 4.0 2.2796202
40 53464 3.0 3.5331266
40 5903 2.5 3.734551
40 27611 5.0 3.2916977
40 68237 4.0 3.584637
40 70286 4.0 4.2445397
40 48394 5.0 4.0086637
40 90469 3.5 2.7225573
40 109487 4.0 3.3064737
40 609 3.0 3.9158697
40 2161 5.0 2.7007232
40 2340 4.0 3.2004597
40 2541 3.0 3.1279247
40 3615 3.0 3.69151
40 3624 3.5 2.474027
40 6541 3.5 3.1748285
40 6882 4.5 3.5454679
40 8972 3.0 3.9756625
40 26903 3.0 3.9298222
40 31685 3.0 3.8288834
40 34143 2.5 3.0786538
40 37729 4.5 3.5271664
40 37741 5.0 2.949709
40 51939 3.0 4.2539954
40 53519 4.0 3.3469412
40 54001 3.0 3.3253973
40 56757 5.0 3.9233882
40 60293 4.0 4.401646
40 65868 4.0 3.5041938
40 80463 3.5 4.2619944
40 84152 4.0 3.9442217
40 87306 4.0 3.2742016
40 88744 4.0 3.4431634
40 95309 4.5 3.5937676
40 96737 5.0 3.572101
40 98809 4.0 3.4850147
40 103249 4.5 3.3167968
40 107057 4.0 3.0850642
41 594 5.0 4.7581778
41 1028 5.0 4.4201627
41 1566 4.0 3.4329123
41 2746 5.0 4.4513106
41 73 5.0 5.0
42 296 4.0 3.2048655
42 593 2.0 3.0929325
42 440 3.0 2.9199548
42 235 2.0 2.3322911
42 218 3.0 1.0193118
43 21 3.0 3.3340178
43 161 3.0 3.2793128
43 194 4.0 3.7662523
43 302 5.0 4.4041085
44 457 3.5 4.245432
44 541 5.0 3.3994892
44 589 4.0 4.202265
44 592 4.5 3.605543
44 1089 4.0 4.06749
44 1196 4.0 3.921104
44 1221 4.0 4.1259036
44 1527 3.5 3.0957131
44 1732 4.5 3.5830376
44 2407 3.5 3.800236
44 2571 4.5 4.138229
44 2858 4.0 4.5559344
44 2947 4.0 4.395102
44 3408 4.0 3.849407
44 60069 5.0 4.697698
44 2762 4.5 3.8739858
44 88125 4.0 4.24462
44 1 3.5 4.082783
44 1090 4.0 3.9164014
44 1079 3.5 4.4699035
44 1204 4.0 3.3526716
44 7361 5.0 4.610894
44 32587 4.0 4.2278132
44 145 3.5 4.0714703
44 30793 2.5 3.8323214
44 68954 5.0 3.665519
44 72011 4.0 3.912393
44 72226 4.0 4.4508753
44 3081 4.5 3.598786
44 48780 5.0 3.953847
44 70286 4.0 4.1629715
44 91542 4.0 3.5847313
44 103228 3.0 4.2459784
44 76251 5.0 4.134888
44 81591 5.0 3.7063463
44 81847 4.0 4.0153356
44 82459 3.5 3.8423548
44 88744 3.5 3.7968445
44 98809 3.5 3.4225914
44 59369 3.5 3.8337722
44 64614 4.0 4.2791834
44 69844 3.5 3.2018783
44 81834 3.5 3.305811
44 92259 4.5 3.3055053
45 296 5.0 5.0
45 480 3.0 4.392431
45 608 5.0 3.8222914
45 1089 5.0 4.355653
45 1196 5.0 4.5941606
45 1199 5.0 4.513707
45 1200 5.0 3.694732
45 1220 5.0 3.41559
45 1234 4.0 3.5113502
45 1259 4.0 4.17912
45 1304 5.0 4.4084578
45 1372 4.0 3.202474
45 1378 4.0 3.2980475
45 1396 3.0 2.7689989
45 1954 5.0 3.8615012
45 2407 3.0 3.943375
45 2804 5.0 4.046483
45 2985 3.0 3.1686845
45 2 2.0 4.2019544
45 953 5.0 3.9206877
45 1721 2.0 3.7953246
45 2406 4.0 3.434125
45 2640 3.0 4.7243013
45 3996 5.0 3.8529463
45 1035 5.0 3.6662483
45 1282 5.0 4.4910665
45 1285 5.0 3.0104308
45 62 3.0 3.6255398
45 1678 4.0 3.2427838
45 3481 5.0 4.2351713
45 1 4.0 4.523499
45 586 4.0 3.5550976
45 1225 4.0 4.191921
45 1263 5.0 5.0
45 1293 5.0 3.899831
45 2021 4.0 4.040423
45 2797 4.0 2.9751945
45 2918 5.0 4.725061
45 3176 4.0 3.5901043
45 3418 4.0 3.8508706
45 151 3.0 4.3428836
45 222 3.0 2.730401
45 1125 4.0 4.165155
45 223 4.0 4.336084
45 1673 4.0 3.280975
45 2144 3.0 4.7443852
45 2371 3.0 3.5545266
45 2871 5.0 4.25108
45 2993 4.0 4.381851
45 3108 5.0 4.50453
45 1784 4.0 3.07075
45 1193 5.0 4.1424046
45 837 3.0 4.11354
45 1688 3.0 3.196226
45 2078 5.0 3.1253037
45 904 5.0 3.6170678
45 969 4.0 5.0
45 1250 4.0 4.1458206
45 1690 4.0 4.0790715
45 1924 4.0 3.060501
45 2105 4.0 3.621432
45 2551 4.0 3.8477674
45 2657 5.0 3.7486515
45 1354 4.0 4.9395356
45 1544 3.0 3.6590035
45 1974 3.0 4.708598
45 1513 3.0 4.198404
45 519 2.0 2.7047555
45 1371 3.0 3.4058828
45 1373 1.0 3.723291
45 1273 4.0 4.9315248
45 337 5.0 4.2216487
45 2033 3.0 3.6273973
45 2140 4.0 5.0
45 2301 4.0 4.432327
45 2413 3.0 3.5450752
45 2513 2.0 3.0835667
45 2745 4.0 4.453852
45 2161 3.0 2.955077
45 2313 4.0 4.05801
45 307 5.0 4.6459484
45 538 4.0 3.7896943
45 866 1.0 3.1722274
45 1030 3.0 4.106234
45 1185 4.0 4.707355
45 1300 4.0 3.6464884
45 2034 4.0 2.896138
45 2091 3.0 2.9653895
45 2122 3.0 3.693792
45 2145 3.0 3.9148355
45 2232 3.0 3.9748218
45 2263 4.0 2.7079213
45 2410 2.0 2.9489996
45 2411 2.0 4.302849
45 2414 2.0 2.9140546
45 2481 4.0 2.9181452
45 3819 5.0 2.9215617
45 3852 3.0 4.8266683
46 3476 4.0 3.980369
46 3744 4.0 4.363023
46 3751 4.0 4.221477
46 3483 4.0 4.624057
46 253 5.0 2.7803202
46 3081 4.0 4.063375
46 1320 3.0 4.02638
46 70 2.0 3.7691782
46 2976 3.0 3.493221
46 3301 4.0 3.8265975
46 3826 3.0 3.2490954
46 879 2.0 3.1141279
46 2826 5.0 4.50545
47 457 4.0 4.435208
47 590 3.0 3.6397066
47 592 4.0 3.5858266
48 1240 4.0 3.6404796
48 1270 5.0 3.172363
48 1387 5.0 4.113951
48 1573 4.0 4.3816824
48 3793 5.0 4.1566615
48 153 4.0 3.9623795
48 2384 2.0 4.3270454
48 2617 5.0 4.7416086
48 3996 5.0 2.9316373
48 3 3.0 4.6274786
48 5 4.0 3.86669
48 48 3.0 1.6252742
48 594 3.0 5.0
48 595 3.0 4.1299143
48 1022 2.0 4.0314217
48 2017 3.0 2.5733216
48 2081 3.0 3.4978554
48 1246 3.0 4.3406563
48 1499 4.0 3.605173
48 2124 3.0 4.5728717
48 10 5.0 3.909248
48 44 5.0 4.292813
48 160 4.0 2.5704606
48 208 5.0 3.5223334
48 370 4.0 2.9479601
48 442 5.0 3.568965
48 2628 5.0 3.05279
48 2918 4.0 3.4508877
48 2174 4.0 3.682744
48 2700 5.0 2.858022
48 4034 3.0 3.1770244
48 4226 5.0 4.3055954
48 104 5.0 4.8387794
48 435 3.0 4.2001595
48 661 3.0 4.309553
48 1967 3.0 3.8811505
48 2078 3.0 3.747774
48 2082 4.0 4.145327
48 2142 3.0 4.3521633
48 3114 5.0 3.973403
48 3988 3.0 3.5024312
48 107 5.0 4.2060995
48 1320 5.0 3.3816907
48 1562 4.0 3.7232308
48 2717 4.0 3.526417
48 1779 4.0 3.9048517
48 2393 4.0 3.338961
48 546 4.0 3.7465262
48 709 3.0 3.8043675
48 1681 5.0 3.7667232
48 1713 4.0 3.178178
48 2033 2.0 4.4354005
48 2048 3.0 4.109343
48 2089 3.0 4.3972044
48 2301 4.0 3.7634711
48 3175 5.0 3.4351969
48 3536 3.0 3.404563
48 4016 5.0 3.7784653
48 3617 5.0 4.1758327
48 3785 4.0 4.05712
48 252 4.0 3.6871455
48 637 4.0 3.6787605
48 688 3.0 2.7310886
48 737 2.0 4.089949
48 2060 5.0 3.4470053
48 2296 3.0 4.023302
48 2498 3.0 3.8361886
48 2555 2.0 2.4939718
48 3999 5.0 2.4372845
48 4104 4.0 3.8377445
48 4477 5.0 3.8454099
48 4545 3.0 4.0206037
49 1210 3.0 4.0161858
49 2976 4.0 2.5269856
49 2772 3.0 3.7748256
49 3453 2.0 3.985343
50 2407 3.0 2.4326227
50 2529 5.0 2.7830715
50 3793 3.5 4.827484
50 1249 1.5 4.4937067
50 5299 3.0 2.7894397
50 4014 4.0 4.3905525
50 4886 5.0 4.290255
50 647 4.5 2.9691002
50 6807 5.0 3.5662587
50 5481 4.0 3.11029
50 5444 4.5 3.4599564
50 2393 4.5 4.3593416
50 5944 4.5 4.028265
50 5064 4.0 3.2038524
50 4016 5.0 4.2426043
50 4638 4.5 3.401527
50 3986 3.5 3.296995
50 3155 3.5 4.5039062
50 3534 3.5 3.0551765
50 4975 3.0 3.950246
50 5480 4.5 4.186339
50 5957 3.5 4.7212367
50 6564 5.0 3.103258
51 110 5.0 4.097429
51 318 4.0 4.9790983
51 480 3.0 3.560166
51 527 5.0 4.379829
51 589 3.0 3.1304505
51 593 5.0 5.0
51 1092 3.0 3.505124
51 1258 4.0 4.575608
51 1333 4.0 3.246586
51 1527 5.0 3.793217
51 1994 5.0 5.0
51 2916 4.0 3.8873622
51 2291 3.0 1.8743422
51 2396 5.0 3.0990956
51 2712 3.0 2.0340955
51 39 4.0 4.3739944
51 1247 3.0 3.4615247
51 2997 2.0 1.2260362
51 4148 3.0 2.8476834
51 2719 1.0 1.5255804
51 2762 4.0 3.5404155
51 150 4.0 2.9560485
51 282 3.0 4.0636125
51 2599 5.0 4.536956
51 4226 5.0 2.5981715
51 4246 3.0 4.665076
51 4963 5.0 2.543346
51 2746 2.0 2.7034018
51 288 5.0 2.534571
51 1093 3.0 3.0668736
51 1388 2.0 0.5
51 866 5.0 2.9156458
51 2279 2.0 3.796991
51 2369 3.0 4.9185696
51 3409 2.0 3.5174804
51 3797 1.0 4.436537
51 3973 1.0 4.173737
52 260 3.5 3.7991836
52 1127 2.5 3.2756505
52 1214 4.5 3.2857735
52 1258 4.0 4.122391
52 1387 4.0 3.5724385
52 1407 2.0 2.7407138
52 1994 3.5 5.0
52 1997 5.0 4.097886
52 2003 3.0 3.241699
52 2532 3.0 3.8371103
52 2713 3.0 2.4207876
52 2791 3.0 3.1641567
52 3018 4.0 3.641041
52 3703 4.0 2.7266316
52 1101 3.0 2.6101036
52 1644 2.5 3.066773
52 3503 3.5 1.4993325
52 6250 1.0 2.8980765
52 2719 3.0 2.747162
52 173 1.5 3.0913305
52 196 2.5 3.672021
52 2797 1.0 4.717497
52 923 4.0 3.3520129
52 5349 5.0 2.7752411
52 1917 0.5 2.7400575
52 1924 2.5 2.4322147
52 327 1.0 1.6194154
52 1974 4.0 2.0291893
52 1987 3.0 4.1059837
52 2717 1.5 2.161781
52 2903 3.0 4.330591
52 1995 2.5 3.9666781
52 426 3.5 2.5809343
52 610 3.0 2.614009
52 2119 2.5 2.7520227
52 2517 3.5 4.115847
52 2898 2.5 3.0350351
52 3499 1.0 3.675799
52 3802 1.0 4.8579226
52 3838 3.5 3.7316663
52 4735 3.5 3.0074866
52 5219 3.5 3.115828
52 5609 3.5 2.829758
52 6379 2.5 2.3704596
52 6500 2.5 4.231594
52 6707 4.0 3.8216617
52 6754 4.0 1.5437467
52 7236 2.0 2.7521727
52 7360 4.0 4.0501814
52 7387 4.5 3.538835
52 7951 3.0 4.643957
52 8501 4.5 3.8823311
52 33493 3.0 3.9917567
52 7254 4.0 2.330272
52 8957 3.0 4.0355062
52 1077 1.5 3.2741766
52 2232 4.0 3.0880272
52 2120 2.0 2.8077965
52 2995 3.5 1.7579305
52 3785 3.0 4.030337
52 1330 1.0 2.0143602
52 2279 2.0 3.0218987
52 3973 3.0 3.8494625
52 220 3.0 2.7523112
52 674 3.5 4.3846326
52 891 2.0 3.48093
52 1168 1.0 3.82956
52 1335 2.5 3.1937537
52 1341 2.5 3.9470787
52 1355 1.5 4.6282516
52 1976 2.5 3.9908123
52 1979 2.0 3.8901362
52 1984 3.5 2.4676452
52 1986 2.5 3.117163
52 2113 2.5 3.2622426
52 2149 2.0 3.558078
52 2158 4.0 1.3513818
52 2256 3.0 3.8635192
52 2368 2.5 4.9035945
52 2462 2.0 2.9999964
52 2613 2.5 3.8694599
52 2634 3.5 5.0
52 2668 2.0 3.2219331
52 2783 3.0 2.9838424
52 2789 3.0 0.9802838
52 2992 3.5 3.3760755
52 3017 1.5 5.0
52 3024 3.0 2.8078287
52 3026 2.5 4.1747413
52 3205 4.5 3.002456
52 3216 2.5 4.1418967
52 3294 2.5 2.8076196
52 3344 3.5 5.0
52 3563 2.0 1.1044695
52 3621 3.5 4.2966514
52 3660 1.0 3.6214929
52 3662 1.0 4.123367
52 3664 1.5 3.6940322
52 3666 0.5 4.389778
52 3708 2.5 4.838462
52 3757 2.5 4.217905
52 3919 2.5 3.4227722
52 3930 3.5 2.5089235
52 3931 3.0 3.1052516
52 4096 3.0 3.261025
52 4195 3.5 2.6291687
52 4417 4.0 2.1429312
52 4430 1.5 4.7456274
52 4501 0.5 4.4709625
52 4532 2.5 3.0607586
52 4560 3.0 3.879026
52 4580 3.0 3.6835713
52 4658 4.0 4.0189586
52 4682 3.0 2.9869347
52 4893 3.0 3.3510075
52 5206 3.5 2.8247066
52 5310 1.5 2.285665
52 5489 1.0 3.4632833
52 5567 2.5 4.2916274
52 5606 3.0 3.8547952
52 5715 3.5 2.160996
52 5731 2.5 3.141399
52 5771 3.5 2.510623
52 5779 2.5 3.2776096
52 5833 0.5 4.7382565
52 5884 3.0 3.6880257
52 5983 3.5 4.109087
52 6140 5.0 2.1942809
52 6653 4.5 2.743232
52 6744 2.0 4.303814
52 6746 2.0 3.0739214
52 6966 3.0 3.7348015
52 7001 1.5 3.4239626
52 7281 3.5 5.0
52 7402 2.5 4.5641375
52 7564 4.0 4.4133697
52 7650 3.5 3.8521276
52 7845 2.0 4.3807416
52 8206 3.5 2.6736102
52 8225 0.5 2.3399568
52 8783 2.5 2.1654172
52 8815 3.0 2.5775802
52 8906 3.0 4.7850504
52 27317 4.0 3.9200473
53 593 5.0 4.720926
53 2355 4.0 4.216717
53 2688 4.0 2.5043569
53 2881 3.0 2.8918188
53 2333 1.0 1.0368752
54 1291 4.0 3.2507403
54 2384 4.0 4.0030084
54 6365 3.0 2.521983
54 58559 4.0 4.522475
54 79132 4.5 4.776575
54 2728 2.0 0.96477914
54 3198 5.0 5.0
54 6502 5.0 2.953642
54 44199 4.0 1.6155813
54 57274 4.0 3.9646025
54 2403 4.0 3.2737613
54 49272 3.0 3.3591297
54 81591 3.5 4.333702
54 84392 4.5 5.0
54 1405 0.5 3.9110534
54 1515 1.0 3.4569979
54 3461 3.5 2.9240065
54 6059 4.0 1.4658339
54 47099 4.5 3.4899683
54 58295 5.0 3.4088295
54 80398 4.5 2.7468066
54 82242 0.5 3.681663
55 1219 5.0 4.7545643
55 594 3.0 5.0
55 914 5.0 5.0
55 1282 5.0 5.0
55 1131 5.0 3.8946884
55 3252 4.0 3.3745809
55 154 5.0 5.0
55 969 5.0 5.0
55 2075 5.0 4.8512125
55 1281 5.0 4.569761
55 3742 5.0 4.333355
55 1066 5.0 4.5335083
55 2069 5.0 4.3468604
55 3496 5.0 4.4078693
56 2401 3.0 3.886216
56 1249 5.0 4.1564503
56 1263 4.0 4.121241
56 1299 5.0 4.463017
56 1203 5.0 4.759989
56 1945 3.0 4.1412597
56 919 5.0 3.0901184
56 3114 5.0 3.5939212
56 1256 4.0 3.1125555
56 1267 5.0 3.0652003
56 2324 4.0 4.37017
56 2313 5.0 4.3043733
57 356 3.0 3.3203907
57 4014 4.0 4.3969884
57 8665 4.0 3.633966
57 1344 0.5 3.8907084
57 4007 3.0 4.325051
57 2161 0.5 2.8787532
58 780 3.0 4.015316
58 736 3.0 4.6513696
58 805 4.0 3.3152626
58 673 4.0 5.0
58 1367 4.0 4.4799886
58 86 4.0 4.7023296
58 848 3.0 3.8871696
58 1409 3.0 5.0
58 631 3.0 2.2425542
58 707 3.0 3.481756
58 1426 3.0 3.844982
59 858 5.0 2.3756344
59 1372 4.0 3.960349
59 3424 3.0 4.040307
59 4022 3.0 3.4574587
59 47 5.0 4.5633454
59 733 5.0 4.430628
59 4034 4.0 3.6091483
59 207 3.0 3.438145
59 4025 4.0 2.7638652
59 4161 3.0 2.6293404
59 3863 2.0 4.480392
59 2771 2.0 2.99653
59 1635 3.0 4.453361
59 4220 5.0 2.4727395
60 1197 3.5 3.5922163
60 1208 5.0 3.9451725
60 2248 5.0 3.3241756
60 2716 5.0 3.7685444
60 2858 4.0 4.3883123
60 2917 3.5 3.4348068
60 3386 4.5 2.9078882
60 1059 4.0 3.3859842
60 1747 3.0 4.3557396
60 785 3.5 3.4348252
60 2455 3.5 4.212893
60 3328 3.5 3.4231424
60 4993 4.5 4.4448524
60 6711 4.5 3.0137947
60 1213 4.0 3.501348
60 3000 4.0 4.058275
60 7156 4.0 3.3637102
60 4235 3.5 3.7619417
60 27773 4.0 4.7781134
60 2706 3.5 2.9955156
60 2023 3.5 4.392614
60 1339 4.5 3.5827715
60 101 4.0 3.6491687
60 3809 4.0 4.0894766
60 25995 4.0 3.8229544
60 26471 4.0 4.8955965
60 41627 4.0 3.6548455
60 62437 4.5 4.5228057
61 592 4.0 2.436531
61 648 3.0 3.917523
61 45 4.0 5.0
61 440 4.0 3.2224665
61 345 5.0 4.9513383
61 47 4.0 4.5166407
61 249 4.0 5.0
61 357 4.0 5.0
61 52 4.0 3.4218476
61 515 5.0 5.0
61 337 4.0 4.2216115
61 94 3.0 3.9063497
61 100 3.0 4.2574916
62 7153 4.0 2.362831
62 5 3.0 1.8525742
62 1230 3.0 3.0399027
62 2762 4.0 3.3865662
62 342 3.5 2.896724
62 529 3.0 3.384599
62 151 3.0 3.685954
62 19 1.0 2.3096588
62 2657 2.5 3.0264194
62 337 3.5 1.6640832
62 58 4.5 3.412839
63 858 5.0 4.334644
63 924 5.0 4.037894
63 1136 5.0 4.600667
63 1199 4.0 3.716509
63 1208 5.0 3.5567992
63 1221 4.0 4.6650715
63 1304 3.0 4.630566
63 1387 4.0 4.3697963
63 1954 3.0 4.0298214
63 2001 4.0 3.4995577
63 5060 3.0 4.270708
63 1296 4.0 3.4425452
63 1090 3.0 4.260344
63 1186 3.0 3.024302
63 1231 3.0 3.947059
63 1921 4.0 3.974128
63 1162 5.0 2.7982275
63 1395 3.0 3.6858366
63 1077 3.0 3.3463333
63 1211 5.0 3.2065957
63 1959 3.0 4.4480114
63 702 3.0 3.9494598
63 1082 3.0 3.0605936
63 1161 4.0 3.922831
63 1305 5.0 3.9160445
63 1888 1.0 3.1860342
64 46976 4.5 3.8312006
64 2105 2.5 3.5187864
64 2114 4.0 3.5465086
64 5222 1.5 3.2825513
65 999 4.0 4.8603654
65 1127 2.0 3.2463984
65 1805 3.0 3.4318707
65 412 3.5 3.798179
65 1231 4.5 2.875797
65 6502 3.0 2.929001
65 2094 2.0 2.8190317
65 1320 3.0 2.9684389
65 2641 1.0 2.9260666
65 3510 3.5 3.9725375
65 4792 3.0 3.0513785
65 720 1.0 3.7027445
65 2521 2.0 2.7593758
65 2522 2.0 3.8982725
65 2605 1.0 1.7967889
65 8610 3.5 4.189943
65 43936 3.5 4.452586
66 110 5.0 4.3493347
66 198 5.0 1.8534915
66 480 3.0 3.9159067
66 592 2.0 3.0351834
66 588 4.0 3.910958
66 434 3.0 2.2287834
66 551 2.0 4.244267
66 145 4.0 3.6864977
66 519 2.0 3.7617567
66 709 5.0 3.5316565
66 239 3.0 2.852389
66 533 3.0 4.123029
67 527 4.0 4.3627715
67 34 3.0 3.6413722
67 364 4.0 4.1586075
67 339 3.0 3.7229018
67 595 3.0 4.378293
67 329 4.0 4.1966424
68 590 5.0 3.812548
68 780 4.0 3.3087513
68 2028 5.0 3.6750665
68 2268 4.0 2.2509284
68 364 4.0 4.4516487
68 356 5.0 3.9008982
68 1747 4.0 3.8161952
68 1213 4.0 3.1294913
68 300 4.0 4.5676126
68 1784 5.0 4.2273664
68 2392 1.0 3.1963117
68 73 4.0 4.5821066
68 506 5.0 4.0886703
69 924 5.0 3.8113449
69 1214 5.0 4.503641
69 1227 5.0 4.633845
69 1265 5.0 4.635044
69 1266 4.0 4.1401396
69 1580 5.0 4.490524
69 1953 5.0 3.1682491
69 2194 3.0 4.0861397
69 2692 4.0 5.0
69 2917 4.0 3.0270634
69 2944 5.0 5.0
69 2951 5.0 3.9725761
69 2985 5.0 3.0496829
69 364 5.0 5.0
69 2396 5.0 3.9048617
69 899 5.0 4.7074285
69 2087 5.0 3.846119
69 1186 5.0 4.6287746
69 3072 5.0 4.724924
69 446 5.0 4.8885813
69 1095 5.0 4.3573728
69 1248 4.0 4.7279263
69 2300 5.0 5.0
69 2700 4.0 2.048433
69 911 5.0 3.2213948
69 1250 5.0 5.0
69 3075 5.0 3.393351
69 232 5.0 4.6311536
69 659 5.0 3.9789646
69 2732 5.0 3.2128193
69 3019 4.0 4.6012707
69 3435 5.0 3.3100495
69 3598 1.0 4.8482313
69 4339 3.0 1.8849381
69 1277 5.0 3.1810293
69 1594 5.0 5.0
69 3819 5.0 2.577466
69 1948 5.0 3.80092
69 495 5.0 3.3468003
69 1169 5.0 4.1235633
69 2068 5.0 4.9193916
69 2632 5.0 4.056914
69 2925 5.0 5.0
69 3788 5.0 2.734487
69 4191 5.0 3.277491
69 4296 1.0 4.8868117
69 4331 4.0 3.5462842
69 4705 5.0 3.8230033
69 4741 5.0 3.1398666
70 318 4.5 3.8642983
70 480 4.0 3.8773005
70 541 5.0 3.4833677
70 590 4.0 4.1373663
70 1036 5.0 3.8675175
70 1201 4.5 3.691039
70 1258 4.0 3.7673256
70 1270 4.0 4.5864925
70 1347 4.0 4.6680503
70 1374 5.0 3.6571932
70 1407 4.0 3.6169384
70 1500 5.0 4.2736006
70 1573 4.5 3.6713843
70 2028 4.0 3.737525
70 2716 5.0 3.271007
70 2791 3.0 4.0083685
70 2858 4.5 4.3624086
70 2985 4.0 3.4724572
70 3471 4.5 4.3466086
70 736 3.5 3.8262863
70 953 3.5 4.464929
70 7153 5.0 4.612917
70 39 4.0 4.139978
70 594 4.0 4.713893
70 1947 2.5 4.1060724
70 180 4.0 4.130058
70 316 5.0 3.6394613
70 783 4.0 3.5368342
70 2683 5.0 3.5892477
70 4148 3.5 3.7628028
70 4306 5.0 4.1346693
70 4643 3.0 3.5806327
70 6863 4.0 4.3188586
70 2762 4.0 3.983487
70 4886 4.5 4.380686
70 10 4.0 4.5870833
70 231 3.0 3.7124357
70 277 3.5 3.618139
70 357 4.5 4.112788
70 529 4.0 3.7228286
70 1682 3.5 4.0010376
70 168 4.0 3.7043502
70 778 4.5 4.3661327
70 1080 4.0 4.012045
70 1274 5.0 4.601458
70 1641 4.0 4.122703
70 1921 5.0 4.275206
70 2321 4.0 3.8788989
70 3052 5.0 4.4283566
70 3210 5.0 3.4060552
70 3448 4.0 3.0092876
70 3911 4.0 4.425313
70 5618 5.0 3.0833628
70 1917 3.0 4.0931644
70 8360 3.0 2.9568715
70 30793 3.5 4.138637
70 44195 4.5 2.973356
70 910 2.0 3.6949534
70 2105 5.0 3.762815
70 2398 3.0 3.9479556
70 327 3.0 3.781307
70 33794 4.5 3.8077083
70 849 5.0 3.7158358
70 1320 4.0 4.6608753
70 1586 3.0 3.3664207
70 2717 3.0 4.1467524
70 288 5.0 4.211025
70 1513 4.0 3.7573416
70 1676 4.0 4.3334627
70 3698 5.0 3.8292856
70 3717 3.5 4.5653815
70 3740 5.0 3.6368048
70 4239 4.0 3.840578
70 4816 4.0 3.4639006
70 5500 3.0 3.1455858
70 40815 4.0 4.3295116
70 5816 4.0 3.524403
70 52245 4.5 3.864905
70 48394 4.5 3.783899
70 2193 4.0 3.5271132
70 4367 4.0 4.106967
70 4446 4.5 4.012379
70 627 4.0 3.9574769
70 2134 5.0 2.9103632
70 1911 3.0 3.5637524
70 7842 4.5 3.213254
70 46965 3.0 2.2497802
71 50 4.0 5.0
71 2662 4.0 3.7144957
71 3555 1.0 3.5373597
71 65 1.5 3.2268345
72 50 4.0 3.0402842
72 260 3.0 2.9203074
72 593 5.0 3.3017125
72 608 5.0 3.1492357
72 1073 2.0 3.2964468
72 1200 4.0 3.3044622
72 1214 3.0 3.8257663
72 1252 3.0 3.9018428
72 1597 1.0 3.7748537
72 838 3.0 3.9149323
72 899 5.0 3.4238174
72 1288 4.0 3.4681058
72 223 3.0 3.9195
72 1641 5.0 3.520179
72 912 5.0 3.3585272
72 1009 3.0 4.4683824
72 1226 4.0 3.3330722
72 1290 2.0 4.0993776
73 1214 4.0 3.8353882
73 2124 3.0 3.4912682
73 344 2.5 3.0462267
73 529 3.0 3.382658
73 2021 4.5 2.3902638
73 6502 4.0 5.0
73 7345 0.5 3.5772467
73 56176 0.5 3.4042408
73 1690 2.0 3.6380744
73 1320 2.0 3.287702
73 2792 3.5 1.4473385
73 4370 3.5 4.1805186
73 92192 1.5 5.0
73 2117 4.0 4.044006
73 4467 4.0 4.046978
74 1580 4.0 4.2129703
74 508 3.0 3.7915344
74 800 4.0 3.7299743
74 1233 5.0 3.4854696
74 1357 5.0 4.5734253
74 82 5.0 4.432765
74 55 4.0 3.06716
74 92 3.0 1.889246
74 862 4.0 3.8284862
74 1464 4.0 3.8413208
75 110 1.0 3.2325857
75 198 3.0 2.7739022
75 1136 3.0 2.68284
75 1206 2.0 4.2505913
75 1220 3.0 2.4742186
75 1265 3.0 3.2433882
75 1304 3.0 3.427704
75 1358 5.0 3.8150368
75 1387 3.0 3.8409028
75 1394 3.0 4.65864
75 153 2.0 3.5649452
75 1101 2.0 2.127461
75 39 3.0 3.1449409
75 45 3.0 3.3276834
75 588 3.0 3.2514236
75 597 1.0 2.9774244
75 830 3.0 3.1087139
75 898 4.0 2.8535316
75 1029 3.0 3.8999693
75 1285 3.0 3.1957867
75 1307 3.0 3.1951368
75 282 3.0 3.9061348
75 319 3.0 4.1545672
75 344 3.0 3.706024
75 1088 3.0 4.3480406
75 1293 3.0 3.2772326
75 194 4.0 4.1675167
75 1148 5.0 2.9918246
75 1223 3.0 4.84983
75 1224 4.0 3.560879
75 1193 3.0 3.564533
75 253 3.0 2.033877
75 904 3.0 3.8386002
75 910 3.0 3.1841712
75 926 4.0 3.0756936
75 973 3.0 3.8367045
75 1339 3.0 2.17718
75 1480 3.0 3.019225
75 1513 3.0 3.9022355
75 1013 2.0 3.1650443
75 1185 4.0 3.4491854
75 1211 4.0 4.5598
75 879 3.0 3.0578442
75 801 3.0 3.8184192
75 1104 4.0 3.6206198
75 117 3.0 2.8000758
75 148 3.0 2.9317229
75 373 2.0 4.513252
75 574 2.0 4.0998335
75 725 3.0 4.2455945
75 787 4.0 2.426726
75 869 2.0 4.1797967
75 1187 4.0 3.6549098
76 1270 4.0 3.0849922
76 953 3.5 3.2150784
76 72998 2.5 3.813214
76 79132 5.0 3.062779
76 110102 4.5 2.832871
77 50 4.5 4.8369937
77 318 4.0 4.631676
77 590 4.0 3.8157141
77 1221 4.5 4.6744123
77 1287 5.0 4.4581084
77 1617 4.5 3.773882
77 2858 5.0 4.6165047
77 3147 4.0 4.417884
77 105 3.0 3.7608302
77 920 5.0 4.7120953
77 316 2.5 3.0292099
77 1172 4.5 4.2469263
77 1225 4.5 3.707326
77 1682 3.5 3.906389
77 508 5.0 4.5481176
77 4896 4.0 3.0082517
77 207 3.0 3.2483485
77 306 4.5 3.4217625
77 4995 4.5 4.6396656
77 3593 2.0 2.954867
77 5876 4.0 2.7112026
77 6387 4.5 4.3121195
77 307 4.5 4.5623384
77 5992 4.5 3.562606
77 6382 4.0 2.8848267
78 1089 3.5 4.228035
78 3949 4.5 2.7488444
78 4993 4.0 3.4912553
78 74458 4.0 3.7778895
78 293 3.5 3.312051
78 4027 2.5 3.6523826
78 5618 4.5 3.0783458
78 8874 3.0 3.8156958
78 4308 4.0 3.169267
78 6502 1.5 3.3509295
78 56367 3.0 3.3055365
78 66097 3.5 2.7095718
78 68954 5.0 3.6957881
78 69122 3.5 3.107951
78 4235 3.5 3.798356
78 4878 4.5 4.226216
78 30749 4.5 3.7408316
78 44199 4.5 4.16813
78 53318 5.0 3.87272
78 54995 3.5 3.4427965
78 64957 4.5 3.3941073
78 4239 5.0 3.7191489
78 8865 4.0 4.2304535
78 49272 1.5 1.7226199
78 52281 4.5 4.9318748
78 68073 3.0 3.9052546
78 82459 4.0 3.9995677
78 94959 5.0 3.9213228
78 44665 4.0 2.8911774
78 55442 5.0 3.5091484
78 72737 4.5 2.9096463
78 3404 4.0 3.3136268
78 6344 4.5 3.6009557
78 6672 1.0 3.6156983
78 8576 4.5 2.3850794
78 31660 4.5 3.9479346
78 32657 3.5 4.2958183
78 33880 2.5 3.2764673
78 45081 4.0 4.010733
78 55814 3.0 3.12106
78 71108 3.0 3.4333248
78 71745 3.0 3.701923
78 72982 2.0 4.284456
78 73587 4.0 4.6077485
79 32 4.0 4.536301
79 110 4.0 4.8497024
79 260 5.0 4.7508054
79 750 4.0 3.792086
79 1089 4.0 3.438403
79 1196 5.0 4.015893
79 1240 2.0 2.4856703
79 1270 3.0 4.4159155
79 1374 3.0 4.2373667
79 1378 2.0 1.6523166
79 2194 3.0 3.9072053
79 2791 3.0 4.3135815
79 1721 1.0 3.4236145
79 497 5.0 3.4465106
79 1243 5.0 3.8349571
79 1639 3.0 3.2610166
79 1090 2.0 3.8702857
79 1682 4.0 3.232095
79 2021 3.0 3.3607612
79 2797 3.0 3.6690562
79 923 5.0 4.4024334
79 1274 2.0 2.67831
79 2174 2.0 3.7825842
79 2424 3.0 3.7348478
79 1541 3.0 3.1809807
79 232 4.0 3.0320108
79 2006 3.0 4.103611
